109,2007-02-20 00:01:09,121.443100,31.273000,  0, 45,0
109,2007-02-20 00:02:10,121.443100,31.273000,  0, 45,0
109,2007-02-20 00:03:11,121.443100,31.273000,  0, 45,0
109,2007-02-20 00:04:12,121.443100,31.273000,  0, 45,0
109,2007-02-20 00:05:13,121.443100,31.273000,  0, 45,0
109,2007-02-20 00:06:14,121.444500,31.272000, 28, 67,0
109,2007-02-20 00:07:15,121.445300,31.271000, 14, 45,0
109,2007-02-20 00:08:06,121.447600,31.272100,  6, 22,1
109,2007-02-20 00:09:07,121.452500,31.271000, 46, 67,1
109,2007-02-20 00:10:08,121.454600,31.266600, 46, 90,1
109,2007-02-20 00:11:09,121.458100,31.260600, 42, 67,1
109,2007-02-20 00:12:10,121.454100,31.258800, 24,135,1
109,2007-02-20 00:12:30,121.453600,31.258800,  0,135,0
109,2007-02-20 00:13:30,121.453500,31.259800,  6,135,0
109,2007-02-20 00:15:32,121.453600,31.258800, 10, 67,0
109,2007-02-20 00:16:33,121.454600,31.256300, 22, 90,0
109,2007-02-20 00:17:34,121.457100,31.255500, 34, 45,0
109,2007-02-20 00:18:35,121.458800,31.255500,  0, 45,0
109,2007-02-20 00:19:36,121.459300,31.255600, 12,  0,0
109,2007-02-20 00:20:37,121.459100,31.258500, 20,  0,0
109,2007-02-20 00:21:38,121.462500,31.259000, 18, 22,0
109,2007-02-20 00:22:39,121.464000,31.256100, 38, 90,0
109,2007-02-20 00:23:40,121.465000,31.255100, 32, 22,0
109,2007-02-20 00:24:41,121.467300,31.256600, 26, 22,0
109,2007-02-20 00:25:42,121.468300,31.258100, 20,157,0
109,2007-02-20 00:26:43,121.469000,31.259600,  0, 22,0
109,2007-02-20 00:27:44,121.469000,31.259600,  0, 22,0
109,2007-02-20 00:28:45,121.470500,31.259600,  4, 67,0
109,2007-02-20 00:30:47,121.468500,31.257800,  0, 67,0
109,2007-02-20 00:31:48,121.470000,31.256000, 18, 67,0
109,2007-02-20 00:32:49,121.472500,31.254100,  0, 22,0
109,2007-02-20 00:33:50,121.474500,31.255100, 22, 45,0
109,2007-02-20 00:34:51,121.474000,31.257300, 18,157,0
109,2007-02-20 00:35:52,121.473800,31.258000,  0,157,0
109,2007-02-20 00:36:53,121.473100,31.258600,  0,157,0
109,2007-02-20 00:38:55,121.473100,31.258600,  0,157,0
109,2007-02-20 00:39:56,121.473100,31.258600,  0,157,0
109,2007-02-20 00:40:57,121.473100,31.258600,  0,157,0
109,2007-02-20 00:41:58,121.473100,31.258600,  0,157,0
109,2007-02-20 00:42:59,121.473100,31.258600,  0,157,0
109,2007-02-20 00:45:01,121.473300,31.257000, 12, 22,0
109,2007-02-20 00:46:02,121.475600,31.258300, 14, 22,0
109,2007-02-20 00:47:03,121.476000,31.260300, 26, 67,0
109,2007-02-20 00:48:04,121.478000,31.259600,  0, 67,0
109,2007-02-20 00:49:05,121.478800,31.258000, 22, 90,0
109,2007-02-20 00:50:06,121.479300,31.255100, 32, 90,0
109,2007-02-20 00:51:07,121.481300,31.256600, 12, 45,0
109,2007-02-20 00:52:08,121.482800,31.255300, 32, 67,0
109,2007-02-20 00:53:09,121.480100,31.253600, 16,112,0
109,2007-02-20 00:54:10,121.477500,31.252600, 16,112,0
109,2007-02-20 00:55:11,121.475500,31.252500, 16,112,0
109,2007-02-20 00:56:12,121.474600,31.252300,  0,112,0
109,2007-02-20 00:57:13,121.474600,31.252300,  0,112,0
109,2007-02-20 00:58:14,121.474600,31.252300,  0,112,0
109,2007-02-20 01:00:16,121.474600,31.252300,  0,112,0
109,2007-02-20 01:03:19,121.473800,31.253000,  0,157,0
109,2007-02-20 01:05:21,121.473600,31.253000,  0,157,0
109,2007-02-20 01:06:22,121.473600,31.253000,  0,157,0
109,2007-02-20 01:07:23,121.473600,31.253000,  0,157,0
109,2007-02-20 01:08:24,121.473500,31.253300,  0,157,0
109,2007-02-20 01:09:25,121.473500,31.253300,  0,157,0
109,2007-02-20 01:12:28,121.473500,31.253300,  0,157,0
109,2007-02-20 01:13:29,121.473500,31.253300,  0,157,0
109,2007-02-20 01:14:30,121.473500,31.253300,  0,157,0
109,2007-02-20 01:15:31,121.473500,31.253300,  0,157,0
109,2007-02-20 01:16:32,121.473500,31.253300,  0,157,0
109,2007-02-20 01:17:33,121.473500,31.253300,  0,157,0
109,2007-02-20 01:18:34,121.473500,31.253300,  0,157,0
109,2007-02-20 01:19:35,121.473500,31.253300,  0,157,0
109,2007-02-20 01:20:36,121.473500,31.253300,  0,157,0
109,2007-02-20 01:21:36,121.473500,31.253300,  0,157,0
109,2007-02-20 01:24:40,121.473500,31.253300,  0,157,0
109,2007-02-20 01:27:43,121.473500,31.253300,  0,157,0
109,2007-02-20 01:29:45,121.473500,31.253300,  0,157,0
109,2007-02-20 01:30:46,121.473500,31.253300,  0,157,0
109,2007-02-20 01:31:46,121.473500,31.253500,  0,157,0
109,2007-02-20 01:32:48,121.473500,31.253500,  0,157,0
109,2007-02-20 01:33:49,121.473500,31.253500,  0,157,0
109,2007-02-20 01:34:50,121.473500,31.253500,  0,157,0
109,2007-02-20 01:35:51,121.473500,31.253500,  0,157,0
109,2007-02-20 01:36:52,121.473500,31.253500,  0,157,0
109,2007-02-20 01:37:53,121.473500,31.253500,  0,157,0
109,2007-02-20 01:38:54,121.473500,31.253500,  0,157,0
109,2007-02-20 01:39:55,121.473500,31.253500,  0,157,0
109,2007-02-20 01:40:56,121.473500,31.253500,  0,157,0
109,2007-02-20 01:41:56,121.473500,31.253500,  0,157,0
109,2007-02-20 01:43:13,121.472800,31.254500,  0,112,1
109,2007-02-20 01:44:14,121.472600,31.254500,  6,112,1
109,2007-02-20 01:45:15,121.472600,31.251600, 44,135,1
109,2007-02-20 01:46:16,121.469500,31.250600,  0,112,1
109,2007-02-20 01:47:16,121.470600,31.247800,  0, 67,1
109,2007-02-20 01:48:18,121.471500,31.245000, 16, 90,1
109,2007-02-20 01:49:19,121.471800,31.241500,  0,112,1
109,2007-02-20 01:50:20,121.471500,31.241300,  0,135,1
109,2007-02-20 01:51:21,121.471300,31.241100,  0,135,1
109,2007-02-20 01:52:21,121.471100,31.241300,  0, 90,1
109,2007-02-20 01:53:23,121.472000,31.241500,  0, 22,1
109,2007-02-20 01:53:24,121.472000,31.241500,  0, 22,0
109,2007-02-20 01:54:25,121.472100,31.240500,  0, 90,0
109,2007-02-20 01:55:26,121.472100,31.240500,  0, 90,0
109,2007-02-20 01:56:26,121.470100,31.239800, 38,135,0
109,2007-02-20 01:57:28,121.467600,31.242000, 34,157,0
109,2007-02-20 01:58:29,121.466600,31.245800, 26,  0,0
109,2007-02-20 01:59:30,121.468000,31.247000, 14, 45,0
109,2007-02-20 02:00:31,121.470600,31.247600,  6, 45,0
109,2007-02-20 02:01:31,121.469500,31.250100, 20,157,0
109,2007-02-20 02:02:33,121.471500,31.251500,  4, 22,0
109,2007-02-20 02:03:34,121.474500,31.252500, 10,157,0
109,2007-02-20 02:05:36,121.474000,31.252800,  0,  0,0
109,2007-02-20 02:06:36,121.474000,31.252800,  0,  0,0
109,2007-02-20 02:07:38,121.473500,31.253500,  0,157,0
109,2007-02-20 02:08:39,121.473500,31.253500,  0,157,0
109,2007-02-20 02:09:40,121.473000,31.253800, 18,157,0
109,2007-02-20 02:11:41,121.470500,31.257500, 20,157,0
109,2007-02-20 02:12:43,121.468600,31.257800, 12,135,0
109,2007-02-20 02:13:44,121.468500,31.259100,  0, 22,0
109,2007-02-20 02:14:45,121.468500,31.259100, 14,112,0
109,2007-02-20 02:14:46,121.468500,31.259100, 16,112,1
109,2007-02-20 02:15:46,121.465500,31.257500, 12,112,1
109,2007-02-20 02:16:46,121.464000,31.256600,  0,112,1
109,2007-02-20 02:17:48,121.459500,31.255300,  0,135,1
109,2007-02-20 02:18:49,121.459500,31.255300,  0,135,1
109,2007-02-20 02:19:50,121.454600,31.255500, 40,135,1
109,2007-02-20 02:20:51,121.448800,31.256300, 20,135,1
109,2007-02-20 02:21:38,121.448600,31.256300,  0,157,0
109,2007-02-20 02:22:38,121.449000,31.255800, 24, 67,0
109,2007-02-20 02:24:40,121.455300,31.255500, 20, 45,0
109,2007-02-20 02:26:41,121.459600,31.255300, 30, 45,0
109,2007-02-20 02:27:43,121.463800,31.256500, 12, 45,0
109,2007-02-20 02:30:46,121.468300,31.258800, 12, 22,0
109,2007-02-20 02:31:46,121.469600,31.260100, 16, 67,0
109,2007-02-20 02:33:49,121.471800,31.258500,  0, 90,0
109,2007-02-20 02:34:50,121.472500,31.257800, 12, 67,0
109,2007-02-20 02:36:51,121.473000,31.260000, 20,  0,0
109,2007-02-20 02:37:53,121.475300,31.260600, 26, 67,0
109,2007-02-20 02:39:55,121.479500,31.260800, 16, 67,0
109,2007-02-20 02:40:56,121.483000,31.260100, 28, 45,0
109,2007-02-20 02:41:56,121.483800,31.260000,  0, 45,0
109,2007-02-20 02:42:58,121.487300,31.259500, 28, 45,0
109,2007-02-20 02:43:59,121.489300,31.259000, 20, 67,0
109,2007-02-20 02:45:00,121.491500,31.257500, 28, 67,0
109,2007-02-20 02:46:01,121.491600,31.256300, 20,112,0
109,2007-02-20 02:48:03,121.484300,31.254000, 22,112,0
109,2007-02-20 02:49:04,121.484000,31.253800, 22,112,0
109,2007-02-20 02:50:05,121.480500,31.251600, 12,112,0
109,2007-02-20 02:51:06,121.479100,31.250600,  0,112,0
109,2007-02-20 02:52:06,121.479000,31.250600, 12,112,0
109,2007-02-20 02:53:08,121.478000,31.251100,  0,157,0
109,2007-02-20 02:54:09,121.477500,31.251800, 12,157,0
109,2007-02-20 02:55:10,121.477000,31.252300,  0,157,0
109,2007-02-20 02:56:11,121.477000,31.252300,  0,157,0
109,2007-02-20 02:57:11,121.475600,31.251800,  0,112,0
109,2007-02-20 02:58:13,121.475600,31.251800,  0,112,0
109,2007-02-20 02:59:14,121.475600,31.251800,  0,112,0
109,2007-02-20 03:00:14,121.475100,31.251600, 14,112,0
109,2007-02-20 03:01:15,121.476500,31.249800,  0, 67,0
109,2007-02-20 03:02:16,121.478300,31.250100,  0, 22,0
109,2007-02-20 03:03:17,121.478500,31.250300,  0, 22,0
109,2007-02-20 03:04:18,121.478300,31.250800,  0,157,0
109,2007-02-20 03:05:19,121.478300,31.250800,  0,157,0
109,2007-02-20 03:07:21,121.478300,31.250800,  0,157,0
109,2007-02-20 03:08:22,121.478300,31.250800,  0,157,0
109,2007-02-20 03:09:23,121.478300,31.250800,  0,157,0
109,2007-02-20 03:10:24,121.478300,31.250800,  0,157,0
109,2007-02-20 03:11:25,121.478300,31.250800,  0,157,0
109,2007-02-20 03:12:26,121.478300,31.250800,  0,157,0
109,2007-02-20 03:13:27,121.478300,31.250800,  0,157,0
109,2007-02-20 03:14:28,121.478300,31.250800,  0,157,0
109,2007-02-20 03:15:29,121.478100,31.251000,  6,157,0
109,2007-02-20 03:17:21,121.477000,31.252800,  0,  0,0
109,2007-02-20 03:17:55,121.477000,31.252500,  8, 90,1
109,2007-02-20 03:18:56,121.479300,31.251000, 30, 22,1
109,2007-02-20 03:20:58,121.484100,31.253800, 26, 22,1
109,2007-02-20 03:21:59,121.488800,31.255300,  0, 45,1
109,2007-02-20 03:23:00,121.491100,31.255100, 28, 90,1
109,2007-02-20 03:23:19,121.491300,31.254100,  0, 67,0
109,2007-02-20 03:24:19,121.491300,31.253300, 28,112,0
109,2007-02-20 03:25:20,121.488600,31.253600, 20,135,0
109,2007-02-20 03:26:21,121.487600,31.255100,  0,  0,0
109,2007-02-20 03:27:22,121.487600,31.255100,  8,  0,0
109,2007-02-20 03:28:23,121.487800,31.258500, 32, 22,0
109,2007-02-20 03:29:24,121.485300,31.259600, 26,135,0
109,2007-02-20 03:30:25,121.485000,31.263500, 32, 22,0
109,2007-02-20 03:31:26,121.486800,31.267600, 36, 22,0
109,2007-02-20 03:32:27,121.489500,31.270100,  0, 22,0
109,2007-02-20 03:33:28,121.490800,31.271300, 38, 22,0
109,2007-02-20 03:34:29,121.493000,31.272000, 16, 45,0
109,2007-02-20 03:35:23,121.494300,31.271600, 10, 45,1
109,2007-02-20 03:36:23,121.498300,31.270600, 40, 45,1
109,2007-02-20 03:37:24,121.501000,31.268100, 26,112,1
109,2007-02-20 03:37:36,121.501000,31.268000,  0,112,0
109,2007-02-20 03:38:36,121.500600,31.268000, 16,112,0
109,2007-02-20 03:39:37,121.498100,31.267000,  8, 45,0
109,2007-02-20 03:40:38,121.502000,31.267600, 36, 90,0
109,2007-02-20 03:41:39,121.502600,31.266800, 14,157,0
109,2007-02-20 03:42:40,121.501800,31.270100, 18,  0,0
109,2007-02-20 03:43:41,121.500800,31.270500, 30,135,0
109,2007-02-20 03:44:42,121.497100,31.271000,  0,135,0
109,2007-02-20 03:45:43,121.495500,31.271600,  6, 67,0
109,2007-02-20 03:46:44,121.495500,31.271600,  0, 67,0
109,2007-02-20 03:48:46,121.495500,31.271600,  0, 67,0
109,2007-02-20 03:49:47,121.495500,31.271600,  0, 67,0
109,2007-02-20 03:51:49,121.495500,31.271600,  0, 67,0
109,2007-02-20 03:52:50,121.495500,31.271600,  0,  0,0
109,2007-02-20 03:53:51,121.495500,31.271600,  0,  0,0
109,2007-02-20 03:54:52,121.495500,31.271600,  2, 22,0
109,2007-02-20 03:56:54,121.495800,31.275100,  0,157,0
109,2007-02-20 03:57:55,121.496000,31.275100,  0,157,0
109,2007-02-20 03:58:56,121.496000,31.275100,  0,157,0
109,2007-02-20 03:59:57,121.496000,31.275100,  0,157,0
109,2007-02-20 04:00:58,121.496000,31.275100,  0,157,0
109,2007-02-20 04:01:59,121.496000,31.275100,  0,157,0
109,2007-02-20 04:04:01,121.496000,31.275100,  0,157,0
109,2007-02-20 04:05:02,121.496000,31.275100,  0,157,0
109,2007-02-20 04:06:03,121.496000,31.275100,  0,157,0
109,2007-02-20 04:07:04,121.496000,31.275100,  0,157,0
109,2007-02-20 04:08:05,121.496000,31.275100,  0,157,0
109,2007-02-20 04:09:06,121.496000,31.275100,  0,157,0
109,2007-02-20 04:10:07,121.496000,31.275100,  0,157,0
109,2007-02-20 04:11:08,121.496000,31.275100,  0,157,0
109,2007-02-20 04:12:09,121.496000,31.275100,  0,157,0
109,2007-02-20 04:13:10,121.495800,31.275300,  6,  0,0
109,2007-02-20 04:14:11,121.495800,31.275300,  0,  0,0
109,2007-02-20 04:15:12,121.495800,31.275300,  0,  0,0
109,2007-02-20 04:17:14,121.495800,31.275300,  0,  0,0
109,2007-02-20 04:18:15,121.495800,31.275300,  0,  0,0
109,2007-02-20 04:19:16,121.495800,31.275300,  0,  0,0
109,2007-02-20 04:20:17,121.495800,31.275300,  0,  0,0
109,2007-02-20 04:22:19,121.495800,31.275300,  0,  0,0
109,2007-02-20 04:23:20,121.495800,31.275300,  0,  0,0
109,2007-02-20 04:24:21,121.495800,31.275300,  0,  0,0
109,2007-02-20 04:25:22,121.495800,31.275300,  0,  0,0
109,2007-02-20 04:26:23,121.495800,31.275300,  0,  0,0
109,2007-02-20 04:27:24,121.495800,31.275300,  0,  0,0
109,2007-02-20 04:28:25,121.495800,31.275300,  0,  0,0
109,2007-02-20 04:29:26,121.495600,31.275500, 12,  0,0
109,2007-02-20 04:31:28,121.501800,31.271600, 38, 90,0
109,2007-02-20 04:32:29,121.499100,31.270500,  0,135,0
109,2007-02-20 04:33:30,121.496800,31.270800, 26,112,0
109,2007-02-20 04:35:32,121.492000,31.263600,  0,157,0
109,2007-02-20 04:36:33,121.488800,31.265000, 34,135,0
109,2007-02-20 04:37:34,121.487000,31.264500,  6,157,0
109,2007-02-20 04:38:35,121.486800,31.264500,  0,157,0
109,2007-02-20 04:39:36,121.487800,31.265500, 18, 67,0
109,2007-02-20 04:41:38,121.491000,31.262800, 24,112,0
109,2007-02-20 04:42:39,121.491100,31.260000, 18,135,0
109,2007-02-20 04:43:40,121.488100,31.260300, 38, 90,0
109,2007-02-20 04:44:41,121.484500,31.259800, 20,135,0
109,2007-02-20 04:46:43,121.482300,31.256000, 14, 90,0
109,2007-02-20 04:47:44,121.480300,31.253600, 20,112,0
109,2007-02-20 04:48:45,121.477100,31.252600, 18,135,0
109,2007-02-20 04:49:46,121.477600,31.250000, 34,135,0
109,2007-02-20 04:50:47,121.475800,31.250800, 10,157,0
109,2007-02-20 04:51:48,121.475800,31.252100, 12, 22,0
109,2007-02-20 04:53:50,121.479600,31.253500,  0, 45,0
109,2007-02-20 04:54:51,121.482300,31.254600, 14, 22,0
109,2007-02-20 04:55:52,121.482300,31.254600,  0, 22,0
109,2007-02-20 04:56:53,121.482300,31.254600,  0, 22,0
109,2007-02-20 04:57:54,121.482300,31.254600,  0, 22,0
109,2007-02-20 04:59:56,121.482300,31.254600,  0, 22,0
109,2007-02-20 05:00:57,121.482300,31.254600,  0, 22,0
109,2007-02-20 05:01:58,121.482300,31.254600,  0, 22,0
109,2007-02-20 05:02:59,121.482300,31.254600,  0, 22,0
109,2007-02-20 05:06:02,121.482300,31.254600,  0, 22,0
109,2007-02-20 05:07:03,121.482300,31.254600,  0, 22,0
109,2007-02-20 05:08:04,121.482300,31.254600,  0, 22,0
109,2007-02-20 05:09:05,121.482300,31.254600,  0, 22,0
109,2007-02-20 05:10:06,121.482300,31.254600,  0, 22,0
109,2007-02-20 05:11:07,121.482300,31.254600,  0, 22,0
109,2007-02-20 05:12:08,121.482300,31.254600,  0, 22,0
109,2007-02-20 05:13:09,121.482300,31.254600,  0, 22,0
109,2007-02-20 05:14:10,121.482300,31.254600,  0, 22,0
109,2007-02-20 05:15:11,121.482300,31.254600,  0, 22,0
109,2007-02-20 05:16:12,121.482300,31.254600,  0, 22,0
109,2007-02-20 05:17:13,121.482300,31.254600,  0, 22,0
109,2007-02-20 05:18:14,121.482300,31.254600,  0, 22,0
109,2007-02-20 05:20:16,121.482300,31.254600,  0, 22,0
109,2007-02-20 05:21:17,121.482300,31.254600,  0, 22,0
109,2007-02-20 05:22:18,121.482300,31.254800,  0, 22,0
109,2007-02-20 05:23:19,121.482300,31.254800,  0, 22,0
109,2007-02-20 05:24:20,121.482300,31.254800,  0, 22,0
109,2007-02-20 05:25:21,121.482300,31.254800,  0, 22,0
109,2007-02-20 05:26:22,121.482300,31.254800,  0, 22,0
109,2007-02-20 05:27:23,121.482300,31.254800,  0, 22,0
109,2007-02-20 05:28:24,121.482300,31.254800,  0, 22,0
109,2007-02-20 05:29:25,121.482300,31.254800,  0, 22,0
109,2007-02-20 05:30:26,121.482300,31.254800,  0, 22,0
109,2007-02-20 05:31:27,121.482300,31.254800,  0, 22,0
109,2007-02-20 05:33:29,121.482300,31.254800,  0, 22,0
109,2007-02-20 05:34:30,121.482300,31.254800,  0, 22,0
109,2007-02-20 05:35:31,121.482300,31.254800,  0, 22,0
109,2007-02-20 05:36:32,121.482300,31.254800,  0, 22,0
109,2007-02-20 05:37:33,121.482300,31.254800,  0, 22,0
109,2007-02-20 05:38:34,121.482300,31.254800,  0, 22,0
109,2007-02-20 05:39:35,121.482300,31.254800,  0, 22,0
109,2007-02-20 05:40:36,121.482300,31.254800,  0, 22,0
109,2007-02-20 05:41:37,121.482300,31.254800,  0, 22,0
109,2007-02-20 05:42:38,121.482300,31.254800,  0, 22,0
109,2007-02-20 05:43:39,121.482300,31.254800,  0, 22,0
109,2007-02-20 05:44:40,121.482300,31.254800,  0, 22,0
109,2007-02-20 05:45:41,121.482300,31.254800,  0, 22,0
109,2007-02-20 05:46:42,121.482300,31.254800,  0, 22,0
109,2007-02-20 05:47:43,121.482300,31.254800,  0, 22,0
109,2007-02-20 05:48:44,121.482300,31.254800,  0, 22,0
109,2007-02-20 05:49:45,121.482300,31.254800,  0, 22,0
109,2007-02-20 05:50:46,121.482300,31.254800,  0, 22,0
109,2007-02-20 05:51:47,121.482300,31.254800,  0, 22,0
109,2007-02-20 05:52:48,121.482300,31.254800,  0, 22,0
109,2007-02-20 05:53:49,121.482300,31.254800,  0, 22,0
109,2007-02-20 05:54:50,121.482300,31.254800,  0, 22,0
109,2007-02-20 05:55:51,121.482300,31.254800,  0, 22,0
109,2007-02-20 05:56:52,121.482300,31.254800,  0, 22,0
109,2007-02-20 05:57:53,121.482300,31.254800,  0, 22,0
109,2007-02-20 05:58:54,121.482300,31.254800,  0, 22,0
109,2007-02-20 05:59:55,121.482300,31.254800,  0, 22,0
109,2007-02-20 06:00:56,121.482300,31.254800,  0, 22,0
109,2007-02-20 06:01:57,121.482300,31.254800,  0, 22,0
109,2007-02-20 06:02:58,121.482500,31.254600,  0, 22,0
109,2007-02-20 06:03:59,121.482500,31.254600,  0, 22,0
109,2007-02-20 06:05:00,121.482500,31.254600,  0, 22,0
109,2007-02-20 06:06:01,121.482500,31.254800,  0, 22,0
109,2007-02-20 06:07:02,121.482500,31.254800,  0, 22,0
109,2007-02-20 06:08:03,121.482500,31.254800,  0, 22,0
109,2007-02-20 06:09:04,121.482500,31.254800,  0, 22,0
109,2007-02-20 06:10:04,121.482500,31.254800,  0, 22,0
109,2007-02-20 06:11:05,121.482500,31.254600,  0, 22,0
109,2007-02-20 06:12:06,121.482500,31.254600,  0, 22,0
109,2007-02-20 06:13:07,121.482500,31.254600,  0, 22,0
109,2007-02-20 06:14:08,121.482500,31.254600,  0, 22,0
109,2007-02-20 06:15:09,121.482500,31.254600,  0, 22,0
109,2007-02-20 06:16:10,121.482500,31.254800,  0, 22,0
109,2007-02-20 06:17:11,121.487300,31.255500, 18, 67,0
109,2007-02-20 06:18:12,121.488800,31.255300,  0, 45,0
109,2007-02-20 06:19:13,121.492000,31.256500, 24, 22,0
109,2007-02-20 06:20:14,121.496600,31.260500, 34,157,0
109,2007-02-20 06:21:15,121.493300,31.263100, 24,157,0
109,2007-02-20 06:22:16,121.496500,31.270000, 56,  0,0
109,2007-02-20 06:23:17,121.496100,31.274500, 40,  0,0
109,2007-02-20 06:24:18,121.495600,31.275100,  0, 67,0
109,2007-02-20 06:26:20,121.494100,31.274300, 58, 22,0
109,2007-02-20 06:27:21,121.493500,31.278300, 54,135,0
109,2007-02-20 06:28:22,121.485600,31.278300, 38,135,0
109,2007-02-20 06:29:23,121.481100,31.278000,  0,112,0
109,2007-02-20 06:30:24,121.479000,31.277000, 44,135,0
109,2007-02-20 06:31:25,121.473500,31.277300, 32,112,0
109,2007-02-20 06:32:26,121.469000,31.270000, 74,112,0
109,2007-02-20 06:33:27,121.460000,31.263800, 68,112,0
109,2007-02-20 06:34:28,121.454100,31.268100, 80,  0,0
109,2007-02-20 06:35:29,121.447600,31.279500, 82,  0,0
109,2007-02-20 06:36:30,121.446500,31.290100, 80,  0,0
109,2007-02-20 06:37:31,121.444100,31.301800, 76,  0,0
109,2007-02-20 06:38:32,121.444100,31.311300, 58,  0,0
109,2007-02-20 06:39:33,121.444000,31.312100,  0,  0,0
109,2007-02-20 06:40:34,121.444000,31.312100, 16,  0,0
109,2007-02-20 06:41:35,121.440300,31.312100, 26, 90,0
109,2007-02-20 06:43:45,121.443600,31.309800,  0, 45,0
109,2007-02-20 06:44:46,121.446500,31.309800, 50, 45,0
109,2007-02-20 06:45:46,121.448300,31.310100,  0, 45,0
109,2007-02-20 06:46:48,121.448300,31.310100,  0, 45,0
109,2007-02-20 06:47:49,121.452800,31.310100, 48, 45,0
109,2007-02-20 06:48:50,121.455500,31.307800,  6, 90,0
109,2007-02-20 06:49:51,121.459500,31.307800, 58, 45,0
109,2007-02-20 06:51:53,121.466500,31.304000, 40, 90,0
109,2007-02-20 06:52:54,121.466100,31.299000, 28,135,0
109,2007-02-20 06:53:55,121.463100,31.299000,  0,135,0
109,2007-02-20 06:54:56,121.462300,31.294800,  0, 90,0
109,2007-02-20 06:55:57,121.462300,31.294800,  0, 90,0
109,2007-02-20 06:56:58,121.461800,31.292000, 38, 90,0
109,2007-02-20 06:57:59,121.460500,31.284500, 62, 90,0
109,2007-02-20 06:59:00,121.463500,31.281800, 38, 45,0
109,2007-02-20 07:00:01,121.468300,31.280300, 28, 45,0
109,2007-02-20 07:02:03,121.473300,31.278000,  0, 67,0
109,2007-02-20 07:04:24,121.474100,31.278000, 38, 22,0
109,2007-02-20 07:05:24,121.476100,31.278500, 40, 90,0
109,2007-02-20 07:06:25,121.475600,31.277300, 20,112,0
109,2007-02-20 07:07:26,121.474800,31.272000, 38, 90,0
109,2007-02-20 07:08:27,121.475300,31.268000, 48, 90,0
109,2007-02-20 07:09:28,121.479000,31.266500, 32, 67,0
109,2007-02-20 07:10:29,121.478600,31.261500, 18, 90,0
109,2007-02-20 07:11:30,121.478600,31.257300, 40, 90,0
109,2007-02-20 07:12:08,121.479800,31.253600, 20, 45,0
109,2007-02-20 07:13:08,121.480300,31.251800, 24,112,0
109,2007-02-20 07:14:10,121.482000,31.253600, 22, 67,0
109,2007-02-20 07:15:11,121.482100,31.253000,  0, 90,0
109,2007-02-20 07:15:32,121.482100,31.253000,  0, 90,1
109,2007-02-20 07:16:33,121.484800,31.251100, 32, 90,1
109,2007-02-20 07:17:33,121.485600,31.242100, 66, 90,1
109,2007-02-20 07:18:35,121.486600,31.234800, 36,112,1
109,2007-02-20 07:19:35,121.476300,31.231800, 80,112,1
109,2007-02-20 07:20:36,121.464500,31.226100, 84,112,1
109,2007-02-20 07:21:37,121.450600,31.225600, 88,135,1
109,2007-02-20 07:22:38,121.437800,31.221500, 76,112,1
109,2007-02-20 07:23:39,121.427000,31.215300, 72,112,1
109,2007-02-20 07:24:40,121.418000,31.211300, 64,135,1
109,2007-02-20 07:25:41,121.408800,31.210500, 40,157,1
109,2007-02-20 07:26:42,121.403300,31.212100, 28,135,1
109,2007-02-20 07:27:43,121.399000,31.213000, 52,135,1
109,2007-02-20 07:29:45,121.392800,31.211500, 58,135,1
109,2007-02-20 07:30:46,121.386100,31.210800, 38, 90,1
109,2007-02-20 07:31:06,121.386000,31.209000,  4, 90,0
109,2007-02-20 07:32:07,121.386000,31.208500, 28, 90,0
109,2007-02-20 07:33:08,121.389500,31.207600, 40, 45,0
109,2007-02-20 07:34:09,121.390500,31.211300, 22,  0,0
109,2007-02-20 07:35:10,121.390500,31.213300,  8,  0,0
109,2007-02-20 07:36:11,121.395300,31.213600,  0, 67,0
109,2007-02-20 07:38:13,121.404000,31.212000, 54, 45,0
109,2007-02-20 07:39:14,121.411000,31.211300, 30, 45,0
109,2007-02-20 07:40:15,121.413100,31.214800, 34,  0,0
109,2007-02-20 07:41:16,121.412600,31.219100, 28,  0,0
109,2007-02-20 07:42:17,121.416800,31.220600,  0, 90,0
109,2007-02-20 07:43:18,121.416800,31.220600,  0, 90,0
109,2007-02-20 07:44:19,121.421000,31.220600, 34, 45,0
109,2007-02-20 07:45:20,121.427000,31.221300, 34, 22,0
109,2007-02-20 07:46:21,121.431600,31.222600, 26, 45,0
109,2007-02-20 07:47:22,121.436300,31.224500, 26, 22,0
109,2007-02-20 07:48:23,121.439800,31.225500, 22, 22,0
109,2007-02-20 07:49:24,121.442100,31.228800, 36, 22,0
109,2007-02-20 07:51:03,121.450000,31.230000, 42, 67,0
109,2007-02-20 07:52:03,121.450300,31.229300,  0, 67,0
109,2007-02-20 07:53:04,121.451800,31.229800,  8, 22,0
109,2007-02-20 07:54:05,121.454500,31.231600,  0,  0,0
109,2007-02-20 07:55:06,121.460100,31.232600, 46, 45,0
109,2007-02-20 07:56:07,121.462500,31.234000, 40,  0,0
109,2007-02-20 07:57:08,121.465100,31.235500, 30, 45,0
109,2007-02-20 07:58:09,121.468300,31.236800, 20, 22,0
109,2007-02-20 07:59:10,121.469000,31.237600,  0,  0,0
109,2007-02-20 07:59:30,121.469300,31.238000, 24,  0,1
109,2007-02-20 08:00:30,121.469000,31.239300, 12,  0,1
109,2007-02-20 08:01:31,121.466600,31.246000, 26,  0,1
109,2007-02-20 08:02:32,121.460800,31.246100, 48,135,1
109,2007-02-20 08:03:33,121.459100,31.254000, 88,  0,1
109,2007-02-20 08:04:34,121.456300,31.263100, 56,135,1
109,2007-02-20 08:05:35,121.445600,31.260100, 48,135,1
109,2007-02-20 08:06:36,121.441500,31.264800,  0,157,1
109,2007-02-20 08:07:37,121.440800,31.265600, 58,157,1
109,2007-02-20 08:08:38,121.432500,31.271100, 62,157,1
109,2007-02-20 08:09:39,121.427300,31.274000,  0,157,1
109,2007-02-20 08:10:40,121.427100,31.274100, 16,157,1
109,2007-02-20 08:11:41,121.426600,31.278000, 10, 22,1
109,2007-02-20 08:12:15,121.427100,31.277500,  0,112,0
109,2007-02-20 08:13:16,121.427100,31.277500,  0,112,0
109,2007-02-20 08:15:18,121.428600,31.280000, 46, 22,0
109,2007-02-20 08:16:19,121.427800,31.283100,  6, 90,0
109,2007-02-20 08:17:20,121.430100,31.285800,  4, 90,0
109,2007-02-20 08:19:29,121.427300,31.288300, 16, 22,0
109,2007-02-20 08:23:10,121.444300,31.285000, 44, 45,0
109,2007-02-20 08:24:11,121.447100,31.282300, 32, 90,0
109,2007-02-20 08:25:12,121.449000,31.275500, 64, 67,0
109,2007-02-20 08:26:13,121.450500,31.273300,  0, 67,0
109,2007-02-20 08:27:14,121.453000,31.270000,  0, 45,0
109,2007-02-20 08:29:16,121.460600,31.271800, 38, 67,0
109,2007-02-20 08:30:17,121.461500,31.271100,  4, 67,0
109,2007-02-20 08:31:18,121.464000,31.272500, 58, 22,0
109,2007-02-20 08:32:19,121.465800,31.273600, 18, 22,0
109,2007-02-20 08:33:20,121.471300,31.272600,  0, 67,0
109,2007-02-20 08:34:21,121.471300,31.272600,  0, 67,0
109,2007-02-20 08:35:22,121.472800,31.274000, 38, 22,0
109,2007-02-20 08:36:23,121.476800,31.276600, 60, 45,0
109,2007-02-20 08:37:24,121.479600,31.277100,  0, 22,0
109,2007-02-20 08:38:25,121.483500,31.278300, 56, 45,0
109,2007-02-20 08:39:26,121.491100,31.278100, 62, 45,0
109,2007-02-20 08:40:27,121.491600,31.283600, 28,  0,0
109,2007-02-20 08:41:28,121.497000,31.282000, 50, 67,0
109,2007-02-20 08:42:29,121.502100,31.284600, 62, 22,0
109,2007-02-20 08:43:30,121.503600,31.287600,  0, 22,0
109,2007-02-20 08:44:31,121.504000,31.288100, 36, 22,0
109,2007-02-20 08:45:32,121.509100,31.290300, 50, 67,0
109,2007-02-20 08:46:33,121.515300,31.291000, 28, 45,0
109,2007-02-20 08:47:34,121.515800,31.291100,  0, 45,0
109,2007-02-20 08:48:35,121.518000,31.291600, 42, 45,0
109,2007-02-20 08:49:36,121.522300,31.292800,  0, 45,0
109,2007-02-20 08:51:38,121.527800,31.300000, 32, 22,0
109,2007-02-20 08:52:39,121.531500,31.302300, 18, 22,0
109,2007-02-20 08:53:40,121.535500,31.304800, 46, 22,0
109,2007-02-20 08:54:41,121.538600,31.309100, 10, 22,0
109,2007-02-20 08:56:43,121.538800,31.309100,  0,157,0
109,2007-02-20 08:57:44,121.540800,31.309000,  0, 45,0
109,2007-02-20 08:58:45,121.540800,31.309000,  0, 45,0
109,2007-02-20 08:59:46,121.541600,31.313500, 22, 22,0
109,2007-02-20 09:00:47,121.544300,31.313600,  0, 45,0
109,2007-02-20 09:01:48,121.544300,31.313600,  0, 45,0
109,2007-02-20 09:02:49,121.544300,31.313600,  0, 45,0
109,2007-02-20 09:04:51,121.544300,31.313600,  0, 45,0
109,2007-02-20 09:05:52,121.544300,31.313600,  0, 45,0
109,2007-02-20 09:06:53,121.544300,31.313600,  0, 45,0
109,2007-02-20 09:14:54,121.544300,31.313600,  0,  0,0
109,2007-02-20 09:15:54,121.544300,31.313600,  0,  0,0
109,2007-02-20 09:16:55,121.544300,31.313600,  0,  0,0
109,2007-02-20 09:17:56,121.544300,31.313600,  0,  0,0
109,2007-02-20 09:23:26,121.544300,31.313600,  0,  0,0
109,2007-02-20 09:24:27,121.544300,31.313600,  0,  0,0
109,2007-02-20 09:25:28,121.544300,31.313600,  0,  0,0
109,2007-02-20 09:25:46,121.544300,31.313600,  0,  0,0
109,2007-02-20 09:26:30,121.544300,31.313600,  0,  0,0
109,2007-02-20 09:27:31,121.544300,31.313600,  0,  0,0
109,2007-02-20 09:28:32,121.544300,31.313600,  0,112,0
109,2007-02-20 09:29:17,121.543100,31.313500, 44,135,0
109,2007-02-20 09:30:18,121.542000,31.313500,  0,135,0
109,2007-02-20 09:31:00,121.540800,31.313500, 38,135,0
109,2007-02-20 09:31:15,121.539000,31.313500, 40,135,0
109,2007-02-20 09:31:40,121.538600,31.313500, 20, 45,1
109,2007-02-20 09:33:41,121.530300,31.308000, 88,135,1
109,2007-02-20 09:34:42,121.516600,31.303800, 80,135,1
109,2007-02-20 09:35:43,121.504100,31.300000, 82,135,1
109,2007-02-20 09:36:44,121.494300,31.297000, 44,135,1
109,2007-02-20 09:37:45,121.488600,31.293800, 52, 90,1
109,2007-02-20 09:38:46,121.488800,31.293500,  0, 67,1
109,2007-02-20 09:39:08,121.489000,31.293100, 12, 90,0
109,2007-02-20 09:39:24,121.489600,31.292300, 26, 45,0
109,2007-02-20 09:39:40,121.491300,31.292500, 38, 45,0
109,2007-02-20 09:39:56,121.492800,31.292500, 34, 45,0
109,2007-02-20 09:40:14,121.493800,31.292100, 26, 90,0
109,2007-02-20 09:40:30,121.493600,31.290800, 34, 90,0
109,2007-02-20 09:40:46,121.493300,31.290000, 30,135,0
109,2007-02-20 09:41:18,121.490100,31.290000, 38,135,0
109,2007-02-20 09:41:34,121.488800,31.289800, 16,112,0
109,2007-02-20 09:41:51,121.488800,31.288800, 28, 90,0
109,2007-02-20 09:42:27,121.488800,31.287600, 22, 67,0
109,2007-02-20 09:42:43,121.490500,31.286600, 56, 67,0
109,2007-02-20 09:42:59,121.492800,31.286800, 28, 45,0
109,2007-02-20 09:43:15,121.492100,31.286600, 48,112,0
109,2007-02-20 09:43:31,121.491300,31.285100, 30, 90,0
109,2007-02-20 09:44:22,121.491600,31.284000, 34, 67,0
109,2007-02-20 09:44:38,121.493000,31.283500, 38, 45,0
109,2007-02-20 09:44:54,121.495100,31.282600, 56, 67,0
109,2007-02-20 09:45:10,121.497300,31.281800, 58, 67,0
109,2007-02-20 09:45:26,121.498600,31.281300, 16, 67,0
109,2007-02-20 09:45:42,121.499800,31.280800, 22, 67,0
109,2007-02-20 09:45:58,121.499600,31.279800, 48,112,0
109,2007-02-20 09:46:14,121.498300,31.278100, 42,112,0
109,2007-02-20 09:46:43,121.497500,31.277500, 14,112,0
109,2007-02-20 09:47:04,121.496800,31.276800, 20,112,0
109,2007-02-20 09:47:20,121.496000,31.275800, 34,112,0
109,2007-02-20 09:47:36,121.494800,31.274800, 46,112,0
109,2007-02-20 09:47:52,121.493500,31.273600, 14,112,0
109,2007-02-20 09:48:11,121.493500,31.273500,  8,112,1
109,2007-02-20 09:50:13,121.489100,31.270000, 36,112,1
109,2007-02-20 09:51:14,121.485000,31.263500, 56, 90,1
109,2007-02-20 09:52:15,121.484800,31.262600,  0, 90,1
109,2007-02-20 09:53:16,121.483100,31.264600, 32,157,1
109,2007-02-20 09:54:17,121.478000,31.266800, 28,157,1
109,2007-02-20 09:54:30,121.477800,31.266800,  0,157,0
109,2007-02-20 09:55:47,121.477800,31.268500, 56,  0,0
109,2007-02-20 09:56:03,121.477800,31.270100, 16,157,0
109,2007-02-20 09:56:19,121.477800,31.269300, 32, 90,0
109,2007-02-20 09:56:47,121.477800,31.269000,  6, 90,1
109,2007-02-20 09:57:48,121.475300,31.267600, 14,112,1
109,2007-02-20 09:58:49,121.475100,31.265000, 18, 90,1
109,2007-02-20 10:00:51,121.471300,31.256800,  2,112,1
109,2007-02-20 10:01:52,121.465800,31.253800, 66,112,1
109,2007-02-20 10:02:53,121.464800,31.253300,  0,112,1
109,2007-02-20 10:03:54,121.460600,31.252600, 30,135,1
109,2007-02-20 10:05:56,121.458500,31.251000, 52, 90,1
109,2007-02-20 10:06:57,121.454000,31.248000, 38,135,1
109,2007-02-20 10:07:36,121.453300,31.249000,  8,  0,0
109,2007-02-20 10:07:52,121.453100,31.249500,  8,157,0
109,2007-02-20 10:08:26,121.454000,31.249500, 28, 45,0
109,2007-02-20 10:08:42,121.455100,31.249000, 28, 90,0
109,2007-02-20 10:08:57,121.455100,31.248000,  0, 90,0
109,2007-02-20 10:09:22,121.456000,31.247500, 30, 45,0
109,2007-02-20 10:09:37,121.457100,31.247100, 24, 45,0
109,2007-02-20 10:10:07,121.458500,31.246600, 46, 45,0
109,2007-02-20 10:10:23,121.461000,31.246000, 50, 45,0
109,2007-02-20 10:10:39,121.462800,31.246000, 42, 45,0
109,2007-02-20 10:10:55,121.464100,31.246000, 26, 45,0
109,2007-02-20 10:11:16,121.465100,31.246000,  4, 90,0
109,2007-02-20 10:11:37,121.465100,31.245100, 12, 90,0
109,2007-02-20 10:11:57,121.465300,31.244100, 14, 90,0
109,2007-02-20 10:12:32,121.466500,31.244000,  6, 45,0
109,2007-02-20 10:13:41,121.469100,31.244300, 36, 45,0
109,2007-02-20 10:13:57,121.470800,31.244600, 42, 45,0
109,2007-02-20 10:14:52,121.471800,31.245000, 24, 45,0
109,2007-02-20 10:15:09,121.473300,31.245100, 26, 45,0
109,2007-02-20 10:15:37,121.473800,31.245100, 18, 45,1
109,2007-02-20 10:16:37,121.478500,31.243600,  0, 90,1
109,2007-02-20 10:18:40,121.480100,31.239600,  0, 67,1
109,2007-02-20 10:19:41,121.481500,31.235800, 26, 90,1
109,2007-02-20 10:20:42,121.481800,31.234100, 18, 90,1
109,2007-02-20 10:21:42,121.482000,31.233600, 26, 90,1
109,2007-02-20 10:23:45,121.482500,31.232300,  0, 45,1
109,2007-02-20 10:24:46,121.482600,31.231300,  0, 90,1
109,2007-02-20 10:25:47,121.486000,31.231100, 26, 90,1
109,2007-02-20 10:26:47,121.486100,31.229800,  4, 67,1
109,2007-02-20 10:28:39,121.486100,31.230000,  0, 22,0
109,2007-02-20 10:29:40,121.486100,31.230000,  0, 22,0
109,2007-02-20 10:30:26,121.486000,31.231000, 22,  0,0
109,2007-02-20 10:30:57,121.486800,31.231300, 24, 45,0
109,2007-02-20 10:31:13,121.488300,31.231300, 38, 45,0
109,2007-02-20 10:31:45,121.490800,31.230300, 24, 67,0
109,2007-02-20 10:32:08,121.491500,31.229600, 24, 67,0
109,2007-02-20 10:32:24,121.492300,31.228600, 34, 90,0
109,2007-02-20 10:33:41,121.492600,31.227100,  6, 90,0
109,2007-02-20 10:34:10,121.493600,31.227000, 36, 45,0
109,2007-02-20 10:34:29,121.494800,31.227100, 16, 45,0
109,2007-02-20 10:35:26,121.495300,31.227800, 30,157,0
109,2007-02-20 10:35:42,121.493800,31.229300, 68,157,0
109,2007-02-20 10:35:58,121.491500,31.231100, 58,157,0
109,2007-02-20 10:36:14,121.489800,31.232800, 70,157,0
109,2007-02-20 10:36:30,121.488000,31.234600, 46,157,0
109,2007-02-20 10:36:46,121.487100,31.235600, 46,157,0
109,2007-02-20 10:37:19,121.485600,31.240100, 40,  0,0
109,2007-02-20 10:37:34,121.485600,31.241500, 24,  0,0
109,2007-02-20 10:38:22,121.485600,31.242000, 18,  0,1
109,2007-02-20 10:40:24,121.485500,31.239600, 36, 90,1
109,2007-02-20 10:42:03,121.483800,31.233800,  0,112,1
109,2007-02-20 10:43:03,121.483800,31.233800,  0,112,1
109,2007-02-20 10:44:04,121.479500,31.233300, 54,135,1
109,2007-02-20 10:45:05,121.474100,31.229600, 50, 67,1
109,2007-02-20 10:46:06,121.476500,31.225800, 42, 67,1
109,2007-02-20 10:47:07,121.477100,31.223100, 24, 90,1
109,2007-02-20 10:48:08,121.477000,31.224100,  0,157,0
109,2007-02-20 10:49:09,121.476800,31.223800,  0,135,0
109,2007-02-20 10:50:10,121.476800,31.223800,  4,  0,0
109,2007-02-20 10:50:35,121.476600,31.224100, 16, 90,1
109,2007-02-20 10:51:35,121.478300,31.220600, 46, 90,1
109,2007-02-20 10:52:36,121.482000,31.217600, 28, 22,1
109,2007-02-20 10:53:37,121.484800,31.214100,  8,112,1
109,2007-02-20 10:54:38,121.481800,31.213800,  0,157,1
109,2007-02-20 10:56:40,121.478100,31.211300, 30, 67,1
109,2007-02-20 10:57:41,121.482500,31.211100, 48, 90,1
109,2007-02-20 10:58:42,121.484000,31.205600,  0, 67,1
109,2007-02-20 10:59:43,121.485000,31.203800,  0, 67,1
109,2007-02-20 11:00:44,121.487000,31.203800,  4, 22,1
109,2007-02-20 11:01:00,121.487100,31.204000,  4, 22,0
109,2007-02-20 11:02:01,121.487300,31.204100,  0, 22,0
109,2007-02-20 11:03:02,121.487300,31.204100,  0, 22,0
109,2007-02-20 11:03:56,121.487300,31.204100,  0, 22,1
109,2007-02-20 11:04:57,121.487300,31.204100,  0, 22,1
109,2007-02-20 11:05:58,121.487300,31.204100,  0, 22,1
109,2007-02-20 11:06:59,121.487300,31.204100,  0, 22,1
109,2007-02-20 11:08:00,121.487600,31.214500,  0, 45,1
109,2007-02-20 11:09:01,121.487800,31.217500, 26,  0,1
109,2007-02-20 11:10:02,121.487300,31.219600,  0,  0,1
109,2007-02-20 11:11:03,121.485800,31.222600, 22,157,1
109,2007-02-20 11:12:04,121.485600,31.223300,  0,157,1
109,2007-02-20 11:13:05,121.484600,31.225000,  8,  0,1
109,2007-02-20 11:14:06,121.484000,31.226000,  0,157,1
109,2007-02-20 11:15:07,121.483500,31.227000,  6,157,1
109,2007-02-20 11:16:08,121.482300,31.230500,  0,  0,1
109,2007-02-20 11:17:09,121.482300,31.230800, 28, 22,1
109,2007-02-20 11:18:10,121.482100,31.232800, 14,  0,1
109,2007-02-20 11:20:12,121.477800,31.234600,  0,157,1
109,2007-02-20 11:21:13,121.477000,31.235000, 14,135,1
109,2007-02-20 11:21:39,121.476000,31.236500,  0,157,0
109,2007-02-20 11:22:40,121.476000,31.236500,  0,157,0
109,2007-02-20 11:22:44,121.476000,31.236500,  0,157,1
109,2007-02-20 11:23:45,121.473300,31.238100,  0,112,1
109,2007-02-20 11:24:46,121.474500,31.237100, 16, 67,1
109,2007-02-20 11:25:47,121.474300,31.236500,  6,112,1
109,2007-02-20 11:26:48,121.472800,31.234100, 36, 67,1
109,2007-02-20 11:27:49,121.472300,31.233800,  0,112,1
109,2007-02-20 11:28:50,121.472800,31.231600, 52, 67,1
109,2007-02-20 11:29:51,121.467100,31.227500, 64,112,1
109,2007-02-20 11:30:52,121.466800,31.220500, 74, 90,1
109,2007-02-20 11:32:54,121.465500,31.207500,  0,135,1
109,2007-02-20 11:34:56,121.466300,31.204100,  0, 90,1
109,2007-02-20 11:35:57,121.467000,31.201100, 66, 90,1
109,2007-02-20 11:37:05,121.468800,31.199600,  0, 45,0
109,2007-02-20 11:38:22,121.467300,31.200600, 46,  0,0
109,2007-02-20 11:39:23,121.467100,31.201300,  0,  0,0
109,2007-02-20 11:39:53,121.466800,31.201600, 26,157,1
109,2007-02-20 11:40:53,121.466500,31.203500,  0,  0,1
109,2007-02-20 11:41:54,121.465300,31.206600, 44,  0,1
109,2007-02-20 11:42:55,121.467500,31.209800, 40, 22,1
109,2007-02-20 11:43:56,121.471300,31.202600, 66, 90,1
109,2007-02-20 11:44:57,121.475600,31.192800, 76, 90,1
109,2007-02-20 11:45:58,121.479800,31.182500, 84, 90,1
109,2007-02-20 11:48:00,121.478100,31.162000, 88, 90,1
109,2007-02-20 11:49:01,121.482000,31.151600, 62, 90,1
109,2007-02-20 11:50:02,121.483800,31.146800,  0, 90,1
109,2007-02-20 11:52:04,121.489100,31.147600, 10, 45,1
109,2007-02-20 11:53:04,121.491000,31.146000,  0, 90,0
109,2007-02-20 11:53:19,121.491000,31.146000,  0, 90,0
109,2007-02-20 11:54:14,121.490500,31.147800, 22, 22,0
109,2007-02-20 11:54:35,121.491100,31.148100, 12, 45,1
109,2007-02-20 11:55:36,121.492800,31.152000, 22,  0,1
109,2007-02-20 11:56:37,121.490300,31.157100, 48,135,1
109,2007-02-20 11:57:38,121.486300,31.157800, 62,  0,1
109,2007-02-20 11:58:39,121.486000,31.161100, 24,135,1
109,2007-02-20 11:59:52,121.481800,31.162100, 12,  0,0
109,2007-02-20 12:00:48,121.481800,31.162100, 34, 90,0
109,2007-02-20 12:01:07,121.482000,31.161100, 32, 90,0
109,2007-02-20 12:01:23,121.482300,31.160100, 28, 90,0
109,2007-02-20 12:01:40,121.483000,31.159800, 34, 22,0
109,2007-02-20 12:01:56,121.484800,31.160600, 58, 22,0
109,2007-02-20 12:02:12,121.486600,31.161500, 44, 22,0
109,2007-02-20 12:02:28,121.488300,31.162100, 38, 22,0
109,2007-02-20 12:02:50,121.489300,31.162600, 18, 22,0
109,2007-02-20 12:03:06,121.490300,31.163300, 34, 22,0
109,2007-02-20 12:03:22,121.491800,31.164100, 20, 22,0
109,2007-02-20 12:04:23,121.491800,31.164000,  0,112,0
109,2007-02-20 12:05:24,121.492000,31.164300, 12, 22,0
109,2007-02-20 12:05:52,121.492600,31.165000, 28,  0,0
109,2007-02-20 12:06:08,121.492600,31.166100, 28,  0,0
109,2007-02-20 12:06:34,121.492500,31.167100, 46,  0,0
109,2007-02-20 12:06:50,121.492500,31.169100, 60,  0,0
109,2007-02-20 12:07:06,121.492300,31.171100, 50,  0,0
109,2007-02-20 12:07:22,121.492000,31.172800, 30,  0,0
109,2007-02-20 12:08:23,121.492000,31.173300, 22, 45,0
109,2007-02-20 12:08:39,121.493100,31.173500, 30, 45,0
109,2007-02-20 12:08:55,121.495300,31.173600, 50, 45,0
109,2007-02-20 12:09:27,121.495300,31.175800, 12,  0,0
109,2007-02-20 12:10:28,121.495300,31.176000,  0, 90,0
109,2007-02-20 12:11:29,121.495300,31.176000,  0, 90,0
109,2007-02-20 12:12:30,121.495300,31.176000,  0, 90,0
109,2007-02-20 12:13:31,121.495300,31.176000,  0, 90,0
109,2007-02-20 12:14:32,121.495300,31.176000,  0, 90,0
109,2007-02-20 12:15:33,121.495300,31.176000,  0, 90,0
109,2007-02-20 12:16:34,121.495300,31.176000,  0, 90,0
109,2007-02-20 12:17:35,121.495300,31.176000,  0, 90,0
109,2007-02-20 12:18:36,121.495300,31.176000,  0, 90,0
109,2007-02-20 12:19:37,121.495300,31.176000,  0, 90,0
109,2007-02-20 12:20:38,121.495300,31.176000,  0, 90,0
109,2007-02-20 12:21:39,121.495300,31.176000,  0, 90,0
109,2007-02-20 12:22:40,121.495100,31.176100, 16,  0,0
109,2007-02-20 12:23:05,121.495000,31.177100, 26,  0,0
109,2007-02-20 12:23:21,121.494600,31.178300, 28,  0,0
109,2007-02-20 12:23:53,121.494300,31.179300,  6,  0,0
109,2007-02-20 12:24:25,121.494000,31.180300, 46,157,0
109,2007-02-20 12:24:41,121.493600,31.181800, 40, 22,0
109,2007-02-20 12:24:58,121.494500,31.182500, 18, 22,1
109,2007-02-20 12:25:59,121.498000,31.181300,  0, 67,1
109,2007-02-20 12:27:00,121.500300,31.175100, 36, 90,1
109,2007-02-20 12:28:01,121.498500,31.171500, 34,135,1
109,2007-02-20 12:28:37,121.498300,31.170800,  0, 90,0
109,2007-02-20 12:28:53,121.498300,31.170600, 10, 90,0
109,2007-02-20 12:29:40,121.498500,31.171500, 30, 45,0
109,2007-02-20 12:29:56,121.500100,31.171800, 32, 45,0
109,2007-02-20 12:30:12,121.501100,31.172300, 40,  0,0
109,2007-02-20 12:30:28,121.500600,31.174000, 10,  0,0
109,2007-02-20 12:31:29,121.500600,31.174100, 26,  0,0
109,2007-02-20 12:31:45,121.500100,31.175500, 42,  0,0
109,2007-02-20 12:32:01,121.499800,31.177100, 34,  0,0
109,2007-02-20 12:32:17,121.499500,31.178000, 42,  0,0
109,2007-02-20 12:32:33,121.498600,31.180100, 62,157,0
109,2007-02-20 12:33:14,121.498100,31.181100, 18,  0,0
109,2007-02-20 12:33:30,121.497600,31.182100, 58,157,0
109,2007-02-20 12:33:46,121.496500,31.184000, 38,157,0
109,2007-02-20 12:34:03,121.496300,31.184600, 42, 22,0
109,2007-02-20 12:34:19,121.497300,31.185800,  0, 22,0
109,2007-02-20 12:34:41,121.498000,31.186500, 10, 22,0
109,2007-02-20 12:35:03,121.498500,31.187500, 52, 22,0
109,2007-02-20 12:35:19,121.499500,31.189300, 54, 22,0
109,2007-02-20 12:35:35,121.500600,31.191500, 50, 22,0
109,2007-02-20 12:35:51,121.502100,31.191500, 52, 67,0
109,2007-02-20 12:36:07,121.503300,31.191100,  0, 67,0
109,2007-02-20 12:36:37,121.504300,31.191000, 48, 45,0
109,2007-02-20 12:36:53,121.506500,31.191600, 46, 22,0
109,2007-02-20 12:37:11,121.507300,31.192100, 32, 22,0
109,2007-02-20 12:37:27,121.509300,31.193300, 52, 22,0
109,2007-02-20 12:37:43,121.511000,31.194300, 50, 22,0
109,2007-02-20 12:40:53,121.521000,31.209100, 34, 22,0
109,2007-02-20 12:41:29,121.521500,31.210100, 46, 22,0
109,2007-02-20 12:41:45,121.522300,31.211600, 24, 22,0
109,2007-02-20 12:42:01,121.523000,31.212800, 44, 22,0
109,2007-02-20 12:42:17,121.524000,31.214600, 62, 22,0
109,2007-02-20 12:42:33,121.524800,31.217100, 62,  0,0
109,2007-02-20 12:42:49,121.525000,31.219000, 52,  0,0
109,2007-02-20 12:43:05,121.524800,31.221300, 70,  0,0
109,2007-02-20 12:43:20,121.524000,31.223600, 56,  0,0
109,2007-02-20 12:43:36,121.523300,31.225600, 50,  0,0
109,2007-02-20 12:43:53,121.522500,31.227500, 42,  0,0
109,2007-02-20 12:44:53,121.522300,31.228000, 14,157,0
109,2007-02-20 12:45:09,121.521800,31.229000, 46,  0,0
109,2007-02-20 12:45:25,121.521100,31.230600, 34,  0,0
109,2007-02-20 12:45:48,121.520600,31.231600, 38,  0,0
109,2007-02-20 12:46:04,121.520000,31.233100, 36,157,0
109,2007-02-20 12:46:20,121.519300,31.234600, 40,157,0
109,2007-02-20 12:46:36,121.520000,31.235300, 26, 22,0
109,2007-02-20 12:46:53,121.521500,31.236000, 42, 22,0
109,2007-02-20 12:47:31,121.522100,31.236600, 24,157,0
109,2007-02-20 12:47:48,121.521500,31.237800, 30,157,0
109,2007-02-20 12:48:40,121.520800,31.238600, 28,135,0
109,2007-02-20 12:48:56,121.519300,31.238100, 32,135,0
109,2007-02-20 12:49:16,121.518300,31.237800,  8,135,0
109,2007-02-20 12:50:18,121.518100,31.237600,  0,135,0
109,2007-02-20 12:50:39,121.517500,31.238300, 40,157,0
109,2007-02-20 12:50:55,121.516600,31.239800, 24,  0,0
109,2007-02-20 12:51:13,121.517800,31.240300, 34, 45,0
109,2007-02-20 12:51:28,121.519100,31.240800, 34, 22,0
109,2007-02-20 12:51:44,121.520300,31.241000, 26, 90,0
109,2007-02-20 12:52:00,121.520600,31.239600, 36, 67,0
109,2007-02-20 12:52:16,121.520600,31.238600, 28,112,0
109,2007-02-20 12:52:33,121.519500,31.238100, 14,112,0
109,2007-02-20 12:53:13,121.518500,31.237800, 34,112,0
109,2007-02-20 12:54:14,121.518000,31.237600,  0,112,0
109,2007-02-20 12:54:53,121.518000,31.237600,  4,112,1
109,2007-02-20 12:55:53,121.518800,31.235000,  0, 67,1
109,2007-02-20 12:56:54,121.519000,31.234800,  0, 67,1
109,2007-02-20 12:57:55,121.522100,31.236300,  0, 22,1
109,2007-02-20 12:58:56,121.527300,31.238300, 16, 45,1
109,2007-02-20 13:00:50,121.539500,31.238000, 32,135,0
109,2007-02-20 13:01:05,121.537800,31.237600, 56,135,0
109,2007-02-20 13:01:21,121.535100,31.236800, 50,135,0
109,2007-02-20 13:01:38,121.532500,31.236000, 70,135,0
109,2007-02-20 13:01:53,121.530500,31.235500, 40,135,0
109,2007-02-20 13:02:54,121.529600,31.235100,  0,112,0
109,2007-02-20 13:03:34,121.529600,31.234100, 18, 67,0
109,2007-02-20 13:04:09,121.531000,31.232000, 50, 67,0
109,2007-02-20 13:04:25,121.531300,31.230600, 38,135,0
109,2007-02-20 13:04:41,121.529100,31.230100, 48,135,0
109,2007-02-20 13:04:55,121.528500,31.230000, 16,112,1
109,2007-02-20 13:05:55,121.522600,31.228100,  0,135,1
109,2007-02-20 13:06:56,121.522600,31.228100,  0,135,1
109,2007-02-20 13:07:58,121.515000,31.225600, 46,135,1
109,2007-02-20 13:09:59,121.506600,31.227300,  0,112,1
109,2007-02-20 13:11:00,121.506600,31.227300,  0,112,1
109,2007-02-20 13:12:01,121.488500,31.224000, 70,135,1
109,2007-02-20 13:13:02,121.485800,31.223800,  0,135,1
109,2007-02-20 13:14:03,121.485100,31.224000, 10,157,1
109,2007-02-20 13:15:04,121.484500,31.225100, 10,157,1
109,2007-02-20 13:17:06,121.483300,31.227100, 12,157,1
109,2007-02-20 13:17:18,121.483300,31.227500,  6,  0,0
109,2007-02-20 13:17:44,121.483100,31.228100,  2,  0,0
109,2007-02-20 13:18:15,121.482600,31.229100, 32,157,0
109,2007-02-20 13:18:31,121.482300,31.230300,  8,  0,0
109,2007-02-20 13:19:32,121.482300,31.230500,  0,  0,0
109,2007-02-20 13:20:30,121.482500,31.231500, 34,  0,0
109,2007-02-20 13:21:05,121.482600,31.232100, 12, 45,1
109,2007-02-20 13:22:06,121.483100,31.231300,  0,112,1
109,2007-02-20 13:23:07,121.481000,31.230100, 16,112,1
109,2007-02-20 13:24:07,121.478500,31.228500,  4,112,1
109,2007-02-20 13:25:09,121.478000,31.228300, 20,112,1
109,2007-02-20 13:26:10,121.475300,31.227500, 40,112,1
109,2007-02-20 13:27:11,121.471100,31.225600,  0,135,1
109,2007-02-20 13:28:12,121.470300,31.225100, 16,112,1
109,2007-02-20 13:29:12,121.467300,31.224000,  0,112,1
109,2007-02-20 13:30:14,121.467300,31.224000,  0,112,1
109,2007-02-20 13:31:15,121.465800,31.223100,  0, 90,1
109,2007-02-20 13:31:16,121.465800,31.223100,  0, 90,0
109,2007-02-20 13:31:42,121.464800,31.222800, 38,112,0
109,2007-02-20 13:32:22,121.463600,31.222500, 14,157,0
109,2007-02-20 13:32:40,121.463000,31.223600,  8,  0,0
109,2007-02-20 13:32:57,121.464000,31.223800, 40, 45,0
109,2007-02-20 13:33:14,121.465500,31.224300, 34, 22,0
109,2007-02-20 13:34:10,121.465600,31.225300, 42,157,0
109,2007-02-20 13:34:35,121.464800,31.226000, 18,157,0
109,2007-02-20 13:34:51,121.463300,31.227500, 48,157,0
109,2007-02-20 13:35:07,121.463000,31.228600, 36,  0,0
109,2007-02-20 13:35:39,121.462500,31.232600, 70,  0,0
109,2007-02-20 13:35:55,121.462100,31.233800, 26,157,0
109,2007-02-20 13:36:11,121.462500,31.234800, 22, 22,0
109,2007-02-20 13:36:30,121.463600,31.235000, 36, 45,0
109,2007-02-20 13:36:46,121.464800,31.235500, 30, 22,0
109,2007-02-20 13:37:02,121.466000,31.236000, 18, 22,0
109,2007-02-20 13:37:32,121.467100,31.236300, 22, 22,0
109,2007-02-20 13:37:49,121.468100,31.237000, 30, 22,0
109,2007-02-20 13:38:50,121.468800,31.237500, 22, 22,0
109,2007-02-20 13:39:31,121.469600,31.238300, 30, 22,0
109,2007-02-20 13:40:19,121.470500,31.238300, 16, 22,1
109,2007-02-20 13:41:20,121.471000,31.239800,  0,157,1
109,2007-02-20 13:42:21,121.471000,31.239800,  0,157,1
109,2007-02-20 13:43:22,121.471800,31.240300,  8, 45,1
109,2007-02-20 13:44:22,121.477800,31.242100, 28, 22,1
109,2007-02-20 13:45:24,121.478800,31.243600, 36, 22,1
109,2007-02-20 13:46:25,121.481000,31.245300,  0, 22,1
109,2007-02-20 13:47:26,121.483000,31.245500, 20, 45,1
109,2007-02-20 13:48:26,121.485100,31.246800, 16,  0,1
109,2007-02-20 13:49:27,121.484800,31.252100, 34, 22,1
109,2007-02-20 13:50:29,121.488300,31.255300, 44, 45,1
109,2007-02-20 13:51:30,121.495300,31.258500, 46, 22,1
109,2007-02-20 13:52:30,121.502100,31.263800, 72, 22,1
109,2007-02-20 13:53:31,121.503600,31.264600,  0, 22,1
109,2007-02-20 13:54:31,121.507100,31.265600, 66, 45,1
109,2007-02-20 13:55:33,121.512000,31.265600,  0, 67,1
109,2007-02-20 13:56:34,121.514100,31.266500,  0,  0,1
109,2007-02-20 13:57:35,121.516100,31.268000,  0,112,1
109,2007-02-20 13:57:41,121.516100,31.268000,  0,112,0
109,2007-02-20 13:59:30,121.517100,31.268000, 34, 22,0
109,2007-02-20 13:59:46,121.518100,31.268000, 36, 67,0
109,2007-02-20 14:00:01,121.519100,31.267000, 12, 67,0
109,2007-02-20 14:00:41,121.518600,31.266300, 44,112,0
109,2007-02-20 14:01:14,121.517600,31.266000,  8,135,1
109,2007-02-20 14:02:53,121.511500,31.262600,  0,135,1
109,2007-02-20 14:04:54,121.509300,31.260600, 28,112,1
109,2007-02-20 14:05:55,121.507300,31.258800, 30,112,1
109,2007-02-20 14:06:56,121.503800,31.255800,  0,135,1
109,2007-02-20 14:07:56,121.502000,31.255500, 20,112,1
109,2007-02-20 14:08:58,121.495300,31.252800, 42,112,1
109,2007-02-20 14:09:59,121.489600,31.250500,  0,135,1
109,2007-02-20 14:11:00,121.485800,31.247600, 48,135,1
109,2007-02-20 14:12:01,121.485100,31.247600, 16,135,1
109,2007-02-20 14:13:01,121.485600,31.239500, 84, 90,1
109,2007-02-20 14:14:03,121.484600,31.234100, 60,112,1
109,2007-02-20 14:15:04,121.482100,31.232600,  0, 67,1
109,2007-02-20 14:16:04,121.482000,31.232600,  0, 67,1
109,2007-02-20 14:17:05,121.482000,31.232600,  0, 67,1
109,2007-02-20 14:18:06,121.482000,31.232600,  0, 67,1
109,2007-02-20 14:19:07,121.482000,31.232600,  0, 67,1
109,2007-02-20 14:20:09,121.475000,31.228300,  6,135,1
109,2007-02-20 14:21:10,121.471100,31.225800, 26,112,1
109,2007-02-20 14:22:11,121.471000,31.225600, 10,135,1
109,2007-02-20 14:23:11,121.470000,31.224600, 14,112,1
109,2007-02-20 14:24:13,121.469100,31.223600, 18, 90,1
109,2007-02-20 14:24:48,121.469600,31.222100,  6, 90,0
109,2007-02-20 14:25:04,121.469600,31.222100,  0, 90,0
109,2007-02-20 14:25:48,121.469800,31.221000, 46, 90,0
109,2007-02-20 14:26:38,121.470000,31.220300, 12, 67,1
109,2007-02-20 14:27:39,121.471100,31.214600, 48, 90,1
109,2007-02-20 14:28:40,121.472000,31.212500, 24, 90,1
109,2007-02-20 14:29:41,121.466600,31.209500, 54,112,1
109,2007-02-20 14:30:41,121.459300,31.205500, 30,135,1
109,2007-02-20 14:31:43,121.456100,31.205000, 18,135,1
109,2007-02-20 14:31:46,121.456100,31.205000, 10,135,0
109,2007-02-20 14:32:48,121.455500,31.204800, 20,135,0
109,2007-02-20 14:33:26,121.454100,31.204600, 14,135,0
109,2007-02-20 14:33:43,121.453600,31.205300, 42,  0,0
109,2007-02-20 14:33:59,121.453300,31.207000, 32,  0,0
109,2007-02-20 14:34:34,121.454600,31.207300, 12, 45,1
109,2007-02-20 14:35:35,121.457100,31.208300,  0, 45,1
109,2007-02-20 14:36:36,121.460000,31.209300, 58, 45,1
109,2007-02-20 14:37:36,121.464000,31.211300, 54, 22,1
109,2007-02-20 14:38:38,121.466100,31.212100, 32, 22,1
109,2007-02-20 14:39:39,121.466000,31.215300,  0,157,1
109,2007-02-20 14:40:40,121.467300,31.222800, 68,  0,1
109,2007-02-20 14:41:41,121.465500,31.225600, 44,157,1
109,2007-02-20 14:42:41,121.462800,31.229000,  0,  0,1
109,2007-02-20 14:44:44,121.465300,31.233100, 30, 45,1
109,2007-02-20 14:45:08,121.465600,31.232800,  0, 90,0
109,2007-02-20 14:45:24,121.465800,31.232100, 28, 67,0
109,2007-02-20 14:46:25,121.466300,31.231300,  0, 67,0
109,2007-02-20 14:46:59,121.466100,31.230100, 30,112,0
109,2007-02-20 14:48:00,121.465500,31.229600,  0,112,0
109,2007-02-20 14:49:01,121.464800,31.229500, 24,135,0
109,2007-02-20 14:49:16,121.463600,31.229500, 44,135,0
109,2007-02-20 14:49:33,121.462500,31.230000, 28,157,0
109,2007-02-20 14:49:49,121.462100,31.231300, 42,  0,0
109,2007-02-20 14:50:05,121.461800,31.233100, 42,  0,0
109,2007-02-20 14:50:21,121.461500,31.234600, 42,  0,0
109,2007-02-20 14:50:36,121.461300,31.236100, 42,  0,0
109,2007-02-20 14:50:52,121.461300,31.236100,  0,  0,0
109,2007-02-20 14:51:04,121.461300,31.236100,  0,  0,0
109,2007-02-20 14:51:15,121.461300,31.236100,  0,  0,0
109,2007-02-20 14:51:26,121.461300,31.236100,  0,  0,0
109,2007-02-20 14:51:37,121.461300,31.236100,  0,  0,0
109,2007-02-20 14:51:48,121.461300,31.236100,  0,  0,0
109,2007-02-20 14:52:10,121.461300,31.236100,  0,  0,0
109,2007-02-20 14:52:21,121.461300,31.236100,  0,  0,0
109,2007-02-20 14:52:32,121.461300,31.236100,  0,  0,0
109,2007-02-20 14:52:55,121.462100,31.235800,  4,  0,0
109,2007-02-20 14:53:16,121.462300,31.235800,  0,  0,0
109,2007-02-20 14:53:28,121.462100,31.235800,  6,  0,0
109,2007-02-20 14:53:39,121.462000,31.236000, 14,  0,0
109,2007-02-20 14:53:50,121.462000,31.236100,  0,  0,0
109,2007-02-20 14:54:01,121.462000,31.236100,  0,  0,0
109,2007-02-20 14:54:11,121.462000,31.236100,  0,  0,0
109,2007-02-20 14:54:23,121.462000,31.236500, 20,  0,0
109,2007-02-20 14:54:34,121.462600,31.236800,  8,  0,0
109,2007-02-20 14:54:45,121.462600,31.236600,  0,  0,0
109,2007-02-20 14:54:56,121.462600,31.236600,  2,  0,0
109,2007-02-20 14:55:41,121.462500,31.236300, 18, 45,0
109,2007-02-20 14:55:53,121.462800,31.236100,  0, 22,0
109,2007-02-20 14:56:04,121.462800,31.236100,  0, 22,0
109,2007-02-20 14:56:15,121.462800,31.236100,  0, 22,0
109,2007-02-20 14:56:26,121.462800,31.236100,  0, 22,0
109,2007-02-20 14:56:48,121.462800,31.236100,  0, 22,0
109,2007-02-20 14:57:10,121.462800,31.236100,  0, 22,0
109,2007-02-20 14:57:21,121.462800,31.236100,  0, 22,0
109,2007-02-20 14:57:43,121.462800,31.236100,  0, 22,0
109,2007-02-20 14:58:05,121.462800,31.236100,  0, 22,0
109,2007-02-20 14:58:16,121.462800,31.236100,  0, 22,0
109,2007-02-20 14:58:26,121.462800,31.236100,  0, 22,0
109,2007-02-20 14:58:38,121.462800,31.236100,  0, 22,0
109,2007-02-20 14:58:49,121.462800,31.236100,  0, 22,0
109,2007-02-20 14:59:00,121.462800,31.236000,  2, 22,0
109,2007-02-20 14:59:06,121.463000,31.236100, 22, 22,1
109,2007-02-20 15:00:06,121.461600,31.236500, 34,135,1
109,2007-02-20 15:01:06,121.458000,31.235100, 30,112,1
109,2007-02-20 15:02:08,121.457100,31.234800,  0, 90,1
109,2007-02-20 15:03:09,121.452300,31.232500, 68,112,1
109,2007-02-20 15:04:10,121.450600,31.232100,  0,112,1
109,2007-02-20 15:05:11,121.448500,31.231100, 12, 67,1
109,2007-02-20 15:06:11,121.449800,31.230000,  0, 67,1
109,2007-02-20 15:07:13,121.452000,31.226600, 42, 90,1
109,2007-02-20 15:07:46,121.452500,31.223000, 18, 90,0
109,2007-02-20 15:08:01,121.452500,31.223000,  0, 90,0
109,2007-02-20 15:08:53,121.452600,31.223000,  8, 67,1
109,2007-02-20 15:09:54,121.450600,31.221100, 10,112,1
109,2007-02-20 15:11:56,121.445500,31.222600, 68,157,1
109,2007-02-20 15:12:56,121.443500,31.225600, 12,157,1
109,2007-02-20 15:13:58,121.443300,31.225800, 22,157,1
109,2007-02-20 15:14:59,121.441600,31.231600, 38,157,1
109,2007-02-20 15:16:00,121.439300,31.234100,  0,157,1
109,2007-02-20 15:17:01,121.442600,31.235500,  0, 22,1
109,2007-02-20 15:18:01,121.443600,31.238100,  6, 22,1
109,2007-02-20 15:19:03,121.442300,31.239800, 28,157,1
109,2007-02-20 15:20:04,121.440500,31.241600, 24,157,1
109,2007-02-20 15:20:20,121.440100,31.242000,  0,  0,0
109,2007-02-20 15:21:20,121.438800,31.243100, 26,157,0
109,2007-02-20 15:21:53,121.437800,31.243800, 26,157,0
109,2007-02-20 15:22:09,121.437000,31.245000, 16,157,0
109,2007-02-20 15:22:25,121.438000,31.245500, 48, 22,0
109,2007-02-20 15:22:41,121.439300,31.245100, 26, 67,0
109,2007-02-20 15:23:11,121.440000,31.244500, 42, 67,0
109,2007-02-20 15:23:28,121.441500,31.243000, 30, 67,0
109,2007-02-20 15:23:44,121.442500,31.242000, 38, 67,0
109,2007-02-20 15:24:00,121.443500,31.241000, 42, 67,0
109,2007-02-20 15:24:16,121.444500,31.239800, 38, 67,0
109,2007-02-20 15:24:56,121.445100,31.239000, 18, 67,0
109,2007-02-20 15:25:13,121.446100,31.237800, 36, 67,0
109,2007-02-20 15:26:14,121.446800,31.237100,  0, 67,0
109,2007-02-20 15:26:34,121.448000,31.237600, 40, 45,0
109,2007-02-20 15:26:50,121.449800,31.238300, 38, 22,0
109,2007-02-20 15:27:21,121.452000,31.237800, 42, 67,0
109,2007-02-20 15:27:38,121.452500,31.236500, 20, 90,0
109,2007-02-20 15:28:28,121.453800,31.235800, 30, 22,0
109,2007-02-20 15:29:29,121.455600,31.237600, 34, 22,0
109,2007-02-20 15:29:45,121.456500,31.238500, 26, 22,0
109,2007-02-20 15:30:36,121.458500,31.239800, 16, 22,0
109,2007-02-20 15:31:24,121.459600,31.240100, 34, 45,0
109,2007-02-20 15:31:56,121.462600,31.241100, 30, 45,0
109,2007-02-20 15:32:36,121.464800,31.240500, 28, 45,0
109,2007-02-20 15:32:53,121.466500,31.240000, 44, 45,0
109,2007-02-20 15:33:09,121.468100,31.239600, 22, 45,0
109,2007-02-20 15:34:10,121.468300,31.239600,  0, 45,0
109,2007-02-20 15:34:49,121.469500,31.239500, 20, 67,0
109,2007-02-20 15:35:05,121.470000,31.238600, 14, 90,0
109,2007-02-20 15:36:01,121.470800,31.238500, 26,  0,0
109,2007-02-20 15:36:16,121.470500,31.238800, 14,112,1
109,2007-02-20 15:37:16,121.469500,31.238300, 12,112,1
109,2007-02-20 15:39:19,121.467000,31.243500, 36,  0,1
109,2007-02-20 15:40:20,121.466600,31.245100, 12,135,1
109,2007-02-20 15:41:13,121.463600,31.244600,  0,135,0
109,2007-02-20 15:41:29,121.463600,31.244600,  0,135,0
109,2007-02-20 15:42:10,121.464300,31.244800, 28, 45,0
109,2007-02-20 15:42:46,121.465300,31.245000, 14, 45,1
109,2007-02-20 15:43:48,121.468100,31.241100, 76, 67,1
109,2007-02-20 15:44:49,121.470100,31.235800,  0, 67,1
109,2007-02-20 15:45:50,121.470800,31.235000, 54, 67,1
109,2007-02-20 15:46:51,121.471600,31.233600,  0, 67,1
109,2007-02-20 15:47:51,121.471600,31.233600,  0, 67,1
109,2007-02-20 15:48:53,121.473100,31.231300,  0, 67,1
109,2007-02-20 15:49:54,121.478600,31.232600, 46, 45,1
109,2007-02-20 15:50:55,121.482100,31.232100,  4, 90,1
109,2007-02-20 15:51:56,121.482500,31.231100,  0, 90,1
109,2007-02-20 15:52:56,121.482500,31.231100,  0, 90,1
109,2007-02-20 15:53:58,121.482500,31.231100,  0, 90,1
109,2007-02-20 15:54:59,121.483600,31.231000,  4, 45,1
109,2007-02-20 15:57:01,121.484800,31.231300,  0, 45,1
109,2007-02-20 15:58:01,121.485300,31.231300,  0, 45,1
109,2007-02-20 15:59:03,121.486000,31.230300,  0, 90,1
109,2007-02-20 16:00:04,121.486000,31.229800,  6, 67,1
109,2007-02-20 16:00:34,121.486300,31.229800,  0,  0,0
109,2007-02-20 16:02:14,121.486000,31.231100,  6,  0,1
109,2007-02-20 16:03:15,121.488600,31.231300,  0, 45,1
109,2007-02-20 16:04:16,121.489100,31.231300,  0, 45,1
109,2007-02-20 16:05:16,121.489100,31.231300,  0, 45,1
109,2007-02-20 16:06:18,121.490300,31.231500,  0, 22,1
109,2007-02-20 16:07:19,121.488600,31.233800, 58,157,1
109,2007-02-20 16:10:41,121.470500,31.228600, 74,112,1
109,2007-02-20 16:11:41,121.458100,31.225800, 70,135,1
109,2007-02-20 16:12:42,121.446300,31.224300, 62,135,1
109,2007-02-20 16:13:44,121.440800,31.224500,  0, 22,1
109,2007-02-20 16:13:53,121.440800,31.224500,  0, 22,0
109,2007-02-20 16:14:54,121.441500,31.224800, 10, 22,0
109,2007-02-20 16:15:26,121.442500,31.225300, 30, 22,0
109,2007-02-20 16:15:51,121.443500,31.225800, 36, 22,0
109,2007-02-20 16:16:24,121.447100,31.227800, 52, 22,0
109,2007-02-20 16:16:40,121.448100,31.228300,  0, 22,0
109,2007-02-20 16:17:09,121.449000,31.229000, 36, 22,0
109,2007-02-20 16:18:01,121.450100,31.229100, 28, 45,0
109,2007-02-20 16:18:18,121.451600,31.230000, 36, 22,0
109,2007-02-20 16:18:41,121.452500,31.230600, 10, 22,0
109,2007-02-20 16:19:37,121.453600,31.231000, 14, 45,0
109,2007-02-20 16:20:01,121.454500,31.230300, 40, 67,0
109,2007-02-20 16:20:17,121.455100,31.228600, 40, 90,0
109,2007-02-20 16:20:34,121.456800,31.228600, 46, 45,0
109,2007-02-20 16:21:26,121.458000,31.229600, 38,  0,0
109,2007-02-20 16:21:42,121.457500,31.231100, 44,  0,0
109,2007-02-20 16:23:22,121.457000,31.232300,  0,  0,0
109,2007-02-20 16:24:10,121.457800,31.232800, 40, 45,0
109,2007-02-20 16:24:26,121.459600,31.232800, 38, 45,0
109,2007-02-20 16:24:42,121.461500,31.232800, 44, 45,0
109,2007-02-20 16:24:58,121.462800,31.232800, 28, 45,0
109,2007-02-20 16:25:14,121.462500,31.234300, 30,  0,0
109,2007-02-20 16:25:32,121.462800,31.235000, 28, 45,0
109,2007-02-20 16:25:48,121.464000,31.235100, 24, 45,0
109,2007-02-20 16:26:07,121.465000,31.235500, 26, 22,0
109,2007-02-20 16:26:39,121.467500,31.236500, 32, 22,0
109,2007-02-20 16:26:55,121.468500,31.237300, 24, 22,0
109,2007-02-20 16:27:19,121.469500,31.238100, 24, 22,0
109,2007-02-20 16:27:41,121.470100,31.238300, 14, 67,0
109,2007-02-20 16:28:53,121.469300,31.238300, 12,157,0
109,2007-02-20 16:29:26,121.469800,31.239300, 26, 90,0
109,2007-02-20 16:30:19,121.470100,31.238300,  6, 90,0
109,2007-02-20 16:30:44,121.470500,31.238800, 12,157,0
109,2007-02-20 16:31:47,121.469300,31.238500, 16,157,1
109,2007-02-20 16:32:48,121.469000,31.239000,  0,  0,1
109,2007-02-20 16:33:49,121.466800,31.244500, 46,  0,1
109,2007-02-20 16:34:50,121.465600,31.249100, 48,157,1
109,2007-02-20 16:35:51,121.464600,31.253000,  0,  0,1
109,2007-02-20 16:36:52,121.464300,31.254600,  0,  0,1
109,2007-02-20 16:39:53,121.459600,31.269800,  4, 22,1
109,2007-02-20 16:40:01,121.459600,31.269800,  0, 22,0
109,2007-02-20 16:40:52,121.460600,31.270500, 30, 22,0
109,2007-02-20 16:41:08,121.461500,31.271000, 42, 22,0
109,2007-02-20 16:42:09,121.462100,31.271500,  0,112,0
109,2007-02-20 16:42:49,121.462000,31.271300, 16,112,1
109,2007-02-20 16:43:49,121.458800,31.269300, 28,112,1
109,2007-02-20 16:44:50,121.455000,31.267100,  0,135,1
109,2007-02-20 16:45:51,121.455000,31.267100,  0,135,1
109,2007-02-20 16:46:52,121.455800,31.263500, 38, 90,1
109,2007-02-20 16:47:53,121.450500,31.260600, 20,112,1
109,2007-02-20 16:48:54,121.450800,31.258600, 26,135,1
109,2007-02-20 16:49:55,121.445300,31.260100,  0,135,1
109,2007-02-20 16:50:56,121.445300,31.260100,  0,135,1
109,2007-02-20 16:51:57,121.445300,31.260100,  0,135,1
109,2007-02-20 16:53:59,121.430600,31.254500, 74,112,1
109,2007-02-20 16:56:01,121.412000,31.241600, 70,112,1
109,2007-02-20 16:57:02,121.405800,31.232600, 70, 90,1
109,2007-02-20 16:58:03,121.406000,31.222600, 64, 90,1
109,2007-02-20 16:59:04,121.407600,31.214500,  8, 90,1
109,2007-02-20 17:00:05,121.407800,31.214100, 30, 90,1
109,2007-02-20 17:01:06,121.406800,31.208600,  0, 67,1
109,2007-02-20 17:02:07,121.407000,31.208300,  4, 67,1
109,2007-02-20 17:03:08,121.407100,31.208100,  0, 67,1
109,2007-02-20 17:04:09,121.408100,31.201300, 10, 90,1
109,2007-02-20 17:04:56,121.408600,31.200500,  0, 90,0
109,2007-02-20 17:05:56,121.408600,31.200500,  0, 90,0
109,2007-02-20 17:06:53,121.408300,31.201300, 20,  0,0
109,2007-02-20 17:07:54,121.408300,31.201500,  0,  0,0
109,2007-02-20 17:08:53,121.409000,31.201000, 36, 67,0
109,2007-02-20 17:09:09,121.410600,31.198800, 54, 67,0
109,2007-02-20 17:10:26,121.412100,31.197800, 48, 45,0
109,2007-02-20 17:10:42,121.414300,31.197500, 50, 45,0
109,2007-02-20 17:11:02,121.415000,31.197300, 14, 45,1
109,2007-02-20 17:12:02,121.423100,31.195600,  0, 67,1
109,2007-02-20 17:13:03,121.423100,31.195600,  0, 67,1
109,2007-02-20 17:14:04,121.423500,31.195500, 32, 45,1
109,2007-02-20 17:15:05,121.432100,31.195100,  0, 45,1
109,2007-02-20 17:16:14,121.432600,31.195600,  0, 45,0
109,2007-02-20 17:16:39,121.433600,31.196000, 38, 45,0
109,2007-02-20 17:16:55,121.435600,31.196100, 32, 22,0
109,2007-02-20 17:17:11,121.437000,31.197000, 34, 22,0
109,2007-02-20 17:17:27,121.438300,31.197600, 48, 22,0
109,2007-02-20 17:17:43,121.440000,31.198600, 20, 22,0
109,2007-02-20 17:18:44,121.440000,31.198600,  0, 22,0
109,2007-02-20 17:19:37,121.441000,31.199100, 54, 22,0
109,2007-02-20 17:19:53,121.443500,31.200300, 60, 22,0
109,2007-02-20 17:20:09,121.445500,31.201300, 60, 22,0
109,2007-02-20 17:20:25,121.447800,31.202000, 38, 45,0
109,2007-02-20 17:20:41,121.450100,31.202600, 76, 22,0
109,2007-02-20 17:20:57,121.453000,31.203600, 72, 45,0
109,2007-02-20 17:21:13,121.455300,31.204300, 40, 45,0
109,2007-02-20 17:22:33,121.457000,31.204600, 40, 45,0
109,2007-02-20 17:22:49,121.458600,31.205100, 44, 45,0
109,2007-02-20 17:23:05,121.460600,31.205500, 40, 22,0
109,2007-02-20 17:23:21,121.461800,31.206100, 26, 22,0
109,2007-02-20 17:24:56,121.463500,31.207000, 34,  0,0
109,2007-02-20 17:25:12,121.462600,31.208500, 44,  0,0
109,2007-02-20 17:25:28,121.462000,31.210100, 20,  0,0
109,2007-02-20 17:25:44,121.463300,31.211000, 48, 22,0
109,2007-02-20 17:26:00,121.465100,31.211600, 18, 22,0
109,2007-02-20 17:26:37,121.466100,31.212100, 42, 22,0
109,2007-02-20 17:27:09,121.470100,31.213600, 44, 45,0
109,2007-02-20 17:28:10,121.471100,31.214000, 22, 22,0
109,2007-02-20 17:28:26,121.472600,31.214500, 44, 45,0
109,2007-02-20 17:28:42,121.474100,31.215000, 28, 45,0
109,2007-02-20 17:29:02,121.474500,31.215600, 34,  0,0
109,2007-02-20 17:29:42,121.474000,31.217500, 14,  0,1
109,2007-02-20 17:30:42,121.473500,31.219100, 26,135,1
109,2007-02-20 17:31:43,121.472100,31.219000, 10,135,1
109,2007-02-20 17:32:44,121.467000,31.217300, 44,135,1
109,2007-02-20 17:33:45,121.468000,31.211000, 44, 90,1
109,2007-02-20 17:34:46,121.465600,31.207300,  0,112,1
109,2007-02-20 17:35:47,121.465800,31.207300,  0,112,1
109,2007-02-20 17:36:29,121.465100,31.206800,  0, 67,0
109,2007-02-20 17:36:44,121.465300,31.206300, 16, 67,0
109,2007-02-20 17:37:00,121.465800,31.205500, 38, 90,0
109,2007-02-20 17:37:47,121.466300,31.204500, 12, 90,0
109,2007-02-20 17:38:03,121.467500,31.204000, 54, 45,0
109,2007-02-20 17:38:19,121.469500,31.204500,  0, 45,0
109,2007-02-20 17:38:40,121.469500,31.204500, 14, 45,1
109,2007-02-20 17:39:41,121.470100,31.204600,  0, 22,1
109,2007-02-20 17:40:42,121.472300,31.199500, 40, 90,1
109,2007-02-20 17:41:43,121.472300,31.199600,  0, 90,1
109,2007-02-20 17:42:44,121.474100,31.197100, 20, 22,1
109,2007-02-20 17:43:45,121.482100,31.199500, 32, 22,1
109,2007-02-20 17:44:46,121.482300,31.201000, 12, 45,1
109,2007-02-20 17:44:51,121.482500,31.201000,  0, 67,0
109,2007-02-20 17:46:35,121.481300,31.201100, 24,  0,0
109,2007-02-20 17:46:51,121.480800,31.202500, 50,  0,0
109,2007-02-20 17:47:07,121.480800,31.204000, 36,  0,0
109,2007-02-20 17:47:40,121.479800,31.206100, 36,  0,0
109,2007-02-20 17:48:12,121.480100,31.208100, 10, 22,0
109,2007-02-20 17:49:06,121.480000,31.208600, 22,135,1
109,2007-02-20 17:50:07,121.475800,31.208800,  0,  0,1
109,2007-02-20 17:51:08,121.474600,31.211500,  0,157,1
109,2007-02-20 17:52:09,121.473100,31.211300, 20,135,1
109,2007-02-20 17:53:10,121.471800,31.211000, 28,135,1
109,2007-02-20 17:54:11,121.469100,31.210600,  0,135,1
109,2007-02-20 17:55:12,121.466000,31.216600, 74,  0,1
109,2007-02-20 17:56:13,121.465000,31.226000, 70,157,1
109,2007-02-20 17:57:14,121.462000,31.234600, 64,  0,1
109,2007-02-20 17:58:15,121.459600,31.240000,  8,157,1
109,2007-02-20 17:59:16,121.456100,31.238300, 36,112,1
109,2007-02-20 18:00:17,121.455600,31.238000, 14,112,1
109,2007-02-20 18:01:18,121.451600,31.235100, 34,135,1
109,2007-02-20 18:02:19,121.449500,31.234600,  0,135,1
109,2007-02-20 18:03:20,121.447100,31.234000, 28,112,1
109,2007-02-20 18:04:21,121.443800,31.234300, 10,157,1
109,2007-02-20 18:05:22,121.442500,31.235800, 34,157,1
109,2007-02-20 18:06:23,121.437800,31.238300, 50,135,1
109,2007-02-20 18:08:25,121.432100,31.236600, 16,112,1
109,2007-02-20 18:09:26,121.428100,31.233500,  0,112,1
109,2007-02-20 18:10:27,121.426800,31.232300,  6,135,1
109,2007-02-20 18:11:18,121.426100,31.233000,  0,157,0
109,2007-02-20 18:12:12,121.426000,31.233300,  6,  0,0
109,2007-02-20 18:12:59,121.424500,31.233300, 16,157,0
109,2007-02-20 18:13:33,121.424300,31.234100, 22, 22,0
109,2007-02-20 18:14:10,121.425000,31.235100, 28, 22,0
109,2007-02-20 18:14:26,121.426000,31.236100, 40, 22,0
109,2007-02-20 18:14:42,121.426800,31.237000, 28, 45,0
109,2007-02-20 18:15:03,121.428100,31.236800, 18, 45,0
109,2007-02-20 18:15:38,121.430500,31.237000, 26, 45,0
109,2007-02-20 18:16:10,121.431600,31.237500, 32, 22,0
109,2007-02-20 18:16:26,121.433100,31.238600, 36, 22,0
109,2007-02-20 18:16:42,121.434300,31.239300, 38, 22,0
109,2007-02-20 18:17:03,121.435300,31.239600,  4, 67,0
109,2007-02-20 18:18:04,121.435500,31.239100,  0, 90,0
109,2007-02-20 18:19:05,121.435500,31.239100,  0, 90,0
109,2007-02-20 18:20:06,121.435500,31.239100,  0, 90,0
109,2007-02-20 18:21:07,121.435500,31.239100,  0, 90,0
109,2007-02-20 18:22:08,121.435500,31.239100,  0, 90,0
109,2007-02-20 18:23:09,121.435500,31.239100,  0, 90,0
109,2007-02-20 18:24:10,121.435500,31.239100,  0, 90,0
109,2007-02-20 18:25:11,121.435500,31.239100,  0, 90,0
109,2007-02-20 18:27:13,121.435500,31.239300,  0, 90,0
109,2007-02-20 18:28:14,121.435500,31.239300,  0, 90,0
109,2007-02-20 18:29:15,121.435300,31.239100,  0,112,0
109,2007-02-20 18:31:17,121.435300,31.239100,  0,112,0
109,2007-02-20 18:31:50,121.435300,31.239100, 16,157,1
109,2007-02-20 18:32:51,121.440000,31.242500, 28, 22,1
109,2007-02-20 18:33:52,121.441000,31.243100,  6, 22,1
109,2007-02-20 18:34:53,121.440500,31.246100, 32, 22,1
109,2007-02-20 18:35:54,121.450100,31.247600, 70, 45,1
109,2007-02-20 18:36:55,121.458500,31.246500, 38, 45,1
109,2007-02-20 18:37:56,121.466100,31.246600, 68, 45,1
109,2007-02-20 18:38:57,121.475000,31.248800,  0, 45,1
109,2007-02-20 18:40:59,121.480000,31.251500, 48, 22,1
109,2007-02-20 18:41:46,121.482100,31.252100,  0, 90,0
109,2007-02-20 18:42:43,121.482500,31.251000, 24, 90,0
109,2007-02-20 18:43:32,121.482800,31.249800, 20, 90,0
109,2007-02-20 18:43:50,121.483000,31.248800, 20, 90,0
109,2007-02-20 18:45:08,121.481000,31.247500, 36,  0,0
109,2007-02-20 18:45:32,121.480500,31.249100, 24,  0,0
109,2007-02-20 18:45:42,121.480300,31.249800, 14,  0,0
109,2007-02-20 18:46:21,121.480300,31.250800, 34,  0,0
109,2007-02-20 18:47:16,121.480500,31.251800, 36, 22,0
109,2007-02-20 18:47:32,121.482000,31.252600,  8, 22,0
109,2007-02-20 19:07:42,121.470500,31.264300, 14, 22,0
109,2007-02-20 19:15:59,121.475100,31.266800, 18,  0,0
109,2007-02-20 19:42:26,121.479600,31.265500, 20, 22,1
109,2007-02-20 19:43:27,121.477300,31.266800,  0, 22,1
109,2007-02-20 19:44:28,121.476800,31.267100, 16, 22,1
109,2007-02-20 19:45:29,121.472000,31.269000, 40, 22,1
109,2007-02-20 19:46:30,121.470000,31.270000,  0, 22,1
109,2007-02-20 19:47:31,121.467600,31.271800, 38, 22,1
109,2007-02-20 19:48:32,121.469500,31.276300, 62, 22,1
109,2007-02-20 19:49:33,121.471100,31.282300, 46, 22,1
109,2007-02-20 19:50:34,121.471600,31.284600, 20, 22,1
109,2007-02-20 19:52:36,121.472800,31.291800, 24, 22,1
109,2007-02-20 19:53:37,121.471800,31.296100, 22, 22,1
109,2007-02-20 19:54:38,121.471800,31.301500,  0, 22,1
109,2007-02-20 19:55:39,121.471600,31.306000, 36, 22,1
109,2007-02-20 19:56:31,121.474600,31.306100,  6, 22,0
109,2007-02-20 19:56:46,121.474600,31.306100,  0, 22,0
109,2007-02-20 19:57:46,121.474800,31.306500, 26, 22,0
109,2007-02-20 19:58:02,121.476500,31.306500, 24, 22,0
109,2007-02-20 19:58:18,121.476500,31.304800, 50, 22,0
109,2007-02-20 19:58:52,121.476500,31.303800, 12, 22,0
109,2007-02-20 19:58:54,121.476500,31.303800, 18, 22,1
109,2007-02-20 19:59:54,121.472500,31.302500, 42, 22,1
109,2007-02-20 20:00:55,121.469500,31.302600, 42, 22,1
109,2007-02-20 20:01:56,121.466600,31.304300, 12, 22,1
109,2007-02-20 20:02:22,121.467300,31.304500,  0, 22,0
109,2007-02-20 20:02:48,121.467300,31.304800, 16, 22,0
109,2007-02-20 20:03:17,121.468100,31.304600, 22, 22,0
109,2007-02-20 20:03:37,121.468800,31.304100, 22, 22,0
109,2007-02-20 20:04:02,121.468000,31.303600, 12, 22,0
109,2007-02-20 20:04:32,121.467100,31.304300, 28, 22,0
109,2007-02-20 20:05:11,121.466300,31.304000, 20, 22,0
109,2007-02-20 20:06:05,121.466500,31.302000, 32, 22,0
109,2007-02-20 20:06:21,121.466500,31.300600, 38, 22,0
109,2007-02-20 20:06:37,121.466500,31.298800, 42, 22,0
109,2007-02-20 20:07:01,121.466500,31.298100, 16, 22,1
109,2007-02-20 20:08:01,121.466500,31.293800, 24, 22,1
109,2007-02-20 20:09:02,121.465800,31.289800, 36, 22,1
109,2007-02-20 20:10:03,121.470800,31.288500, 20, 22,1
109,2007-02-20 20:11:04,121.472000,31.286000, 22, 22,1
109,2007-02-20 20:12:05,121.471600,31.284800, 52, 90,1
109,2007-02-20 20:13:06,121.470600,31.280000,  0, 90,1
109,2007-02-20 20:14:07,121.472800,31.278300, 20, 67,1
109,2007-02-20 20:15:08,121.474600,31.274100, 68, 90,1
109,2007-02-20 20:16:09,121.475100,31.267000, 30, 90,1
109,2007-02-20 20:17:10,121.475100,31.263000, 24, 90,1
109,2007-02-20 20:18:11,121.473600,31.261300, 24,112,1
109,2007-02-20 20:19:12,121.472600,31.259300,  0,112,1
109,2007-02-20 20:20:13,121.472100,31.256600, 34, 90,1
109,2007-02-20 20:21:14,121.472100,31.255300, 18, 90,1
109,2007-02-20 20:22:15,121.474100,31.252800,  0, 67,1
109,2007-02-20 20:24:17,121.477000,31.248800,  0, 67,1
109,2007-02-20 20:25:18,121.477800,31.245600, 20, 90,1
109,2007-02-20 20:26:19,121.479500,31.241000, 24, 67,1
109,2007-02-20 20:26:42,121.479800,31.240600,  0, 67,0
109,2007-02-20 20:27:00,121.479500,31.240300, 28,112,0
109,2007-02-20 20:27:16,121.477600,31.239600, 38,112,0
109,2007-02-20 20:27:32,121.476000,31.239100, 42,112,0
109,2007-02-20 20:28:08,121.474800,31.238600, 42,135,0
109,2007-02-20 20:28:24,121.473500,31.238300,  0,112,0
109,2007-02-20 20:28:47,121.472500,31.237800, 30,112,0
109,2007-02-20 20:29:48,121.471600,31.237600,  8,157,0
109,2007-02-20 20:30:05,121.471100,31.239000, 26,  0,0
109,2007-02-20 20:30:21,121.470100,31.238600, 28,112,0
109,2007-02-20 20:30:55,121.469600,31.238500,  6,112,1
109,2007-02-20 20:31:55,121.468800,31.239300, 14,157,1
109,2007-02-20 20:33:57,121.460800,31.238000, 22,157,1
109,2007-02-20 20:34:58,121.460100,31.240000, 12,157,1
109,2007-02-20 20:35:59,121.455800,31.238000, 10,112,1
109,2007-02-20 20:37:00,121.451600,31.235000, 24,135,1
109,2007-02-20 20:38:01,121.448000,31.234100,  0,112,1
109,2007-02-20 20:38:30,121.447100,31.234300,  0,135,0
109,2007-02-20 20:39:30,121.447000,31.234500,  0,157,0
109,2007-02-20 20:40:06,121.446300,31.235300, 18,157,0
109,2007-02-20 20:40:32,121.446800,31.236000, 32, 22,0
109,2007-02-20 20:41:02,121.448000,31.236000, 28, 67,0
109,2007-02-20 20:41:19,121.448300,31.235600, 16, 67,1
109,2007-02-20 20:42:19,121.447800,31.233300, 46, 67,1
109,2007-02-20 20:43:20,121.448600,31.231600,  0, 90,1
109,2007-02-20 20:44:21,121.450600,31.228800, 26, 67,1
109,2007-02-20 20:45:22,121.452300,31.223300, 28, 90,1
109,2007-02-20 20:46:23,121.454600,31.218300, 44, 90,1
109,2007-02-20 20:47:24,121.455600,31.215100, 30,112,1
109,2007-02-20 20:48:17,121.453100,31.212600,  0,112,0
109,2007-02-20 20:48:32,121.453100,31.212600,  0,112,0
109,2007-02-20 20:49:33,121.453100,31.212600,  0,112,0
109,2007-02-20 20:49:59,121.453000,31.212600,  4,135,1
109,2007-02-20 20:51:00,121.452600,31.214100,  2,  0,1
109,2007-02-20 20:52:01,121.452100,31.217300,  0,  0,1
109,2007-02-20 20:53:02,121.452000,31.217800, 36,157,1
109,2007-02-20 20:54:03,121.451000,31.221500, 40, 22,1
109,2007-02-20 20:55:04,121.457800,31.223000,  8, 45,1
109,2007-02-20 20:56:05,121.458600,31.225300,  0,  0,1
109,2007-02-20 20:57:06,121.458600,31.225300,  0,  0,1
109,2007-02-20 20:58:07,121.457600,31.230600, 50,  0,1
109,2007-02-20 20:59:08,121.457300,31.233100, 12,157,1
109,2007-02-20 21:00:09,121.456800,31.234500,  0,  0,1
109,2007-02-20 21:01:10,121.456800,31.234600, 16,  0,1
109,2007-02-20 21:02:11,121.456600,31.238800, 38, 22,1
109,2007-02-20 21:03:12,121.462800,31.241600, 26,  0,1
109,2007-02-20 21:04:13,121.465600,31.242100,  0,  0,1
109,2007-02-20 21:05:20,121.464600,31.242600, 28,157,0
109,2007-02-20 21:05:36,121.463800,31.243500, 20,  0,0
109,2007-02-20 21:05:55,121.464600,31.243800, 34, 45,0
109,2007-02-20 21:06:12,121.465500,31.243500, 36, 90,0
109,2007-02-20 21:06:28,121.465600,31.242100, 26, 90,0
109,2007-02-20 21:06:44,121.465100,31.241300, 30,135,0
109,2007-02-20 21:07:00,121.463500,31.241800, 46,157,0
109,2007-02-20 21:07:17,121.462800,31.241800, 28, 90,0
109,2007-02-20 21:07:50,121.463000,31.241000, 24, 45,0
109,2007-02-20 21:08:06,121.464500,31.240300, 48, 45,0
109,2007-02-20 21:08:28,121.465300,31.240300, 16, 45,1
109,2007-02-20 21:09:28,121.472300,31.240300, 26, 45,1
109,2007-02-20 21:10:29,121.479000,31.242300, 36, 45,1
109,2007-02-20 21:11:30,121.481100,31.245100,  0, 45,1
109,2007-02-20 21:12:31,121.483100,31.245600, 32, 22,1
109,2007-02-20 21:13:32,121.485100,31.247100,  0,  0,1
109,2007-02-20 21:14:33,121.485000,31.250600, 38,  0,1
109,2007-02-20 21:15:34,121.485300,31.254300, 20, 22,1
109,2007-02-20 21:16:35,121.487600,31.255300, 34, 45,1
109,2007-02-20 21:17:36,121.495100,31.258300, 50, 22,1
109,2007-02-20 21:18:18,121.499000,31.261300,  0, 22,0
109,2007-02-20 21:18:33,121.499000,31.261300,  0, 22,0
109,2007-02-20 21:18:57,121.499000,31.261300, 14, 22,1
109,2007-02-20 21:19:57,121.502600,31.264100, 12, 22,1
109,2007-02-20 21:20:58,121.502800,31.264100,  0, 22,1
109,2007-02-20 21:21:59,121.509600,31.267100, 60, 22,1
109,2007-02-20 21:23:00,121.511500,31.269000,  0, 22,1
109,2007-02-20 21:24:01,121.512000,31.269300, 38, 22,1
109,2007-02-20 21:25:02,121.518300,31.273800,  0, 22,1
109,2007-02-20 21:26:03,121.518600,31.273800, 26, 22,1
109,2007-02-20 21:27:04,121.525800,31.275500, 62, 67,1
109,2007-02-20 21:29:06,121.532600,31.272800, 34, 22,1
109,2007-02-20 21:30:07,121.535000,31.273600, 30, 22,1
109,2007-02-20 21:31:08,121.540100,31.277000, 54, 22,1
109,2007-02-20 21:33:31,121.548300,31.280000, 42, 67,0
109,2007-02-20 21:33:47,121.548800,31.278800, 22,112,0
109,2007-02-20 21:34:03,121.547600,31.277800, 34,112,0
109,2007-02-20 21:34:54,121.546800,31.277100, 46,112,0
109,2007-02-20 21:35:10,121.545300,31.275600, 46,112,0
109,2007-02-20 21:35:26,121.543800,31.274300, 50,112,0
109,2007-02-20 21:35:42,121.543000,31.273300, 18,112,0
109,2007-02-20 21:36:36,121.542300,31.272500, 24,112,0
109,2007-02-20 21:36:52,121.541000,31.271600, 34,112,0
109,2007-02-20 21:37:08,121.540000,31.271100, 12,112,0
109,2007-02-20 21:37:25,121.539000,31.270500, 34,112,0
109,2007-02-20 21:37:59,121.537100,31.269300,  0,112,1
109,2007-02-20 21:38:59,121.535300,31.267600, 28,112,1
109,2007-02-20 21:40:00,121.530600,31.264100,  8,112,1
109,2007-02-20 21:41:01,121.528100,31.262600, 44,112,1
109,2007-02-20 21:42:02,121.526500,31.262000, 28,135,1
109,2007-02-20 21:42:50,121.524100,31.260600,  0, 90,0
109,2007-02-20 21:44:06,121.522100,31.260600, 34,112,0
109,2007-02-20 21:44:22,121.520800,31.260000, 32,112,0
109,2007-02-20 21:45:23,121.520000,31.259300,  6,112,0
109,2007-02-20 21:45:36,121.519500,31.259000, 22,112,1
109,2007-02-20 21:46:37,121.516100,31.258800, 34,157,1
109,2007-02-20 21:47:38,121.513800,31.263000, 50,157,1
109,2007-02-20 21:48:39,121.511500,31.266100, 38,157,1
109,2007-02-20 21:49:40,121.508600,31.269100, 28, 22,1
109,2007-02-20 21:50:41,121.505500,31.270300, 42,135,1
109,2007-02-20 21:51:17,121.503100,31.270500,  0,135,0
109,2007-02-20 21:51:33,121.503000,31.270500, 16,135,0
109,2007-02-20 21:51:51,121.502800,31.270500,  0,135,1
109,2007-02-20 21:52:51,121.502500,31.270500,  0,135,1
109,2007-02-20 21:53:52,121.501800,31.269100, 56, 90,1
109,2007-02-20 21:54:53,121.503500,31.265000,  0, 67,1
109,2007-02-20 21:55:54,121.503500,31.265000,  0, 67,1
109,2007-02-20 21:56:55,121.504100,31.264300, 46, 67,1
109,2007-02-20 21:57:56,121.510300,31.257800, 34, 67,1
109,2007-02-20 21:58:57,121.513500,31.253300,  0, 67,1
109,2007-02-20 21:59:58,121.513500,31.253300,  0, 67,1
109,2007-02-20 22:00:59,121.516300,31.240100, 44, 67,1
109,2007-02-20 22:02:00,121.515600,31.236600,  0,112,1
109,2007-02-20 22:03:01,121.512500,31.236000,  0,  0,1
109,2007-02-20 22:03:16,121.512500,31.236000,  0,  0,0
109,2007-02-20 22:04:17,121.512500,31.236000,  0,  0,0
109,2007-02-20 22:04:39,121.512100,31.237000, 44,  0,0
109,2007-02-20 22:05:11,121.509600,31.237100, 62,112,0
109,2007-02-20 22:05:27,121.508000,31.237100, 42,157,0
109,2007-02-20 22:05:43,121.507000,31.238600, 28,157,0
109,2007-02-20 22:05:59,121.506300,31.239600,  8,157,0
109,2007-02-20 22:07:00,121.506300,31.239600,  0,157,0
109,2007-02-20 22:07:22,121.505800,31.240600, 44,157,0
109,2007-02-20 22:07:38,121.505000,31.242000, 46,157,0
109,2007-02-20 22:07:54,121.504000,31.243500, 28,157,0
109,2007-02-20 22:08:10,121.502100,31.242600, 60,112,0
109,2007-02-20 22:08:26,121.500000,31.241100, 48,112,0
109,2007-02-20 22:08:42,121.499100,31.239500, 30, 90,0
109,2007-02-20 22:09:01,121.498300,31.239600, 20,157,0
109,2007-02-20 22:09:20,121.498000,31.239800, 18,157,1
109,2007-02-20 22:10:20,121.499000,31.242100, 48, 67,1
109,2007-02-20 22:11:21,121.504500,31.242600, 48, 67,1
109,2007-02-20 22:13:23,121.515000,31.242300,  0, 45,1
109,2007-02-20 22:14:24,121.518500,31.242600, 64, 45,1
109,2007-02-20 22:15:25,121.530100,31.244100, 56, 45,1
109,2007-02-20 22:16:26,121.540800,31.248100, 64, 22,1
109,2007-02-20 22:17:27,121.549300,31.255000, 54, 22,1
109,2007-02-20 22:19:29,121.557500,31.261100, 46, 22,1
109,2007-02-20 22:21:31,121.565600,31.267800,  0, 22,1
109,2007-02-20 22:22:32,121.568500,31.270100, 42, 22,1
109,2007-02-20 22:23:33,121.571600,31.273100, 26, 22,1
109,2007-02-20 22:24:34,121.572600,31.280600, 28,  0,1
109,2007-02-20 22:25:35,121.571300,31.286100,  0,  0,1
109,2007-02-20 22:26:36,121.568300,31.291600, 60,157,1
109,2007-02-20 22:27:37,121.566600,31.293600, 22,  0,1
109,2007-02-20 22:28:38,121.571800,31.301300, 62, 22,1
109,2007-02-20 22:29:39,121.573800,31.305500, 32,  0,1
109,2007-02-20 22:30:40,121.573600,31.312600, 38,  0,1
109,2007-02-20 22:31:41,121.573600,31.321800, 24,  0,1
109,2007-02-20 22:32:42,121.572800,31.326800, 76,  0,1
109,2007-02-20 22:33:43,121.567100,31.335300,  0,157,1
109,2007-02-20 22:34:44,121.561800,31.342100, 74,157,1
109,2007-02-20 22:35:45,121.556100,31.350600, 60,157,1
109,2007-02-20 22:36:46,121.553500,31.352100, 56,135,1
109,2007-02-20 22:37:47,121.545800,31.352000, 40,157,1
109,2007-02-20 22:38:48,121.542100,31.348800, 54, 90,1
109,2007-02-20 22:39:49,121.537300,31.345600, 60,135,1
109,2007-02-20 22:40:50,121.529100,31.348800, 58,157,1
109,2007-02-20 22:43:09,121.515000,31.355500,  0,157,0
109,2007-02-20 22:44:09,121.515000,31.355500,  0, 90,0
109,2007-02-20 22:46:03,121.516100,31.355000, 40, 67,0
109,2007-02-20 22:46:19,121.518000,31.354100, 56, 67,0
109,2007-02-20 22:46:35,121.520100,31.353100, 56, 67,0
109,2007-02-20 22:46:51,121.522100,31.352300, 54, 67,0
109,2007-02-20 22:47:23,121.526000,31.350600, 58, 67,0
109,2007-02-20 22:47:39,121.528100,31.349500, 46, 67,0
109,2007-02-20 22:47:55,121.530300,31.348300, 54, 45,0
109,2007-02-20 22:48:11,121.532500,31.347500, 56, 45,0
109,2007-02-20 22:48:27,121.534800,31.346800, 50, 45,0
109,2007-02-20 22:48:43,121.536500,31.345800, 50, 45,0
109,2007-02-20 22:48:59,121.538600,31.345300, 60, 45,0
109,2007-02-20 22:49:15,121.540600,31.344800, 22, 22,0
109,2007-02-20 22:49:31,121.541100,31.346100, 52,  0,0
109,2007-02-20 22:49:47,121.542000,31.348300, 58,  0,0
109,2007-02-20 22:50:03,121.542800,31.350100, 58,  0,0
109,2007-02-20 22:50:51,121.546500,31.351500, 56, 67,0
109,2007-02-20 22:51:07,121.548300,31.351100, 44, 45,0
109,2007-02-20 22:51:39,121.552800,31.352000, 62, 45,0
109,2007-02-20 22:51:55,121.555000,31.352300, 28, 45,0
109,2007-02-20 22:52:25,121.555600,31.351500, 40, 67,0
109,2007-02-20 22:52:40,121.556500,31.349800, 58, 67,0
109,2007-02-20 22:52:57,121.557800,31.347500, 64, 67,0
109,2007-02-20 22:53:29,121.560800,31.343300, 62, 67,0
109,2007-02-20 22:53:45,121.562100,31.341600, 28, 67,0
109,2007-02-20 22:54:32,121.562800,31.340800, 48, 67,0
109,2007-02-20 22:54:48,121.564100,31.339000, 68, 67,0
109,2007-02-20 22:55:04,121.565800,31.336800, 64, 67,0
109,2007-02-20 22:55:20,121.566800,31.335500, 22, 90,0
109,2007-02-20 22:55:36,121.566100,31.334100, 52,112,0
109,2007-02-20 22:55:52,121.564500,31.332500, 48,112,0
109,2007-02-20 22:56:08,121.564300,31.331000, 46, 90,0
109,2007-02-20 22:56:24,121.564500,31.329300, 34, 90,0
109,2007-02-20 22:56:40,121.564300,31.327500, 62,112,0
109,2007-02-20 22:56:56,121.563300,31.325100, 58, 90,0
109,2007-02-20 22:57:12,121.562800,31.323000, 58, 90,0
109,2007-02-20 22:57:28,121.562500,31.320800, 60, 90,0
109,2007-02-20 22:58:00,121.562100,31.317000, 62, 90,0
109,2007-02-20 22:58:15,121.561800,31.314600, 56, 90,0
109,2007-02-20 22:58:32,121.562300,31.312000, 70, 90,0
109,2007-02-20 22:58:48,121.562300,31.309600, 56, 90,0
109,2007-02-20 22:59:04,121.562300,31.307500, 60, 90,0
109,2007-02-20 22:59:20,121.562800,31.305300, 54, 90,0
109,2007-02-20 22:59:35,121.563100,31.304000, 50, 90,0
109,2007-02-20 22:59:52,121.563800,31.301500, 52, 90,0
109,2007-02-20 23:00:08,121.562800,31.299600, 46, 90,0
109,2007-02-20 23:00:24,121.563800,31.297500, 64, 67,0
109,2007-02-20 23:00:40,121.565100,31.295500, 60, 67,0
109,2007-02-20 23:00:55,121.566100,31.294100, 26, 67,0
109,2007-02-20 23:01:12,121.567100,31.293100, 46, 67,0
109,2007-02-20 23:01:28,121.568300,31.291500, 58, 67,0
109,2007-02-20 23:01:44,121.569500,31.289500, 54, 67,0
109,2007-02-20 23:02:00,121.570600,31.287300, 68, 67,0
109,2007-02-20 23:02:15,121.571600,31.285100, 66, 90,0
109,2007-02-20 23:02:32,121.572100,31.282600, 60, 90,0
109,2007-02-20 23:03:25,121.572500,31.280500, 36, 90,0
109,2007-02-20 23:03:38,121.572600,31.279500, 38, 90,0
109,2007-02-20 23:04:00,121.573100,31.278100, 40, 90,0
109,2007-02-20 23:04:11,121.574500,31.278000, 52, 90,0
109,2007-02-20 23:04:22,121.576000,31.277300, 48, 90,0
109,2007-02-20 23:04:33,121.576800,31.276500, 38, 90,0
109,2007-02-20 23:04:44,121.577600,31.275500, 58, 90,0
109,2007-02-20 23:04:55,121.578600,31.274500, 56, 90,0
109,2007-02-20 23:05:06,121.579800,31.273300, 44, 90,0
109,2007-02-20 23:05:17,121.580800,31.272300, 50, 90,0
109,2007-02-20 23:05:28,121.581300,31.271500, 26, 90,0
109,2007-02-20 23:05:39,121.580800,31.271000, 30, 90,0
109,2007-02-20 23:05:50,121.580300,31.270600, 10, 90,0
109,2007-02-20 23:06:12,121.579600,31.270300,  8, 90,0
109,2007-02-20 23:06:23,121.579300,31.270000, 26, 90,0
109,2007-02-20 23:07:10,121.576100,31.267600, 28,112,0
109,2007-02-20 23:07:20,121.575500,31.267300,  8,112,0
109,2007-02-20 23:07:31,121.576000,31.267500, 10, 45,0
109,2007-02-20 23:07:42,121.576100,31.267300,  0, 67,0
109,2007-02-20 23:08:04,121.576100,31.267300,  0, 67,0
109,2007-02-20 23:08:26,121.576500,31.266800, 18, 67,0
109,2007-02-20 23:08:37,121.576500,31.266100, 18, 67,0
109,2007-02-20 23:08:48,121.576500,31.265800, 26, 67,0
109,2007-02-20 23:08:59,121.576300,31.265300,  0, 67,0
109,2007-02-20 23:09:10,121.576600,31.265300,  8, 67,0
109,2007-02-20 23:09:21,121.576600,31.265300,  0, 67,0
109,2007-02-20 23:09:32,121.576600,31.265300,  4, 67,0
109,2007-02-20 23:09:43,121.576800,31.265300,  2, 67,0
109,2007-02-20 23:09:54,121.576600,31.265300, 10, 67,0
109,2007-02-20 23:10:05,121.576100,31.265300, 18, 67,0
109,2007-02-20 23:10:16,121.575300,31.265500, 24, 67,0
109,2007-02-20 23:10:27,121.575000,31.265500,  2, 67,0
109,2007-02-20 23:10:38,121.575100,31.265600,  4, 67,0
109,2007-02-20 23:10:49,121.575100,31.265600,  0, 67,0
109,2007-02-20 23:11:00,121.575100,31.265600,  0, 67,0
109,2007-02-20 23:11:59,121.575100,31.265600,  0,  0,0
109,2007-02-20 23:12:10,121.575100,31.265600,  0,  0,0
109,2007-02-20 23:12:21,121.575100,31.265600,  0,  0,0
109,2007-02-20 23:12:54,121.575100,31.265600,  0,  0,0
109,2007-02-20 23:13:05,121.575100,31.265600,  0,  0,0
109,2007-02-20 23:13:16,121.575100,31.265600,  0,  0,0
109,2007-02-20 23:13:27,121.575100,31.265600,  4,  0,0
109,2007-02-20 23:13:38,121.575100,31.265600,  0,  0,0
109,2007-02-20 23:13:49,121.575100,31.265600,  4,  0,0
109,2007-02-20 23:14:00,121.575100,31.265600,  0,  0,0
109,2007-02-20 23:14:11,121.575100,31.265600,  0,  0,0
109,2007-02-20 23:14:22,121.575100,31.265600,  0,  0,0
109,2007-02-20 23:14:33,121.575100,31.265600,  0,  0,0
109,2007-02-20 23:14:44,121.575100,31.265600,  0,  0,0
109,2007-02-20 23:14:55,121.575100,31.265600,  0,  0,0
109,2007-02-20 23:15:15,121.575100,31.265500, 10,  0,1
109,2007-02-20 23:17:08,121.577100,31.268500, 30, 22,1
109,2007-02-20 23:18:09,121.580800,31.272300, 48,157,1
109,2007-02-20 23:19:10,121.577300,31.276000, 12,157,1
109,2007-02-20 23:20:11,121.579000,31.279300, 22,  0,1
109,2007-02-20 23:21:12,121.578800,31.278600,  0, 90,1
109,2007-02-20 23:22:14,121.578800,31.278600,  0, 90,1
109,2007-02-20 23:23:14,121.579500,31.282300, 38,  0,1
109,2007-02-20 23:24:15,121.580000,31.285600,  0,  0,1
109,2007-02-20 23:25:16,121.576000,31.286100, 34,135,1
109,2007-02-20 23:26:17,121.570800,31.287100, 50,157,1
109,2007-02-20 23:27:18,121.570300,31.291800, 32, 22,1
109,2007-02-20 23:28:19,121.571500,31.295000, 16, 45,1
109,2007-02-20 23:28:39,121.572800,31.295000,  2, 45,0
109,2007-02-20 23:28:54,121.572800,31.295000,  0, 45,0
109,2007-02-20 23:29:55,121.572800,31.295000,  0, 45,0
109,2007-02-20 23:30:29,121.571600,31.295000, 24,135,0
109,2007-02-20 23:30:53,121.571300,31.294100, 34, 90,0
109,2007-02-20 23:31:09,121.570500,31.293600, 44,135,0
109,2007-02-20 23:31:25,121.568500,31.293600, 50,135,0
109,2007-02-20 23:31:41,121.567100,31.293600,  8,135,0
109,2007-02-20 23:32:30,121.567000,31.293000, 44, 67,0
109,2007-02-20 23:32:46,121.568100,31.291600, 42, 67,0
109,2007-02-20 23:33:02,121.569100,31.290000, 48, 67,0
109,2007-02-20 23:33:34,121.571300,31.286100, 52, 90,0
109,2007-02-20 23:33:50,121.571800,31.284000, 54, 90,0
109,2007-02-20 23:34:06,121.572300,31.281800, 54, 90,0
109,2007-02-20 23:34:22,121.572600,31.279600, 58, 90,0
109,2007-02-20 23:34:38,121.572500,31.278100, 38, 90,0
109,2007-02-20 23:34:54,121.572100,31.276300, 56, 90,0
109,2007-02-20 23:35:10,121.571600,31.274500, 28, 90,0
109,2007-02-20 23:35:35,121.571600,31.273500, 42, 90,0
109,2007-02-20 23:35:51,121.570600,31.271800, 58,112,0
109,2007-02-20 23:36:07,121.569100,31.270600, 62,112,0
109,2007-02-20 23:36:23,121.567300,31.269100, 54,112,0
109,2007-02-20 23:37:24,121.566500,31.268600,  0,112,0
109,2007-02-20 23:38:25,121.566500,31.268500, 16,112,0
109,2007-02-20 23:38:41,121.567100,31.267600, 36,112,0
109,2007-02-20 23:38:57,121.568300,31.266300, 54,112,0
109,2007-02-20 23:39:13,121.569600,31.264600, 46, 67,0
109,2007-02-20 23:39:29,121.568800,31.263600, 50,112,0
109,2007-02-20 23:39:45,121.566800,31.262600, 46,112,0
109,2007-02-20 23:40:12,121.565800,31.262100, 12,112,0
109,2007-02-20 23:40:28,121.564500,31.261300, 56,112,0
109,2007-02-20 23:40:44,121.563000,31.260600,  0,112,0
109,2007-02-20 23:40:53,121.563000,31.260600, 18,112,1
109,2007-02-20 23:41:53,121.559600,31.258800, 46,112,1
109,2007-02-20 23:42:54,121.556500,31.256800, 10,112,1
109,2007-02-20 23:43:55,121.551800,31.257000, 18,157,1
109,2007-02-20 23:44:56,121.550000,31.255800,  0,112,1
109,2007-02-20 23:45:57,121.551100,31.254100, 66, 67,1
109,2007-02-20 23:46:58,121.545300,31.254000, 84,157,1
109,2007-02-20 23:47:59,121.536000,31.261600, 80,157,1
109,2007-02-20 23:49:00,121.529300,31.270600, 82,157,1
109,2007-02-20 23:50:01,121.521600,31.279100, 66,157,1
109,2007-02-20 23:51:02,121.518000,31.287300, 34,157,1
109,2007-02-20 23:52:03,121.517800,31.287500,  0,  0,1
109,2007-02-20 23:53:04,121.517600,31.288000, 28,157,1
109,2007-02-20 23:54:05,121.515100,31.293300,  0,157,1
109,2007-02-20 23:55:06,121.513300,31.297600, 58,157,1
109,2007-02-20 23:56:07,121.511000,31.302600, 34,112,1
109,2007-02-20 23:56:51,121.512000,31.299800,  0, 67,0
109,2007-02-20 23:57:07,121.512000,31.299800,  0, 67,0
109,2007-02-20 23:57:48,121.512500,31.299000, 34, 67,0
109,2007-02-20 23:58:04,121.513100,31.297500, 44, 90,0
109,2007-02-20 23:58:20,121.513500,31.296300, 28,112,0
109,2007-02-20 23:58:52,121.510800,31.295800, 40,135,0
109,2007-02-20 23:59:32,121.508600,31.296300, 18,135,0
109,2007-02-20 23:59:48,121.507600,31.295300, 50,112,0
