127,2007-02-20 00:00:18,121.509800,31.303500,  0,157,0
127,2007-02-20 00:01:19,121.509600,31.303500,  0,157,0
127,2007-02-20 00:02:20,121.509600,31.303500,  0,157,0
127,2007-02-20 00:03:21,121.509600,31.303500,  0,157,0
127,2007-02-20 00:04:22,121.509600,31.303500,  0,157,0
127,2007-02-20 00:05:23,121.509600,31.303500,  0,157,0
127,2007-02-20 00:06:24,121.509600,31.303800, 26,157,0
127,2007-02-20 00:06:25,121.509600,31.304000, 28,157,1
127,2007-02-20 00:07:25,121.507300,31.309000, 58,157,1
127,2007-02-20 00:08:26,121.508800,31.312300, 60,  0,1
127,2007-02-20 00:09:27,121.511100,31.315800, 44,  0,1
127,2007-02-20 00:10:28,121.516600,31.321800, 40, 22,1
127,2007-02-20 00:11:28,121.519600,31.324500, 40, 45,1
127,2007-02-20 00:12:30,121.521300,31.328000, 56,  0,1
127,2007-02-20 00:13:31,121.528100,31.330500, 60, 45,1
127,2007-02-20 00:14:32,121.536100,31.330000,  0, 45,1
127,2007-02-20 00:14:57,121.536300,31.330100,  4, 22,0
127,2007-02-20 00:15:18,121.535300,31.330100, 24,135,0
127,2007-02-20 00:15:35,121.534000,31.330300, 22,135,0
127,2007-02-20 00:15:52,121.532800,31.330300, 32,135,0
127,2007-02-20 00:16:16,121.531600,31.330300, 18,135,0
127,2007-02-20 00:16:33,121.530000,31.330500, 46,135,1
127,2007-02-20 00:17:33,121.526800,31.330500, 48,135,1
127,2007-02-20 00:18:35,121.521300,31.329600, 44,112,1
127,2007-02-20 00:20:37,121.516600,31.321800, 42,112,1
127,2007-02-20 00:21:38,121.518000,31.321800, 46, 67,1
127,2007-02-20 00:26:42,121.521600,31.324300, 12,  0,0
127,2007-02-20 00:26:58,121.521600,31.325300, 32,  0,0
127,2007-02-20 00:27:13,121.521500,31.326600, 32,  0,0
127,2007-02-20 00:27:30,121.521300,31.328100, 38,  0,0
127,2007-02-20 00:27:46,121.521300,31.329500, 32, 22,0
127,2007-02-20 00:29:03,121.522800,31.330800,  0,  0,0
127,2007-02-20 00:30:03,121.522800,31.330800,  0,  0,0
127,2007-02-20 00:31:05,121.522800,31.330800,  0,  0,0
127,2007-02-20 00:31:38,121.523000,31.331600, 32, 22,0
127,2007-02-20 00:31:55,121.523800,31.333000, 42,  0,0
127,2007-02-20 00:32:11,121.524300,31.334300, 36,  0,0
127,2007-02-20 00:32:27,121.524600,31.335800, 46,  0,0
127,2007-02-20 00:32:43,121.524800,31.337300, 34,  0,0
127,2007-02-20 00:32:58,121.524800,31.338500, 36,  0,0
127,2007-02-20 00:33:15,121.524600,31.340100, 40,  0,0
127,2007-02-20 00:33:31,121.524600,31.341500, 20,  0,0
127,2007-02-20 00:34:13,121.524100,31.342300, 30,157,0
127,2007-02-20 00:34:28,121.522600,31.343000, 48,157,0
127,2007-02-20 00:34:45,121.520600,31.343800, 50,157,0
127,2007-02-20 00:35:01,121.518600,31.344600, 46,157,0
127,2007-02-20 00:35:17,121.516800,31.345500, 44,157,0
127,2007-02-20 00:35:33,121.515100,31.346300, 44,157,0
127,2007-02-20 00:35:48,121.513500,31.347000, 46,157,0
127,2007-02-20 00:39:06,121.496000,31.357000, 52,  0,0
127,2007-02-20 00:39:38,121.494100,31.361000, 56,  0,0
127,2007-02-20 00:40:10,121.492800,31.364500, 48,  0,0
127,2007-02-20 00:40:26,121.492100,31.366300, 52,  0,0
127,2007-02-20 00:40:42,121.491300,31.368100, 48,  0,0
127,2007-02-20 00:40:58,121.490500,31.369800, 52,157,0
127,2007-02-20 00:41:13,121.489500,31.371500, 52,157,0
127,2007-02-20 00:41:30,121.488800,31.373300, 44,  0,0
127,2007-02-20 00:42:18,121.489300,31.374100, 24, 22,0
127,2007-02-20 00:42:35,121.490500,31.374600, 34, 22,0
127,2007-02-20 00:42:51,121.492100,31.375500, 44, 22,0
127,2007-02-20 00:43:07,121.493800,31.376300, 44, 22,0
127,2007-02-20 00:43:58,121.494600,31.377800, 36,157,0
127,2007-02-20 00:44:13,121.493800,31.379000, 38,157,0
127,2007-02-20 00:44:30,121.494100,31.380300, 40, 22,0
127,2007-02-20 00:44:46,121.495000,31.381800, 26, 22,0
127,2007-02-20 00:45:47,121.494800,31.382100,  0, 90,0
127,2007-02-20 00:47:31,121.494800,31.381800, 32,112,1
127,2007-02-20 00:48:31,121.491800,31.377000, 42,112,1
127,2007-02-20 00:49:31,121.488300,31.374500, 14, 90,1
127,2007-02-20 00:50:33,121.488500,31.372600, 48, 90,1
127,2007-02-20 00:51:33,121.492600,31.364300, 70, 90,1
127,2007-02-20 00:52:35,121.497500,31.353000, 94, 90,1
127,2007-02-20 00:53:36,121.492600,31.341000, 92,112,1
127,2007-02-20 00:54:37,121.484500,31.330100, 84,112,1
127,2007-02-20 00:55:38,121.480600,31.318500, 90, 90,1
127,2007-02-20 00:56:38,121.480800,31.306600, 90, 90,1
127,2007-02-20 00:57:40,121.485000,31.294800, 74, 90,1
127,2007-02-20 00:58:41,121.480500,31.290800,  0,112,1
127,2007-02-20 00:59:42,121.479100,31.287800,  0, 90,1
127,2007-02-20 01:00:42,121.477800,31.283600, 82, 90,1
127,2007-02-20 01:01:43,121.477800,31.282300, 30, 90,1
127,2007-02-20 01:02:45,121.473600,31.278100,  0, 90,1
127,2007-02-20 01:03:46,121.473500,31.278100,  8,112,1
127,2007-02-20 01:04:47,121.473100,31.278000,  0, 67,1
127,2007-02-20 01:05:48,121.481800,31.278100, 60, 45,1
127,2007-02-20 01:06:48,121.490100,31.278300, 54, 45,1
127,2007-02-20 01:07:50,121.495800,31.277500, 38, 67,1
127,2007-02-20 01:08:51,121.497800,31.275800, 42, 67,1
127,2007-02-20 01:10:53,121.502000,31.267300, 60, 67,1
127,2007-02-20 01:11:53,121.506100,31.262500, 84, 67,1
127,2007-02-20 01:12:54,121.513100,31.253600, 64, 67,1
127,2007-02-20 01:13:55,121.513500,31.253100,  0, 67,1
127,2007-02-20 01:15:58,121.522300,31.227000, 76, 90,1
127,2007-02-20 01:16:58,121.523300,31.225100, 30, 90,1
127,2007-02-20 01:18:00,121.524800,31.218100,  0, 90,1
127,2007-02-20 01:20:02,121.521600,31.210500,  0,112,1
127,2007-02-20 01:21:03,121.519300,31.206300, 30,112,1
127,2007-02-20 01:22:03,121.517500,31.203000,  0, 90,1
127,2007-02-20 01:23:05,121.520100,31.201800, 62, 45,1
127,2007-02-20 01:24:06,121.521600,31.195600,  0, 90,1
127,2007-02-20 01:25:07,121.520500,31.192600, 64, 90,1
127,2007-02-20 01:26:08,121.519100,31.189600, 50, 90,1
127,2007-02-20 01:27:08,121.514500,31.177600, 66, 90,1
127,2007-02-20 01:28:10,121.516600,31.167000, 56, 90,1
127,2007-02-20 01:31:13,121.522600,31.156300, 74, 67,1
127,2007-02-20 01:33:03,121.514800,31.146800, 42, 67,1
127,2007-02-20 01:36:01,121.518500,31.142300, 20, 22,0
127,2007-02-20 01:36:18,121.518000,31.143100, 30,157,0
127,2007-02-20 01:36:50,121.516500,31.145100, 34,157,0
127,2007-02-20 01:37:06,121.515500,31.146300, 40,157,0
127,2007-02-20 01:37:22,121.514800,31.147300, 32, 22,0
127,2007-02-20 01:37:38,121.516600,31.147800, 46, 45,0
127,2007-02-20 01:37:53,121.518100,31.148300, 24, 45,0
127,2007-02-20 01:38:33,121.520800,31.149100, 40, 45,0
127,2007-02-20 01:38:50,121.522300,31.149500, 20, 45,0
127,2007-02-20 01:39:06,121.523500,31.149800, 34, 45,0
127,2007-02-20 01:39:22,121.525100,31.150300, 42, 45,0
127,2007-02-20 01:39:38,121.526300,31.150800,  4, 45,0
127,2007-02-20 01:40:38,121.526300,31.151300, 34,157,0
127,2007-02-20 01:40:55,121.525300,31.152800, 42,157,0
127,2007-02-20 01:41:11,121.524300,31.154300, 54,157,0
127,2007-02-20 01:41:43,121.521800,31.157800, 46,157,0
127,2007-02-20 01:42:33,121.521100,31.158600, 16,157,0
127,2007-02-20 01:42:50,121.520300,31.160000, 46,157,0
127,2007-02-20 01:43:06,121.519300,31.161500, 46,157,0
127,2007-02-20 01:43:22,121.518300,31.163000, 54,157,0
127,2007-02-20 01:43:38,121.517500,31.165000, 46,  0,0
127,2007-02-20 01:44:01,121.517100,31.166000, 30,  0,0
127,2007-02-20 01:44:17,121.516600,31.167500, 50,  0,0
127,2007-02-20 01:44:33,121.516000,31.169500, 36,  0,0
127,2007-02-20 01:45:06,121.515600,31.170500, 38,  0,0
127,2007-02-20 01:45:22,121.515100,31.171800, 48,  0,0
127,2007-02-20 01:45:38,121.514500,31.173800, 58,  0,0
127,2007-02-20 01:45:53,121.514300,31.175600, 28,  0,0
127,2007-02-20 01:46:57,121.514800,31.178000, 36,  0,0
127,2007-02-20 01:47:13,121.515500,31.179300, 46,  0,0
127,2007-02-20 01:47:28,121.516000,31.181000, 32,  0,0
127,2007-02-20 01:48:30,121.516300,31.181600, 30,  0,0
127,2007-02-20 01:55:17,121.524000,31.202300, 44,112,0
127,2007-02-20 01:55:33,121.522100,31.201600, 44,135,0
127,2007-02-20 01:55:49,121.520000,31.202000, 54,135,0
127,2007-02-20 01:56:05,121.517600,31.202500, 58,135,0
127,2007-02-20 01:56:21,121.515000,31.203100, 64,135,0
127,2007-02-20 01:56:37,121.512100,31.203800, 66,135,0
127,2007-02-20 01:56:53,121.509600,31.204300, 58,135,0
127,2007-02-20 01:57:09,121.507100,31.205100, 60,135,0
127,2007-02-20 01:57:25,121.504800,31.206000, 46,135,0
127,2007-02-20 01:57:41,121.503000,31.206600, 54,135,0
127,2007-02-20 01:57:57,121.500600,31.207500, 56,157,0
127,2007-02-20 01:58:13,121.498500,31.208300, 52,135,0
127,2007-02-20 01:58:29,121.496500,31.209100, 46,157,0
127,2007-02-20 01:58:45,121.496100,31.210600, 46, 22,0
127,2007-02-20 01:59:01,121.498100,31.210600, 52, 67,0
127,2007-02-20 01:59:17,121.497600,31.209000, 50,135,0
127,2007-02-20 01:59:33,121.496300,31.210300, 48,  0,0
127,2007-02-20 01:59:49,121.498000,31.211800, 58, 22,0
127,2007-02-20 02:00:05,121.500000,31.213100, 58, 22,0
127,2007-02-20 02:00:21,121.501500,31.214300, 24, 22,0
127,2007-02-20 02:01:09,121.501500,31.218500, 48,157,0
127,2007-02-20 02:01:25,121.500800,31.220100, 52,  0,0
127,2007-02-20 02:01:41,121.500100,31.222100, 48,157,0
127,2007-02-20 02:02:34,121.499000,31.223800, 38,157,0
127,2007-02-20 02:02:50,121.498000,31.225000, 42,157,0
127,2007-02-20 02:03:06,121.496600,31.226300, 44,157,0
127,2007-02-20 02:03:22,121.495500,31.227600, 42,157,0
127,2007-02-20 02:03:38,121.494100,31.229000, 48,157,0
127,2007-02-20 02:03:54,121.492600,31.230100, 48,157,0
127,2007-02-20 02:04:10,121.491100,31.231500, 30,157,0
127,2007-02-20 02:04:53,121.490300,31.232300, 38,157,0
127,2007-02-20 02:05:09,121.488800,31.233600, 54,157,0
127,2007-02-20 02:07:11,121.485300,31.244300, 40,157,0
127,2007-02-20 02:07:27,121.484800,31.245800, 48,  0,0
127,2007-02-20 02:07:43,121.485000,31.247800, 54,  0,0
127,2007-02-20 02:07:59,121.485300,31.249500, 24,  0,0
127,2007-02-20 02:08:23,121.485100,31.250500, 36,  0,0
127,2007-02-20 02:08:39,121.484600,31.252000, 44,  0,0
127,2007-02-20 02:08:55,121.484100,31.253300, 16,  0,0
127,2007-02-20 02:09:23,121.483800,31.254300, 42,157,0
127,2007-02-20 02:09:39,121.482600,31.255600, 44,157,0
127,2007-02-20 02:09:55,121.483000,31.257100, 50, 22,0
127,2007-02-20 02:10:11,121.483800,31.259100, 52,  0,0
127,2007-02-20 02:10:43,121.484500,31.261800, 24,  0,0
127,2007-02-20 02:11:19,121.484800,31.262600, 30,  0,0
127,2007-02-20 02:11:35,121.485300,31.263800, 28,  0,0
127,2007-02-20 02:12:35,121.485600,31.264800, 38,  0,0
127,2007-02-20 02:13:07,121.487300,31.268000, 18, 22,0
127,2007-02-20 02:13:43,121.488100,31.268800, 34, 22,0
127,2007-02-20 02:13:59,121.489100,31.269800, 18, 22,0
127,2007-02-20 02:14:46,121.489500,31.270600, 34,157,0
127,2007-02-20 02:15:02,121.488500,31.272100, 44,157,0
127,2007-02-20 02:15:26,121.488000,31.273000, 14,157,0
127,2007-02-20 02:15:42,121.487300,31.274100, 42,157,0
127,2007-02-20 02:15:58,121.486300,31.275600, 52,157,0
127,2007-02-20 02:16:14,121.486000,31.277500, 42,  0,0
127,2007-02-20 02:17:15,121.486000,31.278000,  0,  0,0
127,2007-02-20 02:17:39,121.486000,31.279100, 32,  0,0
127,2007-02-20 02:17:55,121.486000,31.280300, 22,  0,0
127,2007-02-20 02:18:23,121.486000,31.281300, 34,  0,0
127,2007-02-20 02:18:44,121.486000,31.282300, 22,  0,0
127,2007-02-20 02:19:00,121.486100,31.283300, 30,  0,0
127,2007-02-20 02:19:27,121.486100,31.284500, 32,  0,0
127,2007-02-20 02:19:43,121.486100,31.286000, 38,  0,0
127,2007-02-20 02:19:59,121.486300,31.287500, 34,  0,0
127,2007-02-20 02:20:15,121.486300,31.289000, 38,  0,0
127,2007-02-20 02:20:31,121.486300,31.290500, 44,  0,0
127,2007-02-20 02:20:47,121.486300,31.292100, 42,  0,0
127,2007-02-20 02:21:03,121.486000,31.293500, 32,  0,0
127,2007-02-20 02:21:19,121.486000,31.294800, 44,  0,0
127,2007-02-20 02:21:35,121.485000,31.296100, 44,  0,0
127,2007-02-20 02:21:51,121.484300,31.297800, 52,  0,0
127,2007-02-20 02:22:23,121.482800,31.301500, 52,  0,0
127,2007-02-20 02:22:39,121.482100,31.303000, 16,157,0
127,2007-02-20 02:23:37,121.481800,31.304000, 40,  0,0
127,2007-02-20 02:23:53,121.481100,31.305300, 30,  0,0
127,2007-02-20 02:24:10,121.481100,31.306300, 16, 22,0
127,2007-02-20 02:25:11,121.481300,31.306600,  0,157,0
127,2007-02-20 02:26:12,121.481300,31.306600,  0,157,0
127,2007-02-20 02:27:13,121.481300,31.306800, 16,157,0
127,2007-02-20 02:27:38,121.481000,31.307800, 32,  0,0
127,2007-02-20 02:27:54,121.481000,31.309000, 30,  0,0
127,2007-02-20 02:28:21,121.481000,31.310000, 26,  0,0
127,2007-02-20 02:28:53,121.481000,31.313100, 52,  0,0
127,2007-02-20 02:29:09,121.480800,31.315500, 62,  0,0
127,2007-02-20 02:29:25,121.480800,31.317600, 62,  0,0
127,2007-02-20 02:29:41,121.480800,31.320100, 64,  0,0
127,2007-02-20 02:29:57,121.480800,31.322500, 68,  0,0
127,2007-02-20 02:30:13,121.481100,31.325300, 74,  0,0
127,2007-02-20 02:30:29,121.482800,31.327600, 68, 22,0
127,2007-02-20 02:30:45,121.484300,31.329600, 68, 22,0
127,2007-02-20 02:31:01,121.486000,31.331800, 68, 22,0
127,2007-02-20 02:31:33,121.489300,31.336100, 72, 22,0
127,2007-02-20 02:31:49,121.491000,31.338500, 70, 22,0
127,2007-02-20 02:32:05,121.492600,31.340600, 70, 22,0
127,2007-02-20 02:32:21,121.494000,31.343000, 70, 22,0
127,2007-02-20 02:32:37,121.495500,31.345500, 74, 22,0
127,2007-02-20 02:32:53,121.497000,31.348000, 76, 22,0
127,2007-02-20 02:33:09,121.498000,31.350500, 68,  0,0
127,2007-02-20 02:33:28,121.497500,31.353500, 68,  0,0
127,2007-02-20 02:33:41,121.496500,31.355500, 70,  0,0
127,2007-02-20 02:33:57,121.495500,31.357800, 66,  0,0
127,2007-02-20 02:34:13,121.494500,31.360000, 60,  0,0
127,2007-02-20 02:34:29,121.493600,31.362100, 64,  0,0
127,2007-02-20 02:34:45,121.492600,31.364600, 68,  0,0
127,2007-02-20 02:35:01,121.491800,31.366800, 56,  0,0
127,2007-02-20 02:35:17,121.491000,31.368500, 52,157,0
127,2007-02-20 02:35:33,121.490000,31.370500, 56,157,0
127,2007-02-20 02:35:49,121.489100,31.372100, 46,157,0
127,2007-02-20 02:36:05,121.488600,31.373600, 22,  0,0
127,2007-02-20 02:36:44,121.489600,31.374100, 30, 22,0
127,2007-02-20 02:37:16,121.492500,31.375600, 42, 22,0
127,2007-02-20 02:37:32,121.493800,31.376300, 40, 22,0
127,2007-02-20 02:38:05,121.494800,31.376800,  4, 22,0
127,2007-02-20 02:38:25,121.494600,31.377800, 30,157,0
127,2007-02-20 02:38:41,121.493800,31.379000, 36,157,0
127,2007-02-20 02:38:57,121.494000,31.380100, 38, 22,0
127,2007-02-20 02:39:13,121.494800,31.381500, 36, 22,0
127,2007-02-20 02:40:14,121.495000,31.382100,  0,112,0
127,2007-02-20 02:41:15,121.495000,31.382100,  0,112,0
127,2007-02-20 02:42:16,121.495000,31.382100,  0,112,0
127,2007-02-20 02:43:17,121.495000,31.382100,  0,112,0
127,2007-02-20 02:44:18,121.495000,31.382100,  0,112,0
127,2007-02-20 02:45:19,121.495000,31.382100,  0,112,0
127,2007-02-20 02:46:20,121.495000,31.382100,  0,112,0
127,2007-02-20 02:47:21,121.495000,31.382100,  0,112,0
127,2007-02-20 02:48:22,121.495000,31.382100,  0,112,0
127,2007-02-20 02:49:23,121.495000,31.382100,  0,112,0
127,2007-02-20 02:50:24,121.495000,31.382100,  0,112,0
127,2007-02-20 02:51:25,121.495000,31.382100,  0,112,0
127,2007-02-20 02:52:26,121.495000,31.382100,  0,112,0
127,2007-02-20 02:53:27,121.495000,31.382100,  0,112,0
127,2007-02-20 02:54:28,121.495000,31.382100,  0,112,0
127,2007-02-20 02:55:29,121.495000,31.382100,  0,112,0
127,2007-02-20 02:56:30,121.495000,31.382100,  0,112,0
127,2007-02-20 02:57:31,121.495000,31.382100,  0,112,0
127,2007-02-20 02:58:32,121.495000,31.382100,  0,112,0
127,2007-02-20 02:59:33,121.495000,31.382100,  0,112,0
127,2007-02-20 03:00:34,121.495000,31.382100,  0,112,0
127,2007-02-20 03:01:35,121.495000,31.382100,  0,112,0
127,2007-02-20 03:02:36,121.495000,31.382100,  0,112,0
127,2007-02-20 03:03:37,121.495000,31.382100,  0,112,0
127,2007-02-20 03:04:38,121.495000,31.382100,  0,112,0
127,2007-02-20 03:05:39,121.495000,31.382100,  0,112,0
127,2007-02-20 03:08:42,121.495000,31.382100,  0,112,0
127,2007-02-20 03:09:43,121.495000,31.382100,  0,112,0
127,2007-02-20 03:10:44,121.495000,31.382100,  0,112,0
127,2007-02-20 03:11:45,121.495000,31.382100,  0,112,0
127,2007-02-20 03:12:46,121.495000,31.382100,  0,112,0
127,2007-02-20 03:14:48,121.495000,31.382100,  0,112,0
127,2007-02-20 03:15:49,121.495000,31.382100,  0,112,0
127,2007-02-20 03:16:50,121.495000,31.382100,  0,112,0
127,2007-02-20 03:17:51,121.495000,31.382100,  0,112,0
127,2007-02-20 03:18:52,121.495000,31.382100,  0,112,0
127,2007-02-20 03:19:53,121.495000,31.382100,  0,112,0
127,2007-02-20 03:20:54,121.495000,31.382100,  0,112,0
127,2007-02-20 03:21:55,121.495000,31.382100,  0,112,0
127,2007-02-20 03:22:56,121.495000,31.382100,  0,112,0
127,2007-02-20 03:23:57,121.495000,31.382100,  0,112,0
127,2007-02-20 03:24:58,121.495000,31.382100,  0,112,0
127,2007-02-20 03:25:59,121.495000,31.382100,  0,112,0
127,2007-02-20 03:27:00,121.495000,31.382100,  0,112,0
127,2007-02-20 03:28:01,121.495000,31.382100,  0,112,0
127,2007-02-20 03:29:02,121.495000,31.382100,  0,112,0
127,2007-02-20 03:30:03,121.495000,31.382100,  0,112,0
127,2007-02-20 03:31:04,121.495000,31.382100,  0,112,0
127,2007-02-20 03:32:05,121.495000,31.382100,  0,112,0
127,2007-02-20 03:33:06,121.495000,31.382100,  0,112,0
127,2007-02-20 03:34:07,121.495000,31.382100,  0,112,0
127,2007-02-20 03:35:08,121.495000,31.382100,  0,112,0
127,2007-02-20 03:36:09,121.495000,31.382100,  0,112,0
127,2007-02-20 03:37:10,121.495000,31.382100,  0,112,0
127,2007-02-20 03:38:11,121.495000,31.382100,  0,112,0
127,2007-02-20 03:39:12,121.495000,31.382100,  0,112,0
127,2007-02-20 03:40:13,121.495000,31.382100,  0,112,0
127,2007-02-20 03:41:15,121.495000,31.382100,  0,112,0
127,2007-02-20 03:42:15,121.495000,31.382100,  0,112,0
127,2007-02-20 03:43:17,121.495000,31.382100,  0,112,0
127,2007-02-20 03:44:18,121.495000,31.382100,  0,112,0
127,2007-02-20 03:45:18,121.495000,31.382100,  0,112,0
127,2007-02-20 03:46:19,121.495000,31.382100,  0,112,0
127,2007-02-20 03:47:21,121.495000,31.382100,  0,112,0
127,2007-02-20 03:49:22,121.495000,31.382100,  0,112,0
127,2007-02-20 03:50:23,121.495000,31.382100,  0,112,0
127,2007-02-20 03:51:24,121.495000,31.382100,  0,112,0
127,2007-02-20 03:52:25,121.495000,31.382100,  0,112,0
127,2007-02-20 03:53:26,121.495000,31.382100,  0,112,0
127,2007-02-20 03:55:28,121.495000,31.382100,  0,112,0
127,2007-02-20 03:56:29,121.495000,31.382100,  0,112,0
127,2007-02-20 03:57:30,121.495000,31.382100,  0,112,0
127,2007-02-20 03:58:31,121.495000,31.382100,  0,112,0
127,2007-02-20 03:59:32,121.495000,31.382100,  0,112,0
127,2007-02-20 04:00:33,121.495000,31.382100,  0,112,0
127,2007-02-20 04:01:34,121.495000,31.382100,  0,112,0
127,2007-02-20 04:02:35,121.495000,31.382100,  0,112,0
127,2007-02-20 04:03:36,121.495000,31.382100,  0,112,0
127,2007-02-20 04:04:37,121.495000,31.382100,  0,112,0
127,2007-02-20 04:06:39,121.495000,31.382100,  0,112,0
127,2007-02-20 04:07:40,121.495000,31.382100,  0,112,0
127,2007-02-20 04:08:41,121.495000,31.382100,  0,112,0
127,2007-02-20 04:09:42,121.495000,31.382100,  0,112,0
127,2007-02-20 04:10:43,121.495000,31.382100,  0,112,0
127,2007-02-20 04:11:44,121.495000,31.382100,  0,112,0
127,2007-02-20 04:12:45,121.495000,31.382100,  0,112,0
127,2007-02-20 04:14:47,121.495000,31.382100,  0,112,0
127,2007-02-20 04:15:47,121.495000,31.382100,  0,112,0
127,2007-02-20 04:16:48,121.495000,31.382100,  0,112,0
127,2007-02-20 04:17:49,121.495000,31.382100,  0,112,0
127,2007-02-20 04:18:50,121.494800,31.382100,  0,112,0
127,2007-02-20 04:19:51,121.494800,31.382100,  0,112,0
127,2007-02-20 04:20:52,121.494800,31.382100,  0,112,0
127,2007-02-20 04:21:53,121.494800,31.382100,  0,112,0
127,2007-02-20 04:23:18,121.494800,31.382100,  0,112,0
127,2007-02-20 04:24:19,121.494800,31.382100,  0,112,0
127,2007-02-20 04:25:20,121.494800,31.382100,  0,112,0
127,2007-02-20 04:26:21,121.494800,31.382100,  0,112,0
127,2007-02-20 04:27:22,121.494800,31.382100,  0,112,0
127,2007-02-20 04:28:22,121.494800,31.382100,  0,112,0
127,2007-02-20 04:29:24,121.494800,31.382100,  0,112,0
127,2007-02-20 04:30:25,121.494800,31.382100,  0,112,0
127,2007-02-20 04:31:26,121.494800,31.382100,  0,112,0
127,2007-02-20 04:32:27,121.494800,31.382100,  0,112,0
127,2007-02-20 04:33:27,121.494800,31.382100,  0,112,0
127,2007-02-20 04:35:30,121.494800,31.382100,  0,112,0
127,2007-02-20 04:36:31,121.494800,31.382100,  0,112,0
127,2007-02-20 04:37:32,121.494800,31.382100,  0,112,0
127,2007-02-20 04:38:32,121.494800,31.382100,  0,112,0
127,2007-02-20 04:39:34,121.494800,31.382100,  0,112,0
127,2007-02-20 04:40:35,121.494800,31.382100,  0,112,0
127,2007-02-20 04:41:36,121.494800,31.382100,  0,112,0
127,2007-02-20 04:42:37,121.494800,31.382100,  0,112,0
127,2007-02-20 04:43:57,121.495500,31.383000, 30, 22,0
127,2007-02-20 04:44:37,121.496000,31.383800, 26,  0,0
127,2007-02-20 04:44:54,121.496500,31.385000, 30, 22,0
127,2007-02-20 04:45:10,121.497100,31.386000, 34, 22,0
127,2007-02-20 04:45:26,121.497800,31.387100, 16, 22,0
127,2007-02-20 04:46:27,121.497600,31.387300,  0,112,0
127,2007-02-20 04:47:27,121.497600,31.387300,  0,112,0
127,2007-02-20 04:48:28,121.497600,31.387300,  0,112,0
127,2007-02-20 04:49:29,121.497600,31.387300,  0,112,0
127,2007-02-20 04:50:30,121.497600,31.387300,  0,112,0
127,2007-02-20 04:51:32,121.497600,31.387300,  0,112,0
127,2007-02-20 04:53:33,121.497600,31.387300,  0,112,0
127,2007-02-20 04:54:34,121.497600,31.387300,  0,112,0
127,2007-02-20 04:56:36,121.497600,31.387300,  0,112,0
127,2007-02-20 04:57:37,121.497600,31.387300,  0,112,0
127,2007-02-20 04:58:38,121.497600,31.387300,  0,112,0
127,2007-02-20 04:59:39,121.497600,31.387300,  0,112,0
127,2007-02-20 05:00:40,121.497600,31.387300,  0,112,0
127,2007-02-20 05:01:41,121.497600,31.387300,  0,112,0
127,2007-02-20 05:02:42,121.497600,31.387300,  0,112,0
127,2007-02-20 05:03:43,121.497600,31.387300,  0,112,0
127,2007-02-20 05:04:44,121.497600,31.387300,  2, 90,0
127,2007-02-20 05:05:17,121.498300,31.388100, 20, 22,0
127,2007-02-20 05:05:33,121.498800,31.389000, 34, 22,0
127,2007-02-20 05:05:58,121.499000,31.390000, 26,  0,0
127,2007-02-20 05:06:14,121.498600,31.391100, 34,157,0
127,2007-02-20 05:06:30,121.497500,31.392300, 38,157,0
127,2007-02-20 05:06:46,121.496600,31.393100,  8,157,0
127,2007-02-20 05:07:47,121.496600,31.393100,  0,157,0
127,2007-02-20 05:08:48,121.496600,31.393100,  0,157,0
127,2007-02-20 05:10:50,121.496600,31.393100,  0,157,0
127,2007-02-20 05:11:51,121.496600,31.393100,  0,157,0
127,2007-02-20 05:12:52,121.496600,31.393100,  0,157,0
127,2007-02-20 05:13:53,121.496600,31.393100,  0,157,0
127,2007-02-20 05:14:54,121.496600,31.393100,  0,157,0
127,2007-02-20 05:15:55,121.496600,31.393100,  0,157,0
127,2007-02-20 05:16:56,121.496600,31.393100,  0,157,0
127,2007-02-20 05:17:57,121.496600,31.393100,  0,157,0
127,2007-02-20 05:18:58,121.496600,31.393100,  0,157,0
127,2007-02-20 05:19:59,121.496600,31.393100,  0,157,0
127,2007-02-20 05:21:00,121.496600,31.393100,  0,157,0
127,2007-02-20 05:22:01,121.496600,31.393100,  0,157,0
127,2007-02-20 05:23:02,121.496600,31.393100,  0,157,0
127,2007-02-20 05:24:03,121.496600,31.393100,  0,157,0
127,2007-02-20 05:25:04,121.496600,31.393100,  0,157,0
127,2007-02-20 05:26:05,121.496800,31.392800, 26, 90,0
127,2007-02-20 05:26:17,121.495600,31.392100, 56,112,1
127,2007-02-20 05:27:18,121.490800,31.387600, 56,112,1
127,2007-02-20 05:28:19,121.483600,31.384500,  6,112,1
127,2007-02-20 05:29:20,121.483600,31.384300,  0,112,1
127,2007-02-20 05:30:21,121.483600,31.384300,  4,112,1
127,2007-02-20 05:31:03,121.483300,31.383800,  0, 90,0
127,2007-02-20 05:31:56,121.483100,31.383300, 22,157,0
127,2007-02-20 05:32:57,121.483100,31.384000,  0, 22,0
127,2007-02-20 05:33:49,121.484100,31.384500, 32, 22,0
127,2007-02-20 05:34:05,121.485500,31.385100, 36, 22,0
127,2007-02-20 05:34:35,121.486500,31.385500, 26, 22,0
127,2007-02-20 05:34:51,121.487800,31.386100, 34, 22,0
127,2007-02-20 05:36:00,121.490100,31.387100, 24, 22,0
127,2007-02-20 05:36:16,121.491300,31.387800, 36, 22,0
127,2007-02-20 05:36:33,121.492600,31.388600, 24, 22,0
127,2007-02-20 05:37:33,121.493000,31.389000,  0, 22,0
127,2007-02-20 05:38:34,121.493000,31.389000,  0, 22,0
127,2007-02-20 05:39:33,121.493500,31.389600, 18,  0,0
127,2007-02-20 05:39:50,121.493000,31.390600, 30,  0,0
127,2007-02-20 05:40:08,121.493600,31.391300, 28, 22,0
127,2007-02-20 05:40:24,121.495000,31.392000, 36, 22,0
127,2007-02-20 05:40:40,121.496300,31.392500, 32, 22,0
127,2007-02-20 05:41:41,121.496600,31.393100,  0,157,0
127,2007-02-20 05:42:42,121.496600,31.393100,  0,157,0
127,2007-02-20 05:43:43,121.496600,31.393100,  0,157,0
127,2007-02-20 05:44:44,121.496600,31.393100,  0,157,0
127,2007-02-20 05:45:45,121.496600,31.393100,  0,157,0
127,2007-02-20 05:46:46,121.496600,31.393100,  0,157,0
127,2007-02-20 05:47:47,121.496600,31.393100,  0,157,0
127,2007-02-20 05:49:49,121.496600,31.393100,  0,157,0
127,2007-02-20 05:50:50,121.496600,31.393100,  0,157,0
127,2007-02-20 05:51:51,121.496600,31.393100,  0,157,0
127,2007-02-20 05:52:52,121.496600,31.393100,  0,157,0
127,2007-02-20 05:53:53,121.496600,31.393100,  0,157,0
127,2007-02-20 05:54:54,121.496600,31.393100,  0,157,0
127,2007-02-20 05:55:55,121.496600,31.393100,  0,157,0
127,2007-02-20 05:56:56,121.496600,31.393100,  0,157,0
127,2007-02-20 05:58:36,121.497100,31.394000, 16,157,0
127,2007-02-20 05:59:24,121.497000,31.394600,  2,135,0
127,2007-02-20 06:00:25,121.496800,31.394600,  0,135,0
127,2007-02-20 06:01:26,121.496800,31.394600,  0,135,0
127,2007-02-20 06:02:27,121.496800,31.394600,  0,135,0
127,2007-02-20 06:03:28,121.496800,31.394600,  0,135,0
127,2007-02-20 06:04:29,121.496800,31.394600,  0,135,0
127,2007-02-20 06:05:30,121.496800,31.394600,  0,135,0
127,2007-02-20 06:06:31,121.496800,31.394600,  0,135,0
127,2007-02-20 06:07:32,121.496800,31.394600,  0,135,0
127,2007-02-20 06:08:33,121.496800,31.394800,  0,135,0
127,2007-02-20 06:10:35,121.496800,31.394800,  0,135,0
127,2007-02-20 06:11:36,121.496800,31.394800,  0,135,0
127,2007-02-20 06:12:37,121.496800,31.394800,  0,135,0
127,2007-02-20 06:13:38,121.496800,31.394800,  0,135,0
127,2007-02-20 06:14:39,121.496800,31.394800,  0,135,0
127,2007-02-20 06:15:40,121.496800,31.394800,  0,135,0
127,2007-02-20 06:16:41,121.496800,31.394800,  0,135,0
127,2007-02-20 06:17:42,121.496800,31.394800,  0,135,0
127,2007-02-20 06:18:43,121.496800,31.394800,  0,135,0
127,2007-02-20 06:19:44,121.496800,31.394800,  0,135,0
127,2007-02-20 06:20:45,121.496800,31.394800,  0,135,0
127,2007-02-20 06:22:47,121.496800,31.394800,  0,135,0
127,2007-02-20 06:23:48,121.496800,31.394800,  0,135,0
127,2007-02-20 06:24:49,121.496800,31.394800,  0,135,0
127,2007-02-20 06:25:50,121.496800,31.394800,  0,135,0
127,2007-02-20 06:26:51,121.496800,31.394800,  0,135,0
127,2007-02-20 06:28:53,121.496800,31.394800,  0,135,0
127,2007-02-20 06:29:54,121.496800,31.394800,  0,135,0
127,2007-02-20 06:30:55,121.496800,31.394800,  0,135,0
127,2007-02-20 06:31:56,121.496800,31.394800,  0,135,0
127,2007-02-20 06:32:57,121.496800,31.394800,  0,135,0
127,2007-02-20 06:33:58,121.496800,31.394800,  0,135,0
127,2007-02-20 06:36:00,121.496800,31.394800,  0,135,0
127,2007-02-20 06:37:01,121.497000,31.394800,  4, 67,0
127,2007-02-20 06:37:27,121.498000,31.394600, 20, 45,0
127,2007-02-20 06:37:50,121.499100,31.395000, 18, 45,0
127,2007-02-20 06:38:15,121.500100,31.395500, 18,  0,0
127,2007-02-20 06:38:40,121.499600,31.396500, 12,157,0
127,2007-02-20 06:38:59,121.498600,31.396300, 26,135,0
127,2007-02-20 06:39:15,121.497600,31.396300, 26,157,0
127,2007-02-20 06:39:31,121.497100,31.397100, 22,157,0
127,2007-02-20 06:40:03,121.495800,31.399500, 32,157,0
127,2007-02-20 06:40:19,121.495500,31.400500, 20,  0,0
127,2007-02-20 06:40:57,121.495300,31.401500, 30,  0,0
127,2007-02-20 06:41:13,121.495000,31.402600, 36,  0,0
127,2007-02-20 06:41:29,121.494600,31.403800, 18,  0,0
127,2007-02-20 06:42:24,121.493600,31.404000, 32,135,0
127,2007-02-20 06:42:40,121.492100,31.403500, 38,135,0
127,2007-02-20 06:42:56,121.490600,31.403100, 26,135,0
127,2007-02-20 06:43:40,121.490100,31.404000, 10,  0,0
127,2007-02-20 06:43:59,121.489800,31.404800, 28,  0,0
127,2007-02-20 06:44:24,121.489000,31.405000, 38,135,0
127,2007-02-20 06:44:40,121.487300,31.404500, 38,135,0
127,2007-02-20 06:44:56,121.485600,31.404000, 40,135,0
127,2007-02-20 06:45:12,121.485000,31.403100, 38, 90,0
127,2007-02-20 06:45:28,121.485300,31.402000, 14, 90,0
127,2007-02-20 06:46:06,121.485600,31.401000, 36, 90,0
127,2007-02-20 06:46:22,121.486000,31.399500, 44, 90,0
127,2007-02-20 06:46:38,121.486500,31.398500,  6, 67,0
127,2007-02-20 06:46:54,121.487000,31.397500, 38, 67,0
127,2007-02-20 06:47:10,121.487800,31.396300, 40, 67,0
127,2007-02-20 06:47:26,121.488500,31.395300,  2, 67,0
127,2007-02-20 06:47:55,121.489000,31.394500, 42, 67,0
127,2007-02-20 06:48:31,121.490500,31.392100, 34, 67,0
127,2007-02-20 06:48:47,121.491300,31.391000, 40, 67,0
127,2007-02-20 06:49:03,121.492000,31.389800, 40, 67,0
127,2007-02-20 06:49:19,121.492100,31.388600, 38,112,0
127,2007-02-20 06:49:35,121.490800,31.387600, 38,112,0
127,2007-02-20 06:50:12,121.490100,31.387000, 26, 67,0
127,2007-02-20 06:50:44,121.491800,31.384300, 42, 90,0
127,2007-02-20 06:51:00,121.492100,31.382600, 34, 90,0
127,2007-02-20 06:51:16,121.492500,31.381300, 24, 67,0
127,2007-02-20 06:52:17,121.493100,31.381600,  0, 90,0
127,2007-02-20 06:53:18,121.493100,31.381800,  0, 90,0
127,2007-02-20 06:55:20,121.493300,31.381500,  0, 90,0
127,2007-02-20 06:56:21,121.493300,31.381500,  0, 90,0
127,2007-02-20 06:57:22,121.493300,31.381500,  0, 90,0
127,2007-02-20 06:58:23,121.493300,31.381500,  0, 90,0
127,2007-02-20 06:59:24,121.493300,31.381500,  0, 90,0
127,2007-02-20 07:00:25,121.493300,31.381500,  0, 90,0
127,2007-02-20 07:01:26,121.493300,31.381500,  0, 90,0
127,2007-02-20 07:03:13,121.490300,31.386800, 22,157,0
127,2007-02-20 07:03:29,121.490800,31.387600, 44, 22,0
127,2007-02-20 07:03:45,121.492300,31.388500, 36, 22,0
127,2007-02-20 07:04:22,121.492500,31.389300, 34,157,0
127,2007-02-20 07:04:38,121.491600,31.390600, 42,157,0
127,2007-02-20 07:04:54,121.490800,31.392000, 38,157,0
127,2007-02-20 07:05:10,121.490500,31.393000, 30, 22,0
127,2007-02-20 07:05:26,121.491800,31.393600, 36, 22,0
127,2007-02-20 07:05:42,121.493300,31.394300, 40, 22,0
127,2007-02-20 07:05:58,121.494800,31.395000, 38, 45,0
127,2007-02-20 07:06:14,121.496500,31.395500, 36, 45,0
127,2007-02-20 07:06:49,121.498600,31.396300, 26, 45,0
127,2007-02-20 07:07:04,121.499600,31.396600, 28, 45,0
127,2007-02-20 07:07:20,121.500800,31.396600, 32, 67,0
127,2007-02-20 07:07:36,121.501500,31.395300, 36, 90,0
127,2007-02-20 07:07:52,121.501800,31.394000, 38, 90,0
127,2007-02-20 07:08:08,121.502300,31.392600, 36, 90,0
127,2007-02-20 07:08:24,121.501800,31.391100, 40, 90,0
127,2007-02-20 07:08:40,121.500800,31.390600, 36,135,0
127,2007-02-20 07:08:56,121.499600,31.390800, 34,112,0
127,2007-02-20 07:09:29,121.499100,31.389800, 24,112,0
127,2007-02-20 07:09:45,121.498500,31.388600, 38,112,0
127,2007-02-20 07:10:01,121.497800,31.387300, 40,112,0
127,2007-02-20 07:10:17,121.497000,31.386000, 44,112,0
127,2007-02-20 07:10:33,121.496100,31.384500, 36,112,0
127,2007-02-20 07:11:16,121.495800,31.383600, 30, 90,0
127,2007-02-20 07:11:32,121.495100,31.382600,  0, 90,0
127,2007-02-20 07:12:33,121.494800,31.382000,  0,112,0
127,2007-02-20 07:13:34,121.494300,31.381100, 44, 90,0
127,2007-02-20 07:13:50,121.493600,31.380000, 38,112,0
127,2007-02-20 07:14:51,121.493500,31.379500,  0,112,0
127,2007-02-20 07:15:21,121.493800,31.378600, 46, 67,0
127,2007-02-20 07:15:37,121.494800,31.377500, 28, 67,0
127,2007-02-20 07:16:38,121.495000,31.377100,  6, 67,0
127,2007-02-20 07:17:01,121.496000,31.377300,  8, 45,0
127,2007-02-20 07:18:02,121.496300,31.377500,  0,  0,0
127,2007-02-20 07:19:03,121.496300,31.377500,  0,  0,0
127,2007-02-20 07:20:04,121.496300,31.377500,  0,  0,0
127,2007-02-20 07:21:05,121.496300,31.377500,  0,  0,0
127,2007-02-20 07:22:06,121.496300,31.377500,  0,  0,0
127,2007-02-20 07:23:07,121.496300,31.377500,  0,  0,0
127,2007-02-20 07:24:08,121.496300,31.377500,  0,  0,0
127,2007-02-20 07:25:09,121.496300,31.377500,  0,  0,0
127,2007-02-20 07:26:10,121.496300,31.377500,  0,  0,0
127,2007-02-20 07:27:11,121.496300,31.377500,  0,  0,0
127,2007-02-20 07:28:12,121.496300,31.377500,  0,  0,0
127,2007-02-20 07:29:13,121.496300,31.377500,  0,  0,0
127,2007-02-20 07:30:14,121.496300,31.377500,  0,  0,0
127,2007-02-20 07:31:15,121.496300,31.377500,  0,  0,0
127,2007-02-20 07:32:16,121.496300,31.377500,  0,  0,0
127,2007-02-20 07:33:17,121.496300,31.377500,  0,  0,0
127,2007-02-20 07:34:18,121.496300,31.377500,  0,  0,0
127,2007-02-20 07:35:19,121.496300,31.377500,  0,  0,0
127,2007-02-20 07:36:20,121.496300,31.377500,  0,  0,0
127,2007-02-20 07:37:21,121.496300,31.377500,  0,  0,0
127,2007-02-20 07:38:22,121.496300,31.377500,  0,  0,0
127,2007-02-20 07:39:23,121.496300,31.377500,  0,  0,0
127,2007-02-20 07:40:24,121.496300,31.377500,  0,  0,0
127,2007-02-20 07:42:26,121.496300,31.377500,  0,  0,0
127,2007-02-20 07:43:27,121.496300,31.377500,  0,  0,0
127,2007-02-20 07:44:28,121.496300,31.377500,  0,  0,0
127,2007-02-20 07:46:30,121.496300,31.377500,  0,  0,0
127,2007-02-20 07:47:31,121.496300,31.377500,  0,  0,0
127,2007-02-20 07:49:33,121.496300,31.377500,  0,  0,0
127,2007-02-20 07:50:34,121.496300,31.377500,  0,  0,0
127,2007-02-20 07:51:35,121.496300,31.377500,  0,  0,0
127,2007-02-20 07:53:37,121.496300,31.377500,  0,  0,0
127,2007-02-20 07:54:38,121.496300,31.377500,  0,  0,0
127,2007-02-20 07:55:39,121.496300,31.377500,  0,  0,0
127,2007-02-20 07:56:40,121.496300,31.377500,  0,  0,0
127,2007-02-20 07:57:41,121.496300,31.377500,  0,  0,0
127,2007-02-20 07:58:42,121.496300,31.377500,  0,  0,0
127,2007-02-20 07:59:43,121.496300,31.377500,  0,  0,0
127,2007-02-20 08:00:44,121.496300,31.377500,  0,  0,0
127,2007-02-20 08:01:17,121.496300,31.377600, 16,  0,1
127,2007-02-20 08:02:18,121.492500,31.377300, 34,112,1
127,2007-02-20 08:05:40,121.460300,31.367000, 68,135,1
127,2007-02-20 08:06:41,121.446000,31.362600,114,135,1
127,2007-02-20 08:07:42,121.430300,31.357800, 72,157,1
127,2007-02-20 08:08:43,121.428500,31.363600,  0,  0,1
127,2007-02-20 08:09:44,121.428500,31.363800, 34,  0,1
127,2007-02-20 08:12:13,121.421100,31.373300,  0,157,0
127,2007-02-20 08:12:28,121.421100,31.373300,  0,157,0
127,2007-02-20 08:13:20,121.421500,31.372600, 32, 22,0
127,2007-02-20 08:13:36,121.423600,31.373600, 70, 45,0
127,2007-02-20 08:13:52,121.425300,31.373800,  0, 45,0
127,2007-02-20 08:14:53,121.425600,31.373800,  0, 45,0
127,2007-02-20 08:14:55,121.425600,31.373800,  4, 45,1
127,2007-02-20 08:15:55,121.432300,31.374500, 54, 67,1
127,2007-02-20 08:16:56,121.432000,31.373600, 24,157,1
127,2007-02-20 08:17:57,121.432100,31.374100,  0, 45,1
127,2007-02-20 08:18:58,121.433000,31.373000, 20, 45,1
127,2007-02-20 08:19:59,121.435100,31.376600, 54, 22,1
127,2007-02-20 08:21:00,121.431800,31.375500, 58,112,1
127,2007-02-20 08:22:01,121.426300,31.374100,  0,135,1
127,2007-02-20 08:23:02,121.426300,31.374100,  0,135,1
127,2007-02-20 08:24:03,121.422600,31.373300, 50,112,1
127,2007-02-20 08:24:21,121.421600,31.373000, 10,112,0
127,2007-02-20 08:24:37,121.421600,31.373000,  0,112,0
127,2007-02-20 08:25:17,121.422500,31.373100, 42, 22,0
127,2007-02-20 08:25:33,121.424300,31.373800, 36, 45,0
127,2007-02-20 08:25:49,121.425500,31.373800,  2, 45,0
127,2007-02-20 08:26:35,121.426600,31.374000, 46, 45,0
127,2007-02-20 08:26:51,121.429300,31.374600, 74, 45,0
127,2007-02-20 08:27:07,121.432100,31.375500, 60, 45,0
127,2007-02-20 08:27:23,121.434800,31.376300, 46, 22,0
127,2007-02-20 08:27:43,121.435800,31.376600, 26, 45,0
127,2007-02-20 08:28:02,121.436600,31.376300, 30, 67,0
127,2007-02-20 08:28:18,121.437300,31.375100, 26, 67,0
127,2007-02-20 08:28:34,121.438000,31.373800, 40, 67,0
127,2007-02-20 08:28:50,121.438800,31.372600, 34, 67,0
127,2007-02-20 08:29:06,121.439800,31.371300, 46, 67,0
127,2007-02-20 08:29:22,121.440600,31.370000, 34, 67,0
127,2007-02-20 08:29:38,121.441300,31.368800, 30, 67,0
127,2007-02-20 08:30:21,121.443800,31.369500, 60, 22,1
127,2007-02-20 08:31:22,121.450500,31.367100, 72, 90,1
127,2007-02-20 08:32:23,121.451500,31.364800,  0, 90,1
127,2007-02-20 08:33:24,121.452500,31.362500, 74, 90,1
127,2007-02-20 08:36:07,121.463000,31.343500, 54, 45,1
127,2007-02-20 08:36:42,121.468300,31.345100,  0, 45,0
127,2007-02-20 08:36:58,121.468500,31.345300, 24, 22,0
127,2007-02-20 08:37:17,121.469500,31.345600, 44, 22,0
127,2007-02-20 08:37:33,121.472000,31.346500, 66, 45,0
127,2007-02-20 08:37:49,121.474600,31.347500, 66, 22,0
127,2007-02-20 08:38:05,121.477300,31.348300, 40, 45,0
127,2007-02-20 08:38:21,121.479000,31.348800, 48, 45,0
127,2007-02-20 08:38:37,121.481100,31.349600, 50, 45,0
127,2007-02-20 08:38:53,121.483100,31.350300, 42, 45,0
127,2007-02-20 08:39:09,121.484600,31.350800, 36, 22,0
127,2007-02-20 08:39:25,121.486100,31.351300, 46, 45,0
127,2007-02-20 08:39:41,121.488100,31.352000, 48, 45,0
127,2007-02-20 08:40:13,121.491800,31.353300,  0, 22,0
127,2007-02-20 08:41:04,121.493000,31.353800, 44, 45,0
127,2007-02-20 08:41:20,121.495100,31.354500, 60, 22,0
127,2007-02-20 08:41:36,121.496600,31.355600, 48,  0,0
127,2007-02-20 08:41:52,121.495800,31.357300, 54,  0,0
127,2007-02-20 08:42:24,121.494000,31.361500, 62,  0,0
127,2007-02-20 08:42:40,121.493300,31.363600, 52,  0,0
127,2007-02-20 08:42:56,121.492500,31.365300, 44,  0,0
127,2007-02-20 08:43:12,121.491800,31.366800, 42,  0,0
127,2007-02-20 08:43:28,121.491100,31.368300, 46,157,0
127,2007-02-20 08:43:44,121.490300,31.370100, 50,157,0
127,2007-02-20 08:44:00,121.489300,31.371800, 50,157,0
127,2007-02-20 08:44:33,121.489500,31.374100, 26, 22,0
127,2007-02-20 08:44:51,121.490500,31.374500, 40, 22,0
127,2007-02-20 08:45:07,121.491800,31.375100, 32, 22,0
127,2007-02-20 08:45:53,121.492800,31.375800, 34, 22,0
127,2007-02-20 08:46:09,121.494500,31.376600, 30, 22,0
127,2007-02-20 08:46:25,121.495500,31.377100, 24, 22,0
127,2007-02-20 08:46:49,121.496300,31.377600, 22,  0,0
127,2007-02-20 08:47:06,121.496300,31.378800, 30, 22,0
127,2007-02-20 08:47:22,121.497000,31.380000, 38,  0,0
127,2007-02-20 08:47:38,121.497500,31.381300, 30,  0,0
127,2007-02-20 08:47:54,121.496300,31.382100, 42,135,0
127,2007-02-20 08:48:55,121.495800,31.382300,  0,135,0
127,2007-02-20 08:49:56,121.495800,31.382300,  0,135,0
127,2007-02-20 08:50:57,121.495800,31.382300,  0,135,0
127,2007-02-20 08:51:58,121.495800,31.382300,  0,135,0
127,2007-02-20 08:52:59,121.495800,31.382300,  0,135,0
127,2007-02-20 08:55:01,121.495800,31.382300,  0,135,0
127,2007-02-20 08:56:02,121.495800,31.382300,  0,135,0
127,2007-02-20 08:57:03,121.495800,31.382300,  0,135,0
127,2007-02-20 08:58:04,121.495800,31.382300,  0,135,0
127,2007-02-20 08:59:05,121.495800,31.382300,  0,135,0
127,2007-02-20 09:00:06,121.495800,31.382300,  0,135,0
127,2007-02-20 09:02:08,121.495800,31.382300,  0,135,0
127,2007-02-20 09:03:09,121.495800,31.382300,  0,135,0
127,2007-02-20 09:04:10,121.495800,31.382300,  0,135,0
127,2007-02-20 09:05:11,121.495800,31.382300,  0,135,0
127,2007-02-20 09:06:12,121.495800,31.382300,  0,135,0
127,2007-02-20 09:07:13,121.495800,31.382300,  0,135,0
127,2007-02-20 09:08:14,121.495800,31.382300,  0,135,0
127,2007-02-20 09:09:15,121.495800,31.382300,  0,135,0
127,2007-02-20 09:10:16,121.495800,31.382300,  0,135,0
127,2007-02-20 09:11:17,121.495800,31.382300,  0,135,0
127,2007-02-20 09:12:18,121.495800,31.382300,  0,135,0
127,2007-02-20 09:13:19,121.495800,31.382300,  0,135,0
127,2007-02-20 09:14:20,121.495800,31.382300,  0,135,0
127,2007-02-20 09:15:21,121.495800,31.382300,  0,135,0
127,2007-02-20 09:16:22,121.495800,31.382300,  0,135,0
127,2007-02-20 09:18:24,121.495800,31.382300,  0,135,0
127,2007-02-20 09:19:25,121.495800,31.382300,  0,135,0
127,2007-02-20 09:20:26,121.495800,31.382300,  0,135,0
127,2007-02-20 09:21:27,121.495800,31.382300,  0,135,0
127,2007-02-20 09:22:28,121.495800,31.382300,  0,135,0
127,2007-02-20 09:23:29,121.495800,31.382300,  0,135,0
127,2007-02-20 09:24:30,121.495800,31.382300,  0,135,0
127,2007-02-20 09:25:31,121.495800,31.382300,  0,135,0
127,2007-02-20 09:26:32,121.495800,31.382300,  0,135,0
127,2007-02-20 09:27:33,121.495800,31.382300,  0,135,0
127,2007-02-20 09:28:34,121.495800,31.382300,  0,135,0
127,2007-02-20 09:29:35,121.495500,31.382800, 40,  0,0
127,2007-02-20 09:29:51,121.496000,31.384000, 36,  0,0
127,2007-02-20 09:30:07,121.494800,31.385600, 62,157,0
127,2007-02-20 09:30:23,121.493600,31.387600, 42,157,0
127,2007-02-20 09:30:39,121.492600,31.389000, 36,157,0
127,2007-02-20 09:30:55,121.491800,31.390300, 26,157,0
127,2007-02-20 09:31:11,121.491100,31.391300, 34,157,0
127,2007-02-20 09:31:27,121.490500,31.392300,  6,157,0
127,2007-02-20 09:31:56,121.490600,31.393000, 36, 22,0
127,2007-02-20 09:32:12,121.492300,31.393800, 48, 22,0
127,2007-02-20 09:32:28,121.494000,31.394600, 32, 22,0
127,2007-02-20 09:34:08,121.501000,31.396300, 40, 67,0
127,2007-02-20 09:34:24,121.501600,31.395100, 30, 90,0
127,2007-02-20 09:34:40,121.502000,31.393800, 40, 90,0
127,2007-02-20 09:34:56,121.502100,31.392500, 36, 90,0
127,2007-02-20 09:35:12,121.501800,31.391100, 38, 90,0
127,2007-02-20 09:35:28,121.501000,31.390600, 36,135,0
127,2007-02-20 09:35:44,121.499600,31.390800, 40,112,0
127,2007-02-20 09:36:00,121.499000,31.389500, 40,112,0
127,2007-02-20 09:36:16,121.498100,31.388100, 30,112,0
127,2007-02-20 09:37:17,121.498000,31.388000,  0, 90,0
127,2007-02-20 09:38:12,121.497600,31.387000, 32,112,0
127,2007-02-20 09:38:28,121.497000,31.385800, 40,112,0
127,2007-02-20 09:39:29,121.496500,31.385000,  0,112,0
127,2007-02-20 09:40:30,121.496500,31.385000,  0,112,0
127,2007-02-20 09:40:44,121.496500,31.384800, 14, 90,1
127,2007-02-20 09:41:45,121.492800,31.389000, 32,157,1
127,2007-02-20 09:42:45,121.488800,31.395100, 56,157,1
127,2007-02-20 09:43:46,121.485600,31.401300, 20,  0,1
127,2007-02-20 09:44:39,121.491000,31.403100,  0, 45,0
127,2007-02-20 09:44:54,121.491000,31.403100,  0, 45,0
127,2007-02-20 09:45:28,121.492100,31.403500, 44, 45,0
127,2007-02-20 09:45:43,121.493600,31.404000, 38, 45,0
127,2007-02-20 09:45:59,121.494600,31.403600, 30, 90,0
127,2007-02-20 09:46:21,121.495100,31.401800, 30, 90,0
127,2007-02-20 09:46:31,121.495300,31.401100, 20, 90,0
127,2007-02-20 09:46:48,121.494500,31.400500, 32,135,0
127,2007-02-20 09:47:03,121.493000,31.400100, 38,135,0
127,2007-02-20 09:47:19,121.491600,31.400100, 40,157,0
127,2007-02-20 09:47:35,121.491000,31.401800, 44,  0,0
127,2007-02-20 09:47:58,121.490600,31.402800, 20,  0,0
127,2007-02-20 09:48:13,121.490100,31.404000, 38,  0,0
127,2007-02-20 09:48:31,121.489600,31.405600, 38,  0,0
127,2007-02-20 09:49:01,121.489000,31.407500, 42,  0,0
127,2007-02-20 09:49:18,121.488300,31.409000, 42,157,0
127,2007-02-20 09:49:33,121.487800,31.410000,  0,  0,0
127,2007-02-20 09:49:58,121.486800,31.409800, 42,112,0
127,2007-02-20 09:50:14,121.485000,31.409300, 40,112,0
127,2007-02-20 09:50:30,121.483500,31.408600, 18,135,0
127,2007-02-20 09:50:46,121.482300,31.408100, 34,112,0
127,2007-02-20 09:51:03,121.480800,31.407500, 36,135,0
127,2007-02-20 09:51:18,121.479300,31.407000, 38,112,0
127,2007-02-20 09:51:34,121.478300,31.406600, 20,112,0
127,2007-02-20 09:52:35,121.477800,31.406500,  0,112,0
127,2007-02-20 09:53:18,121.477800,31.405600, 34, 67,0
127,2007-02-20 09:53:33,121.478300,31.404600, 22, 67,0
127,2007-02-20 09:53:49,121.478800,31.403800, 44, 90,0
127,2007-02-20 09:54:05,121.479500,31.402300, 40, 67,0
127,2007-02-20 09:54:39,121.480800,31.400300, 26, 45,0
127,2007-02-20 09:54:55,121.482300,31.400600, 36, 45,0
127,2007-02-20 09:55:11,121.484000,31.401100, 40, 45,0
127,2007-02-20 09:55:28,121.485600,31.401100, 40, 90,0
127,2007-02-20 09:55:43,121.486000,31.399600, 48, 90,0
127,2007-02-20 09:55:59,121.486500,31.398500, 10, 67,0
127,2007-02-20 09:56:15,121.487100,31.397300, 46, 67,0
127,2007-02-20 09:56:31,121.488100,31.395800, 42, 67,0
127,2007-02-20 09:56:48,121.489100,31.394300, 40, 67,0
127,2007-02-20 09:57:03,121.489800,31.393300, 26, 67,0
127,2007-02-20 09:57:43,121.490300,31.392300, 36, 67,0
127,2007-02-20 09:57:59,121.491000,31.391300, 42, 67,0
127,2007-02-20 09:58:15,121.492000,31.390000, 40, 67,0
127,2007-02-20 09:58:31,121.492500,31.389000, 24, 90,0
127,2007-02-20 09:58:48,121.491100,31.387800, 46,112,0
127,2007-02-20 09:59:03,121.489800,31.387000, 36,112,0
127,2007-02-20 10:01:14,121.489600,31.380300, 28, 67,0
127,2007-02-20 10:01:30,121.490300,31.379500, 28, 90,0
127,2007-02-20 10:01:46,121.491000,31.378100, 34, 67,0
127,2007-02-20 10:02:03,121.491800,31.377000, 44, 67,0
127,2007-02-20 10:02:18,121.492600,31.376000, 22, 45,0
127,2007-02-20 10:03:33,121.495000,31.377000, 20, 22,0
127,2007-02-20 10:03:50,121.496000,31.377100, 20, 45,0
127,2007-02-20 10:04:11,121.496300,31.378100, 34,  0,0
127,2007-02-20 10:04:28,121.496800,31.379600, 52,  0,0
127,2007-02-20 10:04:43,121.497300,31.381100, 38,  0,0
127,2007-02-20 10:04:59,121.496300,31.382100, 38,135,0
127,2007-02-20 10:05:15,121.495300,31.382600, 26,  0,0
127,2007-02-20 10:05:31,121.495800,31.384100, 42,  0,0
127,2007-02-20 10:05:48,121.494800,31.385800, 54,157,0
127,2007-02-20 10:06:03,121.493600,31.387500, 48,157,0
127,2007-02-20 10:06:19,121.492800,31.388800, 26,157,0
127,2007-02-20 10:06:36,121.492300,31.389600, 30,157,0
127,2007-02-20 10:06:53,121.491500,31.390800, 38,157,0
127,2007-02-20 10:07:08,121.491000,31.391800, 32,157,0
127,2007-02-20 10:07:24,121.490300,31.392800, 22,  0,0
127,2007-02-20 10:07:56,121.493300,31.394300, 38, 22,0
127,2007-02-20 10:09:09,121.498500,31.391500, 44, 67,0
127,2007-02-20 10:09:25,121.499000,31.389800, 44, 90,0
127,2007-02-20 10:09:41,121.498300,31.388100, 38,112,0
127,2007-02-20 10:09:58,121.497500,31.386800, 42,112,0
127,2007-02-20 10:10:13,121.496600,31.385300, 42,112,0
127,2007-02-20 10:10:29,121.496100,31.384300, 18,112,0
127,2007-02-20 10:10:45,121.495100,31.385000, 52,157,0
127,2007-02-20 10:11:01,121.494000,31.387000, 54,157,0
127,2007-02-20 10:11:48,121.492300,31.388600, 40,112,0
127,2007-02-20 10:12:04,121.491000,31.387800, 34,112,0
127,2007-02-20 10:12:38,121.490000,31.387100, 20,112,0
127,2007-02-20 10:12:54,121.488600,31.386500, 30,112,0
127,2007-02-20 10:13:10,121.487300,31.386000, 38,112,0
127,2007-02-20 10:13:30,121.486100,31.385500, 24,112,0
127,2007-02-20 10:14:31,121.485600,31.385100,  0, 22,0
127,2007-02-20 10:15:14,121.485500,31.385100, 10,135,1
127,2007-02-20 10:16:14,121.484100,31.384500,  0,112,1
127,2007-02-20 10:17:15,121.484300,31.384300,  0,112,1
127,2007-02-20 10:18:16,121.484000,31.384600,  0,112,1
127,2007-02-20 10:19:18,121.483800,31.384500, 12,135,1
127,2007-02-20 10:20:18,121.487100,31.377500, 80, 90,1
127,2007-02-20 10:21:19,121.491800,31.366500, 90, 90,1
127,2007-02-20 10:22:20,121.496800,31.354500, 92, 90,1
127,2007-02-20 10:23:22,121.493500,31.342500, 76,112,1
127,2007-02-20 10:24:23,121.486300,31.332500, 94,112,1
127,2007-02-20 10:26:25,121.480800,31.309600, 92, 90,1
127,2007-02-20 10:27:26,121.483500,31.298800, 42, 90,1
127,2007-02-20 10:28:27,121.486300,31.292000, 60, 90,1
127,2007-02-20 10:29:28,121.486300,31.288300,  0, 90,1
127,2007-02-20 10:30:29,121.485600,31.288300,  0, 90,1
127,2007-02-20 10:31:30,121.487100,31.287500, 44, 45,1
127,2007-02-20 10:33:32,121.500100,31.289000, 56, 45,1
127,2007-02-20 10:34:33,121.502600,31.288100,  0, 45,1
127,2007-02-20 10:35:34,121.504500,31.287500, 44, 45,1
127,2007-02-20 10:36:35,121.513100,31.287000, 64, 45,1
127,2007-02-20 10:37:35,121.517000,31.287800,  0, 45,1
127,2007-02-20 10:38:36,121.517000,31.287800,  0, 45,1
127,2007-02-20 10:39:38,121.517000,31.287800,  0, 45,1
127,2007-02-20 10:40:39,121.521300,31.288800, 20, 45,1
127,2007-02-20 10:41:40,121.524500,31.288800, 50, 67,1
127,2007-02-20 10:42:41,121.527100,31.283800, 38, 67,1
127,2007-02-20 10:43:28,121.528300,31.283100,  0, 22,0
127,2007-02-20 10:43:44,121.528300,31.283100,  0, 22,0
127,2007-02-20 10:44:45,121.529300,31.283600,  8, 22,0
127,2007-02-20 10:44:48,121.529300,31.283600, 10, 22,1
127,2007-02-20 10:45:49,121.534500,31.285800, 40, 22,1
127,2007-02-20 10:46:50,121.538600,31.288500,  0, 22,1
127,2007-02-20 10:47:51,121.541000,31.289600,  0, 45,1
127,2007-02-20 10:48:07,121.541000,31.289600,  0, 45,0
127,2007-02-20 10:48:57,121.540000,31.289300, 50,112,0
127,2007-02-20 10:49:12,121.538800,31.288800, 10,135,0
127,2007-02-20 10:49:30,121.538000,31.289600, 26,157,0
127,2007-02-20 10:49:46,121.537100,31.290500, 24,157,0
127,2007-02-20 10:50:06,121.536300,31.291100, 42,157,0
127,2007-02-20 10:50:22,121.535100,31.292100, 40,157,0
127,2007-02-20 10:50:47,121.534500,31.292800, 30,157,0
127,2007-02-20 10:51:04,121.533500,31.294100, 50,157,0
127,2007-02-20 10:51:36,121.530600,31.294000, 24,157,0
127,2007-02-20 10:51:52,121.530000,31.295500, 46,  0,0
127,2007-02-20 10:52:14,121.529800,31.296000, 14,157,1
127,2007-02-20 10:54:16,121.527600,31.306600,  0,  0,1
127,2007-02-20 10:55:17,121.527600,31.306600,  0,  0,1
127,2007-02-20 10:56:17,121.408800,31.339600,  0,157,1
127,2007-02-20 10:57:18,121.408800,31.339600,  0,157,1
127,2007-02-20 10:58:19,121.408800,31.339600,  0,157,1
127,2007-02-20 10:59:20,121.408800,31.339600,  0,157,1
127,2007-02-20 10:59:48,121.408800,31.339600,  0,157,0
127,2007-02-20 11:00:47,121.408800,31.339600,  0,157,0
127,2007-02-20 11:01:48,121.408800,31.339600,  0,157,0
127,2007-02-20 11:02:49,121.408800,31.339600,  0,157,0
127,2007-02-20 11:03:50,121.408800,31.339600,  0,157,0
127,2007-02-20 11:04:51,121.408800,31.339600,  0,157,0
127,2007-02-20 11:05:52,121.408800,31.339600,  0,157,0
127,2007-02-20 11:07:54,121.408800,31.339600,  0,157,0
127,2007-02-20 11:08:55,121.408800,31.339600,  0,157,0
127,2007-02-20 11:09:56,121.408800,31.339600,  0,157,0
127,2007-02-20 11:10:57,121.408800,31.339600,  0,157,0
127,2007-02-20 11:11:58,121.408800,31.339600,  0,157,0
127,2007-02-20 11:12:59,121.408800,31.339600,  0,157,0
127,2007-02-20 11:14:00,121.408800,31.339600,  0,157,0
127,2007-02-20 11:26:00,121.155100,31.999100,238, 67,0
127,2007-02-20 11:26:16,121.159600,31.991100,234, 67,0
127,2007-02-20 11:26:31,121.163600,31.984000,230, 67,0
127,2007-02-20 11:26:48,121.168300,31.976000,224, 67,0
127,2007-02-20 11:27:04,121.172600,31.968600,220, 67,0
127,2007-02-20 11:27:20,121.176800,31.961300,216, 67,0
127,2007-02-20 11:27:36,121.181000,31.954300,206, 67,0
127,2007-02-20 11:27:51,121.184100,31.947500,220, 67,0
127,2007-02-20 11:28:08,121.188800,31.939000,248, 67,0
127,2007-02-20 11:28:24,121.193000,31.931100,220, 67,0
127,2007-02-20 11:28:40,121.195000,31.923600,202, 90,0
127,2007-02-20 11:28:56,121.196800,31.916500,192, 67,0
127,2007-02-20 11:29:28,121.204300,31.904000,186, 67,0
127,2007-02-20 11:29:44,121.207300,31.897600,182, 90,0
127,2007-02-20 11:30:00,121.209100,31.891000,182, 90,0
127,2007-02-20 11:30:16,121.210300,31.884100,180, 90,0
127,2007-02-20 11:30:31,121.212600,31.878500,174, 67,0
127,2007-02-20 11:30:48,121.216300,31.872500,170, 67,0
127,2007-02-20 11:31:04,121.219500,31.866800,168, 90,0
127,2007-02-20 11:31:20,121.220800,31.860000,206, 90,0
127,2007-02-20 11:31:36,121.221000,31.852100,200, 90,0
127,2007-02-20 11:31:51,121.221500,31.845800,168, 90,0
127,2007-02-20 11:32:08,121.223100,31.839300,172, 90,0
127,2007-02-20 11:32:24,121.223800,31.833000,164, 90,0
127,2007-02-20 11:32:40,121.226800,31.827800,152, 67,0
127,2007-02-20 11:32:56,121.230000,31.823000,148, 67,0
127,2007-02-20 11:33:11,121.233000,31.818500,146, 67,0
127,2007-02-20 11:33:28,121.235600,31.812800,164, 90,0
127,2007-02-20 11:33:44,121.236800,31.806600,160, 90,0
127,2007-02-20 11:34:00,121.239100,31.801300,142, 67,0
127,2007-02-20 11:34:16,121.242000,31.796600,140, 67,0
127,2007-02-20 11:34:31,121.244500,31.792300,148, 90,0
127,2007-02-20 11:34:48,121.245500,31.786100,158, 90,0
127,2007-02-20 11:35:04,121.247000,31.781100,142, 90,0
127,2007-02-20 11:35:20,121.247800,31.775800,148, 90,0
127,2007-02-20 11:35:36,121.249100,31.770500,140, 90,0
127,2007-02-20 11:35:51,121.251500,31.766500,130, 67,0
127,2007-02-20 11:36:08,121.254300,31.761800,130, 67,0
127,2007-02-20 11:36:24,121.257000,31.757600,128, 67,0
127,2007-02-20 11:36:40,121.259500,31.753300,126, 67,0
127,2007-02-20 11:36:56,121.261800,31.749100,142, 67,0
127,2007-02-20 11:37:11,121.265500,31.744300,188, 67,0
127,2007-02-20 11:37:28,121.270000,31.737600,190, 67,0
127,2007-02-20 11:37:44,121.273500,31.732600,110, 67,0
127,2007-02-20 11:38:00,121.274600,31.730600, 38, 67,0
127,2007-02-20 11:38:16,121.275100,31.729800, 38, 67,0
127,2007-02-20 11:38:33,121.278800,31.727500,128, 67,0
127,2007-02-20 11:38:49,121.282800,31.724300,146, 67,0
127,2007-02-20 11:39:06,121.286100,31.719000,144, 67,0
127,2007-02-20 11:39:20,121.288100,31.716300, 88, 67,0
127,2007-02-20 11:39:36,121.289000,31.715100,  0, 67,0
127,2007-02-20 11:40:09,121.294800,31.706000, 80, 67,0
127,2007-02-20 11:40:25,121.296600,31.703500,106, 67,0
127,2007-02-20 11:40:41,121.300800,31.701000,118, 67,0
127,2007-02-20 11:40:56,121.304800,31.699000,104, 67,0
127,2007-02-20 11:41:13,121.307300,31.695600,102, 67,0
127,2007-02-20 11:41:29,121.355500,31.603500, 32,  0,0
127,2007-02-20 11:41:45,121.347100,31.621600, 88, 22,0
127,2007-02-20 11:42:01,121.464800,31.392500, 72, 22,0
127,2007-02-20 11:42:16,121.466100,31.393000,  0, 22,0
127,2007-02-20 11:42:33,121.467600,31.393800, 60, 22,0
127,2007-02-20 11:42:49,121.470600,31.395300, 92, 22,0
127,2007-02-20 11:43:05,121.473600,31.397100, 88, 22,0
127,2007-02-20 11:43:21,121.475300,31.397600, 26, 67,0
127,2007-02-20 11:44:00,121.475000,31.397500, 38, 90,0
127,2007-02-20 11:44:16,121.475800,31.395800, 52, 67,0
127,2007-02-20 11:44:31,121.476800,31.394100, 46, 67,0
127,2007-02-20 11:44:48,121.478000,31.394300, 50, 22,0
127,2007-02-20 11:45:04,121.479800,31.395100, 30, 45,0
127,2007-02-20 11:45:20,121.481100,31.393600, 64, 67,0
127,2007-02-20 11:45:36,121.482300,31.391800, 48, 67,0
127,2007-02-20 11:45:51,121.483500,31.390300, 42, 67,0
127,2007-02-20 11:46:08,121.484500,31.390100, 42, 22,0
127,2007-02-20 11:46:24,121.485800,31.390600, 18, 22,0
127,2007-02-20 11:46:40,121.486800,31.391100, 30, 45,0
127,2007-02-20 11:47:03,121.487600,31.391100, 30, 22,0
127,2007-02-20 11:47:19,121.489500,31.391500, 46, 45,0
127,2007-02-20 11:47:35,121.491300,31.391600, 46, 45,0
127,2007-02-20 11:47:51,121.492300,31.391600, 24, 45,0
127,2007-02-20 11:48:08,121.490600,31.393100, 38, 45,0
127,2007-02-20 11:48:24,121.490000,31.394600,138,  0,0
127,2007-02-20 11:48:40,121.488800,31.396100, 66, 67,0
127,2007-02-20 11:48:56,121.491100,31.395300, 50, 67,0
127,2007-02-20 11:49:16,121.494300,31.393500, 48, 67,0
127,2007-02-20 11:49:28,121.494500,31.395000,172,157,0
127,2007-02-20 11:49:43,121.482500,31.409600,  0,157,0
127,2007-02-20 11:50:44,121.496600,31.394800,  0,157,0
127,2007-02-20 11:51:46,121.496600,31.394800,  0,157,0
127,2007-02-20 11:52:46,121.496500,31.394800,  0,157,0
127,2007-02-20 11:53:48,121.496600,31.394800,  0,157,0
127,2007-02-20 11:54:48,121.497000,31.394800,  0,157,0
127,2007-02-20 11:55:49,121.497000,31.394800,  0,157,0
127,2007-02-20 11:56:50,121.497000,31.394800,  0,157,0
127,2007-02-20 11:57:51,121.496800,31.394800,  0,157,0
127,2007-02-20 11:58:52,121.496800,31.394800,  0,157,0
127,2007-02-20 11:59:53,121.496800,31.394800,  0,157,0
127,2007-02-20 12:00:55,121.496800,31.394500,  0,157,0
127,2007-02-20 12:01:56,121.496800,31.394600,  0,  0,0
127,2007-02-20 12:02:56,121.496800,31.394600,  0,  0,0
127,2007-02-20 12:03:58,121.496800,31.394600,  0,  0,0
127,2007-02-20 12:04:59,121.496800,31.394600,  0,  0,0
127,2007-02-20 12:06:00,121.496800,31.394600,  0,  0,0
127,2007-02-20 12:07:01,121.496800,31.394600,  0,  0,0
127,2007-02-20 12:08:01,121.496800,31.394600,  0,  0,0
127,2007-02-20 12:09:03,121.496800,31.394600,  0,  0,0
127,2007-02-20 12:10:04,121.496800,31.394600,  0,  0,0
127,2007-02-20 12:11:05,121.496800,31.394600,  0,  0,0
127,2007-02-20 12:12:06,121.496800,31.394600,  0,  0,0
127,2007-02-20 12:13:06,121.496800,31.394600,  0,  0,0
127,2007-02-20 12:14:08,121.496800,31.394600,  0,  0,0
127,2007-02-20 12:15:09,121.496800,31.394600,  0,  0,0
127,2007-02-20 12:16:10,121.496800,31.394600,  0,  0,0
127,2007-02-20 12:18:11,121.496800,31.394600,  0,  0,0
127,2007-02-20 12:19:13,121.496800,31.394600,  0,  0,0
127,2007-02-20 12:20:14,121.496800,31.394600,  0,  0,0
127,2007-02-20 12:21:15,121.496800,31.394600,  0,  0,0
127,2007-02-20 12:22:16,121.496800,31.394600,  0,  0,0
127,2007-02-20 12:23:16,121.496800,31.394600,  0,  0,0
127,2007-02-20 12:24:17,121.496800,31.394600,  0,  0,0
127,2007-02-20 12:25:19,121.496800,31.394600,  0,  0,0
127,2007-02-20 12:26:20,121.496800,31.394600,  0,  0,0
127,2007-02-20 12:27:21,121.496800,31.394600,  0,  0,0
127,2007-02-20 12:28:21,121.496800,31.394600,  0,  0,0
127,2007-02-20 12:29:23,121.496800,31.394600,  0,  0,0
127,2007-02-20 12:30:24,121.496800,31.394600,  0,  0,0
127,2007-02-20 12:31:25,121.496800,31.394600,  0,  0,0
127,2007-02-20 12:32:26,121.496800,31.394600,  0,  0,0
127,2007-02-20 12:33:26,121.496800,31.394600,  0,  0,0
127,2007-02-20 12:34:28,121.496800,31.394600,  0,  0,0
127,2007-02-20 12:35:29,121.496800,31.394600,  0,  0,0
127,2007-02-20 12:36:30,121.496800,31.394600,  0,  0,0
127,2007-02-20 12:37:31,121.496800,31.394600,  0,  0,0
127,2007-02-20 12:38:31,121.496800,31.394600,  0,  0,0
127,2007-02-20 12:39:33,121.496800,31.394600,  0,  0,0
127,2007-02-20 12:40:34,121.496800,31.394600,  0,  0,0
127,2007-02-20 12:41:35,121.496800,31.394600,  0,  0,0
127,2007-02-20 12:42:36,121.496800,31.394600,  0,  0,0
127,2007-02-20 12:43:36,121.496800,31.394600,  0,  0,0
127,2007-02-20 12:44:38,121.497000,31.394800,  8, 45,0
127,2007-02-20 12:45:04,121.497100,31.393800, 18, 67,0
127,2007-02-20 12:45:54,121.497500,31.393800,  0, 45,0
127,2007-02-20 12:46:54,121.497500,31.393800,  0, 45,0
127,2007-02-20 12:48:38,121.498600,31.394100, 42, 22,0
127,2007-02-20 12:48:54,121.500300,31.394800, 34, 22,0
127,2007-02-20 12:49:10,121.500000,31.395800, 40,  0,0
127,2007-02-20 12:49:28,121.499300,31.396600, 28,135,0
127,2007-02-20 12:49:44,121.497800,31.396100, 30,135,0
127,2007-02-20 12:50:27,121.496600,31.398100, 26,157,0
127,2007-02-20 12:50:46,121.496100,31.399100, 20,157,0
127,2007-02-20 12:51:05,121.495600,31.400100, 18,  0,0
127,2007-02-20 12:51:36,121.495000,31.400600, 42,135,0
127,2007-02-20 12:51:52,121.493000,31.400100, 46,135,0
127,2007-02-20 12:52:08,121.491600,31.400500, 46,157,0
127,2007-02-20 12:52:24,121.490800,31.402300, 50,  0,0
127,2007-02-20 12:52:58,121.490300,31.403300, 42,  0,0
127,2007-02-20 12:53:14,121.489800,31.405000, 22,  0,0
127,2007-02-20 12:53:44,121.489500,31.406000, 36,  0,0
127,2007-02-20 12:54:00,121.489100,31.407000, 10,  0,0
127,2007-02-20 12:54:27,121.488300,31.407300, 38,135,0
127,2007-02-20 12:54:43,121.487000,31.406800, 12,112,0
127,2007-02-20 12:55:07,121.487300,31.406000, 22, 67,0
127,2007-02-20 12:57:41,121.488500,31.405800,  0,112,0
127,2007-02-20 12:58:41,121.488500,31.405800,  0,112,0
127,2007-02-20 12:59:43,121.488500,31.405800,  0,112,0
127,2007-02-20 13:00:43,121.488500,31.405800,  0,112,0
127,2007-02-20 13:01:44,121.488500,31.405800,  0,112,0
127,2007-02-20 13:02:45,121.488500,31.405800,  0,112,0
127,2007-02-20 13:03:46,121.488500,31.405800,  0,112,0
127,2007-02-20 13:04:47,121.488500,31.405800,  0,112,0
127,2007-02-20 13:05:48,121.488500,31.405800,  0,112,0
127,2007-02-20 13:07:50,121.488500,31.405800,  0,112,0
127,2007-02-20 13:08:51,121.488300,31.405500,  0,112,0
127,2007-02-20 13:09:52,121.488300,31.405500,  0,112,0
127,2007-02-20 13:10:53,121.488300,31.405600,  0,112,0
127,2007-02-20 13:11:54,121.488300,31.405600,  0,112,0
127,2007-02-20 13:12:55,121.488300,31.405600,  0,112,0
127,2007-02-20 13:13:56,121.488300,31.405600,  0,112,0
127,2007-02-20 13:14:57,121.488300,31.405600,  0,112,0
127,2007-02-20 13:18:00,121.488300,31.405800,  0,112,0
127,2007-02-20 13:19:01,121.488300,31.405800,  0,112,0
127,2007-02-20 13:20:02,121.488300,31.405800,  0,112,0
127,2007-02-20 13:21:03,121.488300,31.405800,  0,112,0
127,2007-02-20 13:22:04,121.488300,31.405800,  0,112,0
127,2007-02-20 13:23:05,121.488300,31.405800,  0,112,0
127,2007-02-20 13:24:06,121.488300,31.406000,  0,112,0
127,2007-02-20 13:25:07,121.488300,31.406000,  0,112,0
127,2007-02-20 13:26:08,121.488300,31.406000,  0,112,0
127,2007-02-20 13:27:09,121.488300,31.406000,  0,112,0
127,2007-02-20 13:28:10,121.488300,31.406000,  0,112,0
127,2007-02-20 13:29:11,121.488300,31.406000,  0,112,0
127,2007-02-20 13:30:12,121.488300,31.406000,  0,112,0
127,2007-02-20 13:31:13,121.488300,31.406000,  0,112,0
127,2007-02-20 13:32:14,121.488300,31.406000,  0,112,0
127,2007-02-20 13:33:15,121.488300,31.406000,  0,112,0
127,2007-02-20 13:34:16,121.488300,31.406000,  0,112,0
127,2007-02-20 13:35:17,121.488300,31.406000,  0,112,0
127,2007-02-20 13:36:18,121.488300,31.406000,  0,112,0
127,2007-02-20 13:37:19,121.488300,31.406000,  0,112,0
127,2007-02-20 13:38:20,121.488300,31.406000,  0,112,0
127,2007-02-20 13:39:21,121.488300,31.406000,  0,112,0
127,2007-02-20 13:40:22,121.488300,31.406000,  0,112,0
127,2007-02-20 13:41:23,121.488300,31.406000,  0,112,0
127,2007-02-20 13:42:24,121.488300,31.406000,  0,112,0
127,2007-02-20 13:44:26,121.488300,31.406000,  0,112,0
127,2007-02-20 13:45:27,121.488300,31.406000,  0,112,0
127,2007-02-20 13:46:28,121.488300,31.406000,  0,112,0
127,2007-02-20 13:47:29,121.488300,31.406000,  0,112,0
127,2007-02-20 13:48:30,121.488300,31.406000,  0,112,0
127,2007-02-20 13:49:31,121.488300,31.406000,  0,112,0
127,2007-02-20 13:50:32,121.488300,31.406000,  0,112,0
127,2007-02-20 13:51:33,121.488300,31.406000,  0,112,0
127,2007-02-20 13:53:35,121.488300,31.406000,  0,112,0
127,2007-02-20 13:54:36,121.488300,31.406000,  0,112,0
127,2007-02-20 13:55:37,121.488300,31.406000,  0,112,0
127,2007-02-20 13:56:38,121.488300,31.406000,  0,112,0
127,2007-02-20 13:57:39,121.488300,31.406000,  0,112,0
127,2007-02-20 13:58:40,121.488300,31.406000,  0,112,0
127,2007-02-20 13:59:41,121.488300,31.406000,  0,112,0
127,2007-02-20 14:00:42,121.488300,31.406000,  0,112,0
127,2007-02-20 14:01:43,121.488300,31.406000,  0,112,0
127,2007-02-20 14:02:44,121.488300,31.406000,  0,112,0
127,2007-02-20 14:03:45,121.488300,31.406000,  0,112,0
127,2007-02-20 14:04:46,121.488300,31.406000,  0,112,0
127,2007-02-20 14:05:47,121.488300,31.406000,  0,112,0
127,2007-02-20 14:06:48,121.488300,31.406000,  0,112,0
127,2007-02-20 14:07:49,121.488300,31.406000,  0,112,0
127,2007-02-20 14:08:50,121.488300,31.405800,  0,112,0
127,2007-02-20 14:09:51,121.488300,31.405800,  0,112,0
127,2007-02-20 14:10:52,121.488300,31.405800,  0,112,0
127,2007-02-20 14:11:53,121.488300,31.405800,  0,112,0
127,2007-02-20 14:12:54,121.488300,31.405800,  0,112,0
127,2007-02-20 14:13:55,121.488300,31.405800,  0,112,0
127,2007-02-20 14:14:56,121.488300,31.405800,  0,112,0
127,2007-02-20 14:16:58,121.488300,31.405800,  0,112,0
127,2007-02-20 14:17:59,121.488300,31.405800,  0,112,0
127,2007-02-20 14:19:00,121.488300,31.405800,  0,112,0
127,2007-02-20 14:20:01,121.488300,31.405800,  0,112,0
127,2007-02-20 14:21:02,121.488300,31.405800,  0,112,0
127,2007-02-20 14:22:03,121.488300,31.405800,  0,112,0
127,2007-02-20 14:23:04,121.488300,31.405800,  0,112,0
127,2007-02-20 14:24:05,121.488500,31.405600,  0,112,0
127,2007-02-20 14:25:06,121.488500,31.405600,  0,112,0
127,2007-02-20 14:26:07,121.488500,31.405600,  0,112,0
127,2007-02-20 14:27:08,121.488500,31.405600,  0,112,0
127,2007-02-20 14:28:09,121.488500,31.405600,  0,112,0
127,2007-02-20 14:29:10,121.488500,31.405600,  0,112,0
127,2007-02-20 14:30:11,121.488500,31.405600,  0,112,0
127,2007-02-20 14:32:13,121.488500,31.405600,  0,112,0
127,2007-02-20 14:34:15,121.488500,31.405600,  0,112,0
127,2007-02-20 14:35:16,121.488500,31.405600,  0,112,0
127,2007-02-20 14:37:18,121.488500,31.405600,  0,112,0
127,2007-02-20 14:38:19,121.488300,31.405600,  0,112,0
127,2007-02-20 14:39:20,121.488300,31.405600,  0,112,0
127,2007-02-20 14:40:21,121.488300,31.405600,  0,112,0
127,2007-02-20 14:41:22,121.488300,31.405600,  0,112,0
127,2007-02-20 14:42:23,121.488300,31.405600,  0,112,0
127,2007-02-20 14:43:24,121.488300,31.405800,  0,112,0
127,2007-02-20 14:44:25,121.488300,31.405800,  0,112,0
127,2007-02-20 14:46:27,121.488300,31.405800,  0,112,0
127,2007-02-20 14:47:28,121.488300,31.405800,  0,112,0
127,2007-02-20 14:48:29,121.488300,31.405800,  0,112,0
127,2007-02-20 14:49:30,121.488300,31.405800,  0,112,0
127,2007-02-20 14:50:31,121.488300,31.405800,  0,112,0
127,2007-02-20 14:51:32,121.488300,31.405800,  0,112,0
127,2007-02-20 14:52:33,121.488300,31.405800,  0,112,0
127,2007-02-20 14:53:34,121.488300,31.405800,  0,112,0
127,2007-02-20 14:54:35,121.488300,31.405800,  0,112,0
127,2007-02-20 14:55:36,121.488300,31.405800,  0,112,0
127,2007-02-20 14:56:37,121.488300,31.405800,  0,112,0
127,2007-02-20 14:57:38,121.488300,31.405800,  0,112,0
127,2007-02-20 14:58:39,121.488300,31.405800,  0,112,0
127,2007-02-20 14:59:40,121.488300,31.405800,  0,112,0
127,2007-02-20 15:00:41,121.488300,31.405800,  0,112,0
127,2007-02-20 15:01:42,121.488300,31.405800,  0,112,0
127,2007-02-20 15:02:43,121.488300,31.405800,  0,112,0
127,2007-02-20 15:03:44,121.488300,31.405800,  0,112,0
127,2007-02-20 15:04:45,121.488300,31.405800,  0,112,0
127,2007-02-20 15:05:46,121.488300,31.405800,  0,112,0
127,2007-02-20 15:06:47,121.488300,31.405800,  0,112,0
127,2007-02-20 15:07:48,121.488300,31.405800,  0,112,0
127,2007-02-20 15:08:49,121.488300,31.405800,  0,112,0
127,2007-02-20 15:09:50,121.488300,31.405800,  0,112,0
127,2007-02-20 15:10:51,121.488300,31.405600,  0,112,0
127,2007-02-20 15:11:52,121.488300,31.405600,  0,112,0
127,2007-02-20 15:12:53,121.488300,31.405600,  0,112,0
127,2007-02-20 15:13:54,121.488300,31.405600,  0,112,0
127,2007-02-20 15:14:55,121.488300,31.405600,  0,112,0
127,2007-02-20 15:15:56,121.488300,31.405600,  0,112,0
127,2007-02-20 15:16:57,121.488300,31.405600,  0,112,0
127,2007-02-20 15:17:58,121.488300,31.405600,  0,112,0
127,2007-02-20 15:18:59,121.488300,31.405600,  0,112,0
127,2007-02-20 15:20:00,121.488500,31.405600,  0,112,0
127,2007-02-20 15:21:01,121.488500,31.405600,  0,112,0
127,2007-02-20 15:22:02,121.488500,31.405600,  0,112,0
127,2007-02-20 15:23:03,121.488500,31.405600,  0,112,0
127,2007-02-20 15:24:04,121.488500,31.405600,  0,112,0
127,2007-02-20 15:25:05,121.488500,31.405600,  0,112,0
127,2007-02-20 15:26:06,121.488500,31.405600,  0,112,0
127,2007-02-20 15:27:07,121.488500,31.405600,  0,112,0
127,2007-02-20 15:28:08,121.488500,31.405600,  0,112,0
127,2007-02-20 15:29:09,121.488500,31.405600,  0,112,0
127,2007-02-20 15:30:10,121.488500,31.405600,  0,112,0
127,2007-02-20 15:31:11,121.488500,31.405600,  0,112,0
127,2007-02-20 15:32:12,121.488500,31.405600,  0,112,0
127,2007-02-20 15:33:13,121.488500,31.405600,  0,112,0
127,2007-02-20 15:34:14,121.488500,31.405600,  0,112,0
127,2007-02-20 15:35:15,121.488500,31.405600,  0,112,0
127,2007-02-20 15:36:16,121.488500,31.405600,  0,112,0
127,2007-02-20 15:38:18,121.488500,31.405600,  0,112,0
127,2007-02-20 15:39:19,121.488500,31.405600,  0,112,0
127,2007-02-20 15:40:20,121.488500,31.405600,  0,112,0
127,2007-02-20 15:41:21,121.488500,31.405600,  0,112,0
127,2007-02-20 15:42:22,121.488500,31.405600,  0,112,0
127,2007-02-20 15:43:23,121.488500,31.405600,  0,112,0
127,2007-02-20 15:44:24,121.488500,31.405600,  0,112,0
127,2007-02-20 15:45:25,121.488500,31.405600,  0,112,0
127,2007-02-20 15:46:26,121.488500,31.405600,  0,112,0
127,2007-02-20 15:47:27,121.488500,31.405600,  0,112,0
127,2007-02-20 15:49:29,121.488500,31.405600,  0,112,0
127,2007-02-20 15:50:30,121.488500,31.405600,  0,112,0
127,2007-02-20 15:51:31,121.488500,31.405600,  0,112,0
127,2007-02-20 15:52:32,121.488500,31.405600,  0,112,0
127,2007-02-20 15:53:33,121.488500,31.405600,  0,112,0
127,2007-02-20 15:54:34,121.488500,31.405600,  0,112,0
127,2007-02-20 15:55:35,121.488500,31.405600,  0,112,0
127,2007-02-20 15:56:36,121.488500,31.405600,  0,112,0
127,2007-02-20 15:57:37,121.488500,31.405600,  0,112,0
127,2007-02-20 15:58:38,121.488500,31.405600,  0,112,0
127,2007-02-20 15:59:39,121.488500,31.405600,  0,112,0
127,2007-02-20 16:00:40,121.488500,31.405600,  0,112,0
127,2007-02-20 16:01:41,121.488500,31.405600,  0,112,0
127,2007-02-20 16:02:42,121.488500,31.405600,  0,112,0
127,2007-02-20 16:03:43,121.488500,31.405600,  0,112,0
127,2007-02-20 16:04:44,121.488100,31.405800,  0,112,0
127,2007-02-20 16:05:45,121.488100,31.405800,  0,112,0
127,2007-02-20 16:06:46,121.488100,31.405800,  0,112,0
127,2007-02-20 16:07:47,121.488300,31.405600,  0,112,0
127,2007-02-20 16:08:48,121.488300,31.405600,  0,112,0
127,2007-02-20 16:09:49,121.488300,31.405600,  0,112,0
127,2007-02-20 16:10:50,121.488300,31.405600,  0,112,0
127,2007-02-20 16:11:51,121.488300,31.405600,  0,112,0
127,2007-02-20 16:12:52,121.488300,31.405600,  0,112,0
127,2007-02-20 16:13:53,121.488300,31.405600,  0,112,0
127,2007-02-20 16:14:54,121.488300,31.405600,  0,112,0
127,2007-02-20 16:15:55,121.488300,31.405600,  0,112,0
127,2007-02-20 16:16:56,121.488300,31.405600,  0,112,0
127,2007-02-20 16:17:57,121.488300,31.405600,  0,112,0
127,2007-02-20 16:19:59,121.488300,31.405600,  0,112,0
127,2007-02-20 16:22:01,121.488300,31.405600,  0,112,0
127,2007-02-20 16:23:02,121.488300,31.405600,  0,112,0
127,2007-02-20 16:24:03,121.488300,31.405600,  0,112,0
127,2007-02-20 16:26:05,121.488300,31.405600,  0,112,0
127,2007-02-20 16:27:06,121.488300,31.405600,  0,112,0
127,2007-02-20 16:28:07,121.488300,31.405600,  0,112,0
127,2007-02-20 16:30:09,121.488300,31.405600,  0,112,0
127,2007-02-20 16:31:09,121.488300,31.405600,  0,112,0
127,2007-02-20 16:33:12,121.488300,31.405600,  0,112,0
127,2007-02-20 16:34:12,121.488300,31.405600,  0,112,0
127,2007-02-20 16:35:13,121.488300,31.405600,  0,112,0
127,2007-02-20 16:36:14,121.488300,31.405600,  0,112,0
127,2007-02-20 16:38:16,121.488300,31.405600,  0,112,0
127,2007-02-20 16:39:17,121.488300,31.405600,  0,112,0
127,2007-02-20 16:40:18,121.488300,31.405600,  0,112,0
127,2007-02-20 16:41:19,121.488300,31.405600,  0,112,0
127,2007-02-20 16:42:20,121.488300,31.405600,  0,112,0
127,2007-02-20 16:43:21,121.488300,31.405600,  0,112,0
127,2007-02-20 16:45:23,121.488300,31.405600,  0,112,0
127,2007-02-20 16:46:24,121.488300,31.405600,  0,112,0
127,2007-02-20 16:47:25,121.488300,31.405600,  0,112,0
127,2007-02-20 16:48:27,121.488300,31.405800,  0,112,0
127,2007-02-20 16:49:27,121.488300,31.405800,  0,112,0
127,2007-02-20 16:50:28,121.488300,31.405800,  0,112,0
127,2007-02-20 16:51:29,121.488300,31.405800,  0,112,0
127,2007-02-20 16:52:30,121.488300,31.405800,  0,112,0
127,2007-02-20 16:53:31,121.488300,31.405800,  0,112,0
127,2007-02-20 16:54:32,121.488300,31.405800,  0,112,0
127,2007-02-20 16:55:33,121.488300,31.405800,  0,112,0
127,2007-02-20 16:56:34,121.488300,31.405800,  0,112,0
127,2007-02-20 16:57:35,121.488300,31.405800,  0,112,0
127,2007-02-20 16:59:37,121.488300,31.405800,  0,112,0
127,2007-02-20 17:00:38,121.488100,31.405800,  0,112,0
127,2007-02-20 17:01:39,121.488100,31.405800,  0,112,0
127,2007-02-20 17:02:40,121.488100,31.405800,  0,112,0
127,2007-02-20 17:03:41,121.488100,31.405800,  0,112,0
127,2007-02-20 17:04:42,121.488100,31.405800,  0,112,0
127,2007-02-20 17:05:43,121.488100,31.405800,  0,112,0
127,2007-02-20 17:06:44,121.488100,31.405800,  0,112,0
127,2007-02-20 17:07:45,121.488100,31.405800,  0,112,0
127,2007-02-20 17:08:46,121.488100,31.405800,  0,112,0
127,2007-02-20 17:09:48,121.488100,31.405800,  0,112,0
127,2007-02-20 17:10:49,121.488100,31.405800,  0,112,0
127,2007-02-20 17:11:50,121.488100,31.405800,  0,112,0
127,2007-02-20 17:12:51,121.488100,31.405800,  0,112,0
127,2007-02-20 17:13:51,121.488100,31.405800,  0,112,0
127,2007-02-20 17:14:53,121.488100,31.405800,  0,112,0
127,2007-02-20 17:15:54,121.488100,31.405800,  0,112,0
127,2007-02-20 17:16:55,121.488100,31.405800,  0,112,0
127,2007-02-20 17:17:56,121.488100,31.405800,  0,112,0
127,2007-02-20 17:18:56,121.488100,31.405800,  0,112,0
127,2007-02-20 17:19:58,121.488100,31.405800,  0,112,0
127,2007-02-20 17:20:59,121.488100,31.405800,  0,112,0
127,2007-02-20 17:22:00,121.488100,31.405800,  0,112,0
127,2007-02-20 17:24:01,121.488100,31.405800,  0,112,0
127,2007-02-20 17:25:03,121.488100,31.405800,  0,112,0
127,2007-02-20 17:26:04,121.488100,31.405800,  0,112,0
127,2007-02-20 17:27:05,121.488100,31.405800,  0,112,0
127,2007-02-20 17:28:06,121.488100,31.405800,  0,112,0
127,2007-02-20 17:29:06,121.488100,31.405800,  0,112,0
127,2007-02-20 17:30:07,121.488100,31.405800,  0,112,0
127,2007-02-20 17:31:08,121.488100,31.405800,  0,112,0
127,2007-02-20 17:32:10,121.488100,31.405800,  0,112,0
127,2007-02-20 17:33:10,121.488100,31.405800,  0,112,0
127,2007-02-20 17:34:11,121.488100,31.405800,  0,112,0
127,2007-02-20 17:35:12,121.488100,31.405800,  0,112,0
127,2007-02-20 17:36:14,121.488100,31.405800,  0,112,0
127,2007-02-20 17:37:14,121.488100,31.405800,  0,112,0
127,2007-02-20 17:38:16,121.488100,31.405800,  0,112,0
127,2007-02-20 17:39:16,121.488100,31.405800,  0,112,0
127,2007-02-20 17:40:18,121.488100,31.405800,  0,112,0
127,2007-02-20 17:41:19,121.488100,31.405800,  0,112,0
127,2007-02-20 17:42:20,121.488100,31.405800,  0,112,0
127,2007-02-20 17:43:19,121.488100,31.405800,  0,112,0
127,2007-02-20 17:45:22,121.488100,31.405800,  0,112,0
127,2007-02-20 17:46:23,121.488100,31.405800,  0,112,0
127,2007-02-20 17:47:24,121.488100,31.405800,  0,112,0
127,2007-02-20 17:48:25,121.488100,31.405800,  0,112,0
127,2007-02-20 17:49:25,121.488100,31.405800,  0,112,0
127,2007-02-20 17:50:27,121.488100,31.405800,  0,112,0
127,2007-02-20 17:51:28,121.488100,31.405800,  0,112,0
127,2007-02-20 17:52:29,121.488100,31.405800,  0,112,0
127,2007-02-20 17:53:30,121.488100,31.405800,  0,112,0
127,2007-02-20 17:54:30,121.488300,31.405800,  0,112,0
127,2007-02-20 17:55:32,121.488300,31.405800,  0,112,0
127,2007-02-20 17:56:33,121.488300,31.405800,  0,112,0
127,2007-02-20 17:57:34,121.488300,31.405800,  0,112,0
127,2007-02-20 17:58:35,121.488300,31.405800,  0,112,0
127,2007-02-20 17:59:35,121.488300,31.405800,  0,112,0
127,2007-02-20 18:00:37,121.488300,31.405800,  0,112,0
127,2007-02-20 18:01:38,121.488300,31.405800,  0,112,0
127,2007-02-20 18:02:39,121.488300,31.405800,  0,112,0
127,2007-02-20 18:03:40,121.488300,31.405800,  0,112,0
127,2007-02-20 18:04:40,121.488300,31.405800,  0,112,0
127,2007-02-20 18:05:42,121.488300,31.405800,  0,112,0
127,2007-02-20 18:06:43,121.488300,31.405800,  0,112,0
127,2007-02-20 18:07:44,121.488300,31.405800,  0,112,0
127,2007-02-20 18:08:45,121.488300,31.405800,  0,112,0
127,2007-02-20 18:09:45,121.488300,31.405800,  0,112,0
127,2007-02-20 18:10:47,121.488300,31.405800,  0,112,0
127,2007-02-20 18:11:48,121.488300,31.405800,  0,112,0
127,2007-02-20 18:12:49,121.488300,31.405800,  0,112,0
127,2007-02-20 18:13:50,121.488300,31.405800,  0,112,0
127,2007-02-20 18:14:50,121.488300,31.405800,  0,112,0
127,2007-02-20 18:15:52,121.488300,31.405800,  0,112,0
127,2007-02-20 18:16:53,121.488300,31.405800,  0,112,0
127,2007-02-20 18:17:54,121.488300,31.406000,  0,112,0
127,2007-02-20 18:18:55,121.488300,31.406000,  0,112,0
127,2007-02-20 18:19:55,121.488300,31.406000,  0,112,0
127,2007-02-20 18:20:57,121.488300,31.406000,  0,112,0
127,2007-02-20 18:21:58,121.488300,31.406000,  0,112,0
127,2007-02-20 18:22:59,121.488300,31.406000,  0,112,0
127,2007-02-20 18:24:00,121.488000,31.406000,  0,112,0
127,2007-02-20 18:25:00,121.488000,31.406000,  0,112,0
127,2007-02-20 18:26:01,121.488000,31.406000,  0,112,0
127,2007-02-20 18:27:02,121.488000,31.406000,  0,112,0
127,2007-02-20 18:28:03,121.488000,31.406000,  0,112,0
127,2007-02-20 18:29:04,121.488000,31.406000,  0,112,0
127,2007-02-20 18:30:05,121.488000,31.406000,  0,112,0
127,2007-02-20 18:31:06,121.488000,31.406000,  0,112,0
127,2007-02-20 18:32:07,121.488000,31.406000,  0,112,0
127,2007-02-20 18:33:08,121.488000,31.406000,  0,112,0
127,2007-02-20 18:34:09,121.488000,31.406000,  0,112,0
127,2007-02-20 18:36:11,121.488500,31.406000,  0,112,0
127,2007-02-20 18:37:13,121.488500,31.405800,  0,112,0
127,2007-02-20 18:38:14,121.488300,31.406000,  0,112,0
127,2007-02-20 18:39:14,121.488300,31.406000,  0,112,0
127,2007-02-20 18:40:15,121.488300,31.406000,  0,112,0
127,2007-02-20 18:41:16,121.488300,31.406000,  0,112,0
127,2007-02-20 18:42:18,121.488300,31.405800,  0,112,0
127,2007-02-20 18:43:19,121.488300,31.405800,  0,112,0
127,2007-02-20 18:44:20,121.488300,31.405800,  0,112,0
127,2007-02-20 18:45:20,121.488300,31.405800,  0,112,0
127,2007-02-20 18:46:22,121.488300,31.405800,  0,112,0
127,2007-02-20 18:47:23,121.488300,31.406000,  0,112,0
127,2007-02-20 19:07:43,121.488300,31.405100,  0,112,0
127,2007-02-20 19:14:26,121.488300,31.405100,  0,  0,0
127,2007-02-20 19:15:27,121.488300,31.405100,  0,  0,0
127,2007-02-20 19:42:54,121.488300,31.405500,  0,  0,0
127,2007-02-20 19:43:55,121.488300,31.405500,  0,  0,0
127,2007-02-20 19:44:56,121.488300,31.405500,  0,  0,0
127,2007-02-20 19:45:57,121.488300,31.405500,  0,  0,0
127,2007-02-20 19:46:58,121.488300,31.405500,  0,  0,0
127,2007-02-20 19:47:59,121.488300,31.405500,  0,  0,0
127,2007-02-20 19:49:00,121.488300,31.405500,  0,  0,0
127,2007-02-20 19:51:02,121.488300,31.405500,  0,  0,0
127,2007-02-20 19:52:03,121.488300,31.405500,  0,  0,0
127,2007-02-20 19:53:04,121.488300,31.405500,  0,  0,0
127,2007-02-20 19:54:05,121.488300,31.405500,  0,  0,0
127,2007-02-20 19:55:06,121.488300,31.405500,  0,  0,0
127,2007-02-20 19:56:07,121.488300,31.405500,  0,  0,0
127,2007-02-20 19:57:08,121.488300,31.405500,  0,  0,0
127,2007-02-20 19:58:09,121.488300,31.405500,  0,  0,0
127,2007-02-20 19:59:10,121.488300,31.405500,  0,  0,0
127,2007-02-20 20:00:11,121.488300,31.405500,  0,  0,0
127,2007-02-20 20:01:12,121.488300,31.405500,  0,  0,0
127,2007-02-20 20:03:14,121.488300,31.405500,  0,  0,0
127,2007-02-20 20:04:15,121.488300,31.405500,  0,  0,0
127,2007-02-20 20:05:16,121.488300,31.405500,  0,  0,0
127,2007-02-20 20:06:17,121.488300,31.405500,  0,  0,0
127,2007-02-20 20:07:18,121.488300,31.405500,  0,  0,0
127,2007-02-20 20:08:19,121.488300,31.405500,  0,  0,0
127,2007-02-20 20:09:20,121.488800,31.405800, 14,157,0
127,2007-02-20 20:09:44,121.487800,31.406000, 24,135,0
127,2007-02-20 20:10:01,121.487100,31.406500, 30,  0,0
127,2007-02-20 20:10:19,121.486300,31.406600, 38,135,0
127,2007-02-20 20:10:35,121.484600,31.406100, 32,135,0
127,2007-02-20 20:11:03,121.484300,31.405500, 34, 90,0
127,2007-02-20 20:11:19,121.484600,31.404100, 20, 90,0
127,2007-02-20 20:11:49,121.485000,31.403100, 44, 90,0
127,2007-02-20 20:12:05,121.485300,31.401600, 24,112,0
127,2007-02-20 20:12:37,121.482600,31.400800, 40,135,0
127,2007-02-20 20:13:38,121.480800,31.399800, 36, 67,0
127,2007-02-20 20:13:54,121.481600,31.398500, 24, 67,0
127,2007-02-20 20:14:10,121.482300,31.397800, 38, 67,0
127,2007-02-20 20:14:39,121.483000,31.396800, 32, 67,0
127,2007-02-20 20:14:55,121.484100,31.395300, 52, 67,0
127,2007-02-20 20:15:45,121.485800,31.393000, 44, 67,0
127,2007-02-20 20:16:01,121.486800,31.391500,  8, 67,0
127,2007-02-20 20:16:17,121.487300,31.390800, 44, 67,0
127,2007-02-20 20:16:33,121.488500,31.389300, 52, 67,0
127,2007-02-20 20:16:49,121.489600,31.387600, 40, 67,0
127,2007-02-20 20:17:05,121.489300,31.386800, 36,112,0
127,2007-02-20 20:17:21,121.488100,31.386300, 20,112,0
127,2007-02-20 20:17:37,121.487000,31.385800, 36,112,0
127,2007-02-20 20:20:03,121.492000,31.376600,  6, 67,0
127,2007-02-20 20:20:52,121.492600,31.375800, 22, 45,0
127,2007-02-20 20:21:08,121.494300,31.376600, 44, 22,0
127,2007-02-20 20:22:25,121.495500,31.377300, 12, 22,1
127,2007-02-20 20:23:25,121.494300,31.378100, 12,112,1
127,2007-02-20 20:24:26,121.487800,31.375100, 22,112,1
127,2007-02-20 20:25:27,121.492000,31.366000, 84, 90,1
127,2007-02-20 20:26:28,121.496300,31.355600, 42, 90,1
127,2007-02-20 20:27:29,121.497800,31.352000,  0, 90,1
127,2007-02-20 20:28:30,121.497800,31.352000,  0, 90,1
127,2007-02-20 20:29:31,121.497800,31.352000,  0, 90,1
127,2007-02-20 20:30:32,121.501000,31.351500, 52, 45,1
127,2007-02-20 20:31:33,121.508500,31.349000, 18, 67,1
127,2007-02-20 20:31:50,121.508600,31.349000,  0, 67,0
127,2007-02-20 20:32:30,121.509600,31.348500, 38, 67,0
127,2007-02-20 20:32:46,121.511500,31.347600, 50, 67,0
127,2007-02-20 20:33:18,121.515500,31.346000, 52, 67,0
127,2007-02-20 20:33:34,121.517600,31.345000, 52, 67,0
127,2007-02-20 20:33:50,121.519500,31.344100, 52, 67,0
127,2007-02-20 20:34:06,121.521600,31.343300, 56, 67,0
127,2007-02-20 20:34:22,121.523600,31.342300, 48, 67,0
127,2007-02-20 20:34:38,121.524600,31.341600, 34, 90,0
127,2007-02-20 20:34:54,121.524600,31.340100, 30, 90,0
127,2007-02-20 20:35:10,121.524800,31.338600, 50, 90,0
127,2007-02-20 20:35:26,121.524800,31.337100, 40, 90,0
127,2007-02-20 20:35:42,121.524600,31.336000,  0, 90,0
127,2007-02-20 20:35:50,121.524500,31.335800, 20, 90,1
127,2007-02-20 20:36:50,121.522600,31.331300, 36,112,1
127,2007-02-20 20:37:51,121.521100,31.329100, 32, 90,1
127,2007-02-20 20:38:52,121.521600,31.323500, 38, 90,1
127,2007-02-20 20:39:53,121.521300,31.317800, 42, 90,1
127,2007-02-20 20:40:54,121.519500,31.313800, 38, 90,1
127,2007-02-20 20:42:56,121.517100,31.307300, 46,135,1
127,2007-02-20 20:43:57,121.515000,31.306800,  0,112,1
127,2007-02-20 20:44:58,121.514800,31.305500, 42, 90,1
127,2007-02-20 20:45:59,121.515300,31.302500, 42, 90,1
127,2007-02-20 20:47:00,121.514300,31.296600,  0,112,1
127,2007-02-20 20:48:01,121.514300,31.296500, 16,135,1
127,2007-02-20 20:49:02,121.514000,31.295500,  0, 90,1
127,2007-02-20 20:51:36,121.514600,31.293800,  0, 67,1
127,2007-02-20 20:52:37,121.514800,31.293600, 22, 90,1
127,2007-02-20 20:54:39,121.517500,31.288100,  0, 67,1
127,2007-02-20 20:55:40,121.517500,31.288100,  0, 67,1
127,2007-02-20 20:56:41,121.517500,31.288100,  0, 67,1
127,2007-02-20 20:57:42,121.520100,31.281800, 62, 90,1
127,2007-02-20 20:59:44,121.533500,31.264600, 64, 67,1
127,2007-02-20 21:01:46,121.548100,31.252000, 60, 67,1
127,2007-02-20 21:02:47,121.550800,31.254600, 58,157,1
127,2007-02-20 21:03:48,121.551100,31.256800, 26, 22,1
127,2007-02-20 21:04:49,121.556100,31.260100, 40, 22,1
127,2007-02-20 21:05:50,121.560100,31.262600, 10, 22,1
127,2007-02-20 21:06:51,121.561800,31.264100, 34, 22,1
127,2007-02-20 21:07:52,121.567000,31.267800, 46, 67,1
127,2007-02-20 21:08:53,121.570800,31.262800, 64, 67,1
127,2007-02-20 21:10:55,121.580500,31.262000,  4, 22,1
127,2007-02-20 21:11:56,121.584000,31.262300, 28, 45,1
127,2007-02-20 21:12:57,121.586100,31.262500, 36, 45,1
127,2007-02-20 21:13:58,121.585500,31.266600, 14, 45,1
127,2007-02-20 21:14:59,121.588100,31.267600, 30, 22,1
127,2007-02-20 21:16:00,121.587800,31.272100, 12,157,1
127,2007-02-20 21:17:01,121.588000,31.272500, 10,135,1
127,2007-02-20 21:18:02,121.588100,31.271100, 42, 67,1
127,2007-02-20 21:19:03,121.587500,31.267500, 38,112,1
127,2007-02-20 21:20:04,121.583600,31.266600, 50,135,1
127,2007-02-20 21:21:05,121.579000,31.267800, 36,157,1
127,2007-02-20 21:21:41,121.578600,31.268100,  0,157,0
127,2007-02-20 21:21:57,121.578000,31.268800, 34,157,0
127,2007-02-20 21:22:13,121.576600,31.270000, 48,157,0
127,2007-02-20 21:22:29,121.575100,31.271500, 52,157,0
127,2007-02-20 21:22:45,121.573500,31.273000, 56,157,0
127,2007-02-20 21:23:01,121.573100,31.274000, 38, 22,0
127,2007-02-20 21:23:17,121.575000,31.274800, 50, 22,0
127,2007-02-20 21:23:33,121.576800,31.276000, 30, 22,0
127,2007-02-20 21:24:21,121.576600,31.276600, 40,157,0
127,2007-02-20 21:24:37,121.575100,31.277800, 48,135,0
127,2007-02-20 21:24:53,121.573100,31.278300, 42,135,0
127,2007-02-20 21:25:25,121.572600,31.281000,  0,  0,0
127,2007-02-20 21:26:05,121.572500,31.282000, 48,  0,0
127,2007-02-20 21:26:21,121.572000,31.284000, 58,  0,0
127,2007-02-20 21:26:53,121.570100,31.288300, 58,157,0
127,2007-02-20 21:27:09,121.569100,31.290100, 50,157,0
127,2007-02-20 21:27:25,121.568100,31.292000, 54,157,0
127,2007-02-20 21:27:41,121.566800,31.293500, 14,157,0
127,2007-02-20 21:28:42,121.566800,31.293500,  0,157,0
127,2007-02-20 21:29:06,121.567100,31.294300, 50, 22,0
127,2007-02-20 21:29:22,121.568500,31.296300, 60, 22,0
127,2007-02-20 21:29:54,121.571300,31.300500, 72, 22,0
127,2007-02-20 21:30:10,121.573000,31.302600, 64, 22,0
127,2007-02-20 21:30:26,121.573600,31.303800,  0, 22,0
127,2007-02-20 21:30:53,121.573800,31.304800, 40,  0,0
127,2007-02-20 21:31:09,121.573500,31.306000, 38,157,0
127,2007-02-20 21:31:25,121.571000,31.305800, 58,135,0
127,2007-02-20 21:31:41,121.568500,31.305500, 56,135,0
127,2007-02-20 21:31:57,121.566000,31.305000, 60,135,0
127,2007-02-20 21:32:58,121.565100,31.304600,  0,135,0
127,2007-02-20 21:33:54,121.546800,31.308500, 64,135,0
127,2007-02-20 21:34:10,121.544100,31.309000, 70,135,0
127,2007-02-20 21:34:26,121.541100,31.309300, 64,135,0
127,2007-02-20 21:34:42,121.538100,31.309500, 66,135,0
127,2007-02-20 21:34:58,121.535500,31.309300, 64,135,0
127,2007-02-20 21:35:14,121.532600,31.308600, 68,135,0
127,2007-02-20 21:35:30,121.529800,31.307800, 66,135,0
127,2007-02-20 21:35:46,121.527100,31.307000, 70,135,0
127,2007-02-20 21:36:02,121.524100,31.306100, 66,135,0
127,2007-02-20 21:36:34,121.519100,31.304600, 54,135,0
127,2007-02-20 21:36:50,121.517100,31.304000, 48,135,0
127,2007-02-20 21:37:06,121.515600,31.303600, 38,112,0
127,2007-02-20 21:37:22,121.514100,31.303100, 46,135,0
127,2007-02-20 21:37:54,121.511100,31.302800, 32,157,0
127,2007-02-20 21:38:12,121.511000,31.303000, 24,  0,1
127,2007-02-20 21:39:12,121.507300,31.308800, 64,157,1
127,2007-02-20 21:40:13,121.514100,31.309800, 32, 45,1
127,2007-02-20 21:41:14,121.514800,31.309800, 22, 45,1
127,2007-02-20 21:43:16,121.519500,31.313600, 44,  0,1
127,2007-02-20 21:44:17,121.520800,31.316600,  0, 45,1
127,2007-02-20 21:45:18,121.521500,31.320300, 28,  0,1
127,2007-02-20 21:46:19,121.521600,31.324600, 36,  0,1
127,2007-02-20 21:47:20,121.527000,31.326800, 32, 45,1
127,2007-02-20 21:48:21,121.532600,31.326600,  0, 45,1
127,2007-02-20 21:48:24,121.532600,31.326600,  0, 45,0
127,2007-02-20 21:49:24,121.534000,31.325600, 46, 90,0
127,2007-02-20 21:49:40,121.534000,31.324000, 22, 90,0
127,2007-02-20 21:50:13,121.534000,31.323000, 30, 90,0
127,2007-02-20 21:50:29,121.534000,31.321500, 40, 90,0
127,2007-02-20 21:50:45,121.534100,31.320100, 30, 90,0
127,2007-02-20 21:52:16,121.533800,31.313500, 34,135,0
127,2007-02-20 21:52:32,121.531800,31.313500, 48,135,0
127,2007-02-20 21:52:48,121.529600,31.313500, 48,135,0
127,2007-02-20 21:53:42,121.527300,31.311800, 18, 90,0
127,2007-02-20 21:53:58,121.526300,31.311600, 40,135,0
127,2007-02-20 21:54:14,121.524300,31.311600, 46,135,0
127,2007-02-20 21:54:30,121.522600,31.311600, 34,135,0
127,2007-02-20 21:54:46,121.521000,31.311600, 42,135,0
127,2007-02-20 21:55:02,121.519800,31.311600,  0,135,0
127,2007-02-20 21:55:23,121.518600,31.311600, 32,135,0
127,2007-02-20 21:55:39,121.516500,31.311600, 52,135,0
127,2007-02-20 21:55:55,121.515300,31.311600,  0,135,0
127,2007-02-20 21:56:51,121.514800,31.310800, 10, 90,0
127,2007-02-20 21:57:09,121.514800,31.309800, 38, 90,0
127,2007-02-20 21:57:25,121.514800,31.307800, 62, 90,0
127,2007-02-20 21:58:26,121.514800,31.307000,  0, 90,0
127,2007-02-20 21:58:51,121.514100,31.306500, 42,135,0
127,2007-02-20 21:59:07,121.512300,31.305800, 52,135,0
127,2007-02-20 21:59:23,121.510600,31.305300, 16,112,0
127,2007-02-20 22:00:11,121.510600,31.305300, 10, 22,1
127,2007-02-20 22:01:12,121.514800,31.309000, 52,  0,1
127,2007-02-20 22:02:13,121.514800,31.311100,  0,  0,1
127,2007-02-20 22:04:15,121.517100,31.318100, 12, 22,1
127,2007-02-20 22:05:16,121.517500,31.320100,  0,  0,1
127,2007-02-20 22:05:31,121.517500,31.320100,  0,  0,0
127,2007-02-20 22:06:32,121.517600,31.319800, 14, 90,0
127,2007-02-20 22:06:58,121.518600,31.319600, 34, 22,0
127,2007-02-20 22:07:14,121.520000,31.320100, 30, 45,0
127,2007-02-20 22:07:30,121.521100,31.320100,  0, 45,0
127,2007-02-20 22:07:58,121.521600,31.321000, 32,  0,0
127,2007-02-20 22:08:15,121.521600,31.322000,  8,  0,0
127,2007-02-20 22:08:31,121.521600,31.323000, 38,  0,0
127,2007-02-20 22:08:47,121.521800,31.324600, 52,  0,0
127,2007-02-20 22:09:03,121.521600,31.326300, 18,  0,0
127,2007-02-20 22:09:39,121.521500,31.327300, 38,  0,0
127,2007-02-20 22:10:11,121.522000,31.330100, 42, 22,0
127,2007-02-20 22:10:24,121.522100,31.330500, 10, 22,1
127,2007-02-20 22:11:25,121.524500,31.335100, 48,  0,1
127,2007-02-20 22:12:26,121.524600,31.340500, 28,  0,1
127,2007-02-20 22:13:27,121.521300,31.343500, 70,157,1
127,2007-02-20 22:14:28,121.512300,31.347500, 60,157,1
127,2007-02-20 22:17:58,121.494100,31.350000, 20,  0,1
127,2007-02-20 22:19:00,121.494500,31.349500, 26, 45,0
127,2007-02-20 22:21:02,121.495000,31.349300,  0,135,0
127,2007-02-20 22:22:03,121.495000,31.349300,  0,135,0
127,2007-02-20 22:22:58,121.493800,31.349000, 24,135,0
127,2007-02-20 22:23:30,121.491300,31.348100, 20,112,0
127,2007-02-20 22:23:50,121.491100,31.347300, 32, 90,0
127,2007-02-20 22:24:07,121.491300,31.345600, 28, 90,0
127,2007-02-20 22:24:23,121.490300,31.345300, 38,135,0
127,2007-02-20 22:24:39,121.488500,31.345100, 50,135,0
127,2007-02-20 22:24:55,121.486800,31.345300, 28,  0,0
127,2007-02-20 22:25:15,121.486800,31.346300, 30,  0,0
127,2007-02-20 22:25:30,121.486600,31.347300, 48,  0,0
127,2007-02-20 22:25:47,121.486000,31.349300, 56,  0,0
127,2007-02-20 22:26:03,121.485500,31.350800,  6,  0,0
127,2007-02-20 22:26:29,121.486300,31.351300, 46, 22,0
127,2007-02-20 22:26:45,121.488500,31.352100, 48, 45,0
127,2007-02-20 22:27:00,121.490100,31.352800, 38, 45,0
127,2007-02-20 22:27:17,121.492000,31.353500, 38, 45,0
127,2007-02-20 22:27:33,121.493800,31.354000, 48, 45,0
127,2007-02-20 22:27:49,121.495500,31.354600, 32, 45,0
127,2007-02-20 22:28:50,121.496500,31.355000, 22, 22,0
127,2007-02-20 22:29:23,121.496000,31.357000, 48,  0,0
127,2007-02-20 22:29:39,121.495000,31.359100, 74,  0,0
127,2007-02-20 22:29:55,121.494000,31.361600, 52,  0,0
127,2007-02-20 22:30:10,121.493600,31.362600, 36,  0,0
127,2007-02-20 22:30:27,121.492600,31.365000, 72,  0,0
127,2007-02-20 22:30:43,121.491500,31.367600, 80,  0,0
127,2007-02-20 22:30:59,121.490000,31.370500, 80,157,0
127,2007-02-20 22:31:15,121.489000,31.372600, 48,  0,0
127,2007-02-20 22:31:31,121.488600,31.373600, 26,  0,0
127,2007-02-20 22:31:47,121.489600,31.374300, 28, 22,0
127,2007-02-20 22:32:03,121.491300,31.375100, 62, 22,0
127,2007-02-20 22:32:19,121.493300,31.376100, 58, 22,0
127,2007-02-20 22:32:35,121.494800,31.377000,  6, 22,0
127,2007-02-20 22:33:34,121.493600,31.379300, 38,  0,0
127,2007-02-20 22:33:50,121.494500,31.381100, 54, 22,0
127,2007-02-20 22:34:05,121.495100,31.382100, 18, 22,0
127,2007-02-20 22:34:22,121.495800,31.383600, 36,  0,0
127,2007-02-20 22:34:38,121.495300,31.385100, 40,157,0
127,2007-02-20 22:34:54,121.494500,31.386100, 38,157,0
127,2007-02-20 22:35:25,121.492800,31.388600, 10,157,0
127,2007-02-20 22:36:05,121.491800,31.388300, 40,112,0
127,2007-02-20 22:36:20,121.490600,31.387500, 32,112,0
127,2007-02-20 22:37:19,121.489600,31.387000, 34,112,0
127,2007-02-20 22:37:35,121.488100,31.386300, 40,112,0
127,2007-02-20 22:37:50,121.486600,31.385600, 36,112,0
127,2007-02-20 22:38:23,121.487000,31.384300, 26, 67,0
127,2007-02-20 22:38:30,121.487300,31.384000, 30, 67,0
127,2007-02-20 22:38:48,121.488000,31.383000, 18, 67,0
127,2007-02-20 22:39:07,121.488500,31.382100, 24, 67,0
127,2007-02-20 22:39:32,121.489000,31.381300, 20, 67,0
127,2007-02-20 22:39:55,121.489500,31.380500, 28, 67,0
127,2007-02-20 22:40:12,121.490100,31.379500, 36, 67,0
127,2007-02-20 22:40:28,121.490800,31.378300, 32, 67,0
127,2007-02-20 22:40:44,121.491600,31.377300, 22, 67,0
127,2007-02-20 22:41:30,121.492100,31.376500, 38, 67,0
127,2007-02-20 22:41:47,121.493500,31.376100, 52, 22,0
127,2007-02-20 22:42:19,121.494000,31.378600, 42,157,0
127,2007-02-20 22:42:35,121.494000,31.380000, 48, 22,0
127,2007-02-20 22:42:50,121.494600,31.381500, 40, 22,0
127,2007-02-20 22:43:52,121.495000,31.382100,  0, 90,0
127,2007-02-20 22:44:53,121.495000,31.382100,  0, 90,0
127,2007-02-20 22:45:54,121.495000,31.382100,  0, 90,0
127,2007-02-20 22:46:55,121.495000,31.382100,  0, 90,0
127,2007-02-20 22:47:55,121.495000,31.382100,  0, 90,0
127,2007-02-20 22:48:57,121.495000,31.382100,  0, 90,0
127,2007-02-20 22:50:59,121.495000,31.382100,  0, 90,0
127,2007-02-20 22:52:00,121.495000,31.382100,  0, 90,0
127,2007-02-20 22:53:00,121.495000,31.382100,  0, 90,0
127,2007-02-20 22:54:02,121.495000,31.382100,  0, 90,0
127,2007-02-20 22:55:02,121.495000,31.382100,  0, 90,0
127,2007-02-20 22:56:03,121.495000,31.382100,  0, 90,0
127,2007-02-20 22:57:04,121.495000,31.382100,  0, 90,0
127,2007-02-20 22:58:05,121.495000,31.382100,  0, 90,0
127,2007-02-20 22:59:06,121.495000,31.382100,  0, 90,0
127,2007-02-20 23:00:07,121.495000,31.382100,  0, 90,0
127,2007-02-20 23:02:09,121.495000,31.382100,  0, 90,0
127,2007-02-20 23:03:10,121.495000,31.382100,  0, 90,0
127,2007-02-20 23:04:11,121.495000,31.382100,  0, 90,0
127,2007-02-20 23:05:12,121.495000,31.382100,  0, 90,0
127,2007-02-20 23:06:13,121.495000,31.382100,  0, 90,0
127,2007-02-20 23:07:14,121.495000,31.382100,  0, 90,0
127,2007-02-20 23:08:15,121.495000,31.382100,  0, 90,0
127,2007-02-20 23:09:16,121.495000,31.382100,  0, 90,0
127,2007-02-20 23:11:18,121.495000,31.382100,  0, 90,0
127,2007-02-20 23:12:19,121.495000,31.382100,  0, 90,0
127,2007-02-20 23:13:20,121.495000,31.382100,  0, 90,0
127,2007-02-20 23:15:22,121.495000,31.382100,  0, 90,0
127,2007-02-20 23:16:23,121.495000,31.382100,  0, 90,0
127,2007-02-20 23:17:24,121.495000,31.382100,  0, 90,0
127,2007-02-20 23:18:25,121.495000,31.382100,  0, 90,0
127,2007-02-20 23:19:26,121.495000,31.382100,  0, 90,0
127,2007-02-20 23:21:28,121.495000,31.382100,  0, 90,0
127,2007-02-20 23:22:29,121.495000,31.382100,  0, 90,0
127,2007-02-20 23:24:31,121.495000,31.382100,  0, 90,0
127,2007-02-20 23:25:32,121.495000,31.382100,  0, 90,0
127,2007-02-20 23:26:33,121.495000,31.382100,  0, 90,0
127,2007-02-20 23:27:34,121.495000,31.382100,  0, 90,0
127,2007-02-20 23:28:35,121.495000,31.382100,  0, 90,0
127,2007-02-20 23:29:36,121.495000,31.382100,  0, 90,0
127,2007-02-20 23:30:37,121.495000,31.382100,  0, 90,0
127,2007-02-20 23:32:39,121.495000,31.382100,  0, 90,0
127,2007-02-20 23:33:40,121.495000,31.382100,  0, 90,0
127,2007-02-20 23:34:41,121.495000,31.382100,  0, 90,0
127,2007-02-20 23:35:42,121.495000,31.382100,  0, 90,0
127,2007-02-20 23:36:43,121.495000,31.382100,  0, 90,0
127,2007-02-20 23:38:45,121.495000,31.382100,  0, 90,0
127,2007-02-20 23:40:47,121.495000,31.382100,  0, 90,0
127,2007-02-20 23:41:48,121.495000,31.382100,  0, 90,0
127,2007-02-20 23:42:49,121.495000,31.382100,  0, 90,0
127,2007-02-20 23:43:50,121.495000,31.382100,  0, 90,0
127,2007-02-20 23:44:51,121.495000,31.382100,  0, 90,0
127,2007-02-20 23:45:52,121.495000,31.382100,  0, 90,0
127,2007-02-20 23:46:53,121.495000,31.382100,  0, 90,0
127,2007-02-20 23:47:54,121.495000,31.382100,  0, 90,0
127,2007-02-20 23:48:55,121.495000,31.382100,  0, 90,0
127,2007-02-20 23:49:57,121.495000,31.382100,  0, 90,0
127,2007-02-20 23:50:57,121.495000,31.382100,  0, 90,0
127,2007-02-20 23:51:58,121.495000,31.382100,  0, 90,0
127,2007-02-20 23:53:00,121.495000,31.382100,  0, 90,0
127,2007-02-20 23:54:00,121.495000,31.382100,  0, 90,0
127,2007-02-20 23:54:56,121.495500,31.383000, 38,  0,0
127,2007-02-20 23:55:12,121.495600,31.384500, 56,157,0
127,2007-02-20 23:55:28,121.494300,31.386500, 58,157,0
127,2007-02-20 23:55:57,121.493100,31.388300, 14,157,1
127,2007-02-20 23:56:57,121.490100,31.393000, 34,157,1
127,2007-02-20 23:57:58,121.486500,31.398500, 38,157,1
127,2007-02-20 23:58:59,121.485500,31.401500,  0,  0,1
