129,2007-02-20 00:00:06,121.414600,31.204500,  0,157,0
129,2007-02-20 00:01:07,121.414600,31.204500,  0,157,0
129,2007-02-20 00:02:08,121.414600,31.204500,  0,157,0
129,2007-02-20 00:03:09,121.414600,31.204500,  0,157,0
129,2007-02-20 00:04:10,121.414600,31.204500,  0,157,0
129,2007-02-20 00:06:12,121.414600,31.204500,  6,  0,0
129,2007-02-20 00:07:13,121.414600,31.204500,  0,157,0
129,2007-02-20 00:08:14,121.414500,31.204600,  0,157,0
129,2007-02-20 00:08:32,121.414500,31.204800, 14,  0,1
129,2007-02-20 00:09:32,121.413000,31.207500, 28,157,1
129,2007-02-20 00:10:33,121.412600,31.211000, 54,  0,1
129,2007-02-20 00:12:35,121.411600,31.219500,  0,  0,1
129,2007-02-20 00:14:37,121.407500,31.228300,  0,  0,1
129,2007-02-20 00:15:38,121.408000,31.232300,  0,  0,1
129,2007-02-20 00:17:40,121.410500,31.240300, 78, 22,1
129,2007-02-20 00:18:18,121.414600,31.243100,  4, 45,0
129,2007-02-20 00:19:18,121.417100,31.241500, 32, 67,0
129,2007-02-20 00:20:19,121.419500,31.239100, 32, 90,0
129,2007-02-20 00:21:20,121.416000,31.237300,  0,112,0
129,2007-02-20 00:22:21,121.417600,31.233500, 50, 67,0
129,2007-02-20 00:23:22,121.420000,31.227300, 26,112,0
129,2007-02-20 00:24:23,121.418000,31.224800,  0,112,0
129,2007-02-20 00:26:25,121.417500,31.221500, 24,112,0
129,2007-02-20 00:27:26,121.412800,31.220300, 22,135,0
129,2007-02-20 00:29:28,121.410800,31.220800,  0, 45,0
129,2007-02-20 00:31:30,121.410800,31.220800,  0, 45,0
129,2007-02-20 00:32:31,121.410800,31.220800,  0, 45,0
129,2007-02-20 00:33:32,121.410800,31.220800,  0, 45,0
129,2007-02-20 00:34:33,121.410800,31.220800,  0, 45,0
129,2007-02-20 00:36:35,121.410800,31.220800,  0, 45,0
129,2007-02-20 00:37:36,121.410800,31.220800,  0, 45,0
129,2007-02-20 00:38:37,121.410800,31.220600,  0, 45,0
129,2007-02-20 00:39:38,121.410800,31.220600,  0, 45,0
129,2007-02-20 00:40:39,121.411000,31.220800,  0, 45,0
129,2007-02-20 00:41:40,121.411000,31.220800,  0, 45,0
129,2007-02-20 00:42:41,121.411000,31.220800,  0, 45,0
129,2007-02-20 00:43:42,121.411000,31.220800,  0, 45,0
129,2007-02-20 00:44:43,121.411000,31.220800,  0, 45,0
129,2007-02-20 00:45:44,121.411000,31.220800,  0, 45,0
129,2007-02-20 00:46:45,121.411000,31.220800,  0, 45,0
129,2007-02-20 00:47:46,121.411000,31.220800,  0, 45,0
129,2007-02-20 00:48:47,121.411000,31.220800,  0, 45,0
129,2007-02-20 00:49:48,121.411000,31.220800,  0, 45,0
129,2007-02-20 00:50:49,121.411000,31.220800,  0, 45,0
129,2007-02-20 00:51:50,121.411100,31.220800,  0, 45,0
129,2007-02-20 00:52:51,121.411100,31.220800,  0, 45,0
129,2007-02-20 00:53:52,121.411100,31.220800,  0, 45,0
129,2007-02-20 00:54:53,121.411100,31.220800,  0, 45,0
129,2007-02-20 00:55:54,121.411100,31.220800,  0, 45,0
129,2007-02-20 00:56:55,121.411100,31.220800,  0, 45,0
129,2007-02-20 00:57:56,121.411100,31.220800,  0, 45,0
129,2007-02-20 00:58:57,121.411000,31.220800,  0, 45,0
129,2007-02-20 00:59:58,121.411000,31.220800,  0, 45,0
129,2007-02-20 01:02:00,121.411000,31.220800,  0, 45,0
129,2007-02-20 01:03:01,121.410800,31.220600,  0,112,0
129,2007-02-20 01:04:02,121.410800,31.220600,  0,112,0
129,2007-02-20 01:05:03,121.410800,31.220600,  0,112,0
129,2007-02-20 01:06:04,121.410800,31.220600,  0,112,0
129,2007-02-20 01:07:05,121.410800,31.220600,  0,112,0
129,2007-02-20 01:08:06,121.410800,31.220500,  0,112,0
129,2007-02-20 01:09:07,121.410800,31.220500,  0,112,0
129,2007-02-20 01:10:08,121.410600,31.220600,  0,112,0
129,2007-02-20 01:11:09,121.410600,31.220600,  0,112,0
129,2007-02-20 01:12:10,121.410600,31.220600,  0,112,0
129,2007-02-20 01:13:11,121.410500,31.220300,  0,112,0
129,2007-02-20 01:14:12,121.410500,31.220500,  0,112,0
129,2007-02-20 01:15:13,121.410500,31.220500,  0,112,0
129,2007-02-20 01:16:14,121.410600,31.220500,  0,112,0
129,2007-02-20 01:17:15,121.411000,31.220500,  0,112,0
129,2007-02-20 01:18:16,121.411000,31.220500,  0,112,0
129,2007-02-20 01:19:17,121.410800,31.220500,  0,112,0
129,2007-02-20 01:20:18,121.410800,31.220500,  0,112,0
129,2007-02-20 01:21:19,121.410800,31.220500,  0,112,0
129,2007-02-20 01:22:20,121.410800,31.220500,  0,112,0
129,2007-02-20 01:23:21,121.410800,31.220500,  0,112,0
129,2007-02-20 01:24:22,121.410800,31.220500,  0,112,0
129,2007-02-20 01:25:23,121.410800,31.220500,  0,112,0
129,2007-02-20 01:26:24,121.411000,31.220500,  0,112,0
129,2007-02-20 01:27:25,121.411000,31.220500,  0,112,0
129,2007-02-20 01:28:26,121.411000,31.220500,  0,112,0
129,2007-02-20 01:29:27,121.411000,31.220500,  0,112,0
129,2007-02-20 01:30:28,121.411000,31.220100, 22, 67,0
129,2007-02-20 01:31:29,121.412500,31.216100, 24, 90,0
129,2007-02-20 01:32:30,121.412800,31.214600, 10,112,0
129,2007-02-20 01:33:31,121.412000,31.210100,  0, 90,0
129,2007-02-20 01:34:32,121.413000,31.207100, 28, 90,0
129,2007-02-20 01:35:33,121.414100,31.203100, 28, 90,0
129,2007-02-20 01:36:34,121.415500,31.201600, 32,  0,0
129,2007-02-20 01:37:35,121.414600,31.204000,  0,  0,0
129,2007-02-20 01:38:36,121.414600,31.204100,  0,  0,0
129,2007-02-20 01:39:37,121.414600,31.204100,  0,  0,0
129,2007-02-20 01:40:38,121.414600,31.204000,  0, 90,0
129,2007-02-20 01:41:39,121.414600,31.203800,  0, 90,0
129,2007-02-20 01:42:40,121.414600,31.204100,  0, 90,0
129,2007-02-20 01:43:41,121.414600,31.204100,  0, 90,0
129,2007-02-20 01:44:42,121.414600,31.204100,  0, 90,0
129,2007-02-20 01:45:43,121.414600,31.204100,  6,  0,0
129,2007-02-20 01:46:44,121.414600,31.204300,  0,  0,0
129,2007-02-20 01:47:45,121.414600,31.204300,  0,  0,0
129,2007-02-20 01:48:46,121.414600,31.204300,  0,  0,0
129,2007-02-20 01:49:47,121.414600,31.204300,  0,  0,0
129,2007-02-20 01:50:48,121.414600,31.204500,  0,  0,0
129,2007-02-20 01:51:49,121.414600,31.204500,  0,  0,0
129,2007-02-20 01:52:50,121.414600,31.204500,  0,  0,0
129,2007-02-20 01:53:51,121.414600,31.204500,  0,  0,0
129,2007-02-20 01:54:52,121.414600,31.204600,  0,157,0
129,2007-02-20 01:55:53,121.414600,31.204600,  0,157,0
129,2007-02-20 01:56:14,121.414600,31.204800, 20,  0,1
129,2007-02-20 01:57:14,121.413600,31.210100, 50, 45,1
129,2007-02-20 01:58:15,121.424300,31.212300, 58, 22,1
129,2007-02-20 01:59:16,121.426800,31.214500, 14, 45,1
129,2007-02-20 02:00:17,121.431100,31.217000, 38, 45,1
129,2007-02-20 02:01:18,121.436800,31.219000,  0, 45,1
129,2007-02-20 02:02:19,121.438000,31.223100, 36, 22,1
129,2007-02-20 02:03:20,121.440100,31.224300,  0, 45,1
129,2007-02-20 02:04:21,121.440800,31.226300, 34,157,1
129,2007-02-20 02:05:22,121.442000,31.228600,  4, 45,1
129,2007-02-20 02:06:23,121.442100,31.228600,  0, 67,1
129,2007-02-20 02:07:24,121.442100,31.228600,  0, 67,1
129,2007-02-20 02:08:25,121.442100,31.228600,  0, 67,1
129,2007-02-20 02:09:26,121.442800,31.229100, 38, 22,1
129,2007-02-20 02:10:27,121.450000,31.232600, 40,157,1
129,2007-02-20 02:11:28,121.448500,31.236300, 10,  0,1
129,2007-02-20 02:11:55,121.448500,31.236600,  0,135,0
129,2007-02-20 02:12:56,121.448300,31.236600,  4,135,0
129,2007-02-20 02:13:57,121.448000,31.236500,  0, 45,0
129,2007-02-20 02:14:58,121.447100,31.237000,  6,157,0
129,2007-02-20 02:15:59,121.448600,31.236500,  0,157,0
129,2007-02-20 02:16:40,121.447600,31.236600, 10, 90,1
129,2007-02-20 02:17:41,121.447800,31.236300,  0, 67,1
129,2007-02-20 02:18:42,121.447800,31.236300,  0, 67,1
129,2007-02-20 02:19:43,121.448000,31.236300,  0, 67,1
129,2007-02-20 02:21:45,121.442800,31.231800, 48,112,1
129,2007-02-20 02:22:45,121.437800,31.229100,  0,135,1
129,2007-02-20 02:23:47,121.437800,31.229100,  0,135,1
129,2007-02-20 02:24:48,121.437800,31.229100,  0,135,1
129,2007-02-20 02:25:49,121.437800,31.229100,  0,135,1
129,2007-02-20 02:26:50,121.435100,31.227500,  2,112,1
129,2007-02-20 02:27:50,121.431100,31.224600, 50, 90,1
129,2007-02-20 02:28:52,121.429100,31.220000, 54,135,1
129,2007-02-20 02:29:53,121.427600,31.217600, 42, 90,1
129,2007-02-20 02:30:54,121.428600,31.215100, 50, 90,1
129,2007-02-20 02:31:55,121.429500,31.212600, 26, 90,1
129,2007-02-20 02:32:55,121.430000,31.204600, 58, 67,1
129,2007-02-20 02:33:57,121.430500,31.199000, 46,112,1
129,2007-02-20 02:35:09,121.428000,31.196500,  0, 45,0
129,2007-02-20 02:36:10,121.428000,31.196500,  0, 45,0
129,2007-02-20 02:37:10,121.427800,31.196500,  0, 67,0
129,2007-02-20 02:38:11,121.426100,31.195600,  6,135,0
129,2007-02-20 02:38:18,121.425800,31.195600, 28,135,1
129,2007-02-20 02:40:37,121.418000,31.197100,  0,135,1
129,2007-02-20 02:41:38,121.415500,31.201100, 62,  0,1
129,2007-02-20 02:42:39,121.412500,31.208600, 54,  0,1
129,2007-02-20 02:43:40,121.407800,31.210800,  0,157,1
129,2007-02-20 02:44:41,121.407800,31.210800,  0,157,1
129,2007-02-20 02:45:31,121.403000,31.212300,  0,157,0
129,2007-02-20 02:46:31,121.400500,31.212600, 36,135,0
129,2007-02-20 02:47:32,121.402600,31.214800, 42, 45,0
129,2007-02-20 02:48:17,121.404100,31.214500, 36, 45,1
129,2007-02-20 02:49:17,121.406600,31.217500, 66,  0,1
129,2007-02-20 02:50:18,121.406100,31.228300, 66,  0,1
129,2007-02-20 02:51:19,121.403300,31.233100, 54,135,1
129,2007-02-20 02:51:43,121.399600,31.233600, 56,135,0
129,2007-02-20 02:58:15,121.405300,31.229600, 34, 90,0
129,2007-02-20 02:59:16,121.405600,31.222100, 70, 90,0
129,2007-02-20 03:01:18,121.407000,31.210100, 28, 90,0
129,2007-02-20 03:02:19,121.408100,31.202100, 50, 90,0
129,2007-02-20 03:03:01,121.410300,31.202100, 26, 22,1
129,2007-02-20 03:04:01,121.414300,31.203500, 46, 45,1
129,2007-02-20 03:05:02,121.412500,31.208500, 62,  0,1
129,2007-02-20 03:06:03,121.420600,31.211600, 70, 45,1
129,2007-02-20 03:07:04,121.430800,31.217800, 80, 22,1
129,2007-02-20 03:08:05,121.442100,31.222800, 82, 45,1
129,2007-02-20 03:09:06,121.455000,31.225600, 84, 45,1
129,2007-02-20 03:10:07,121.467300,31.227300, 82, 22,1
129,2007-02-20 03:11:50,121.485800,31.234500, 62, 22,0
129,2007-02-20 03:12:50,121.486300,31.233300,  0,112,0
129,2007-02-20 03:13:51,121.484100,31.232600, 24,135,0
129,2007-02-20 03:15:54,121.475300,31.228500, 18,112,0
129,2007-02-20 03:16:55,121.472600,31.227300,  0,112,0
129,2007-02-20 03:17:14,121.472600,31.227300, 16,112,1
129,2007-02-20 03:18:15,121.468600,31.227500,  0,157,1
129,2007-02-20 03:19:15,121.464600,31.229500, 54,135,1
129,2007-02-20 03:20:17,121.460500,31.229300, 52,135,1
129,2007-02-20 03:21:18,121.454500,31.228300, 58,135,1
129,2007-02-20 03:23:20,121.447600,31.225000,  0,135,1
129,2007-02-20 03:24:20,121.443500,31.223500, 58,135,1
129,2007-02-20 03:25:21,121.441600,31.220600, 56, 90,1
129,2007-02-20 03:26:04,121.443000,31.218600,  0, 90,0
129,2007-02-20 03:27:04,121.443300,31.217800, 18, 90,0
129,2007-02-20 03:28:05,121.440300,31.216300, 16, 67,0
129,2007-02-20 03:29:05,121.440600,31.216000,  0, 67,0
129,2007-02-20 03:30:06,121.442100,31.211600, 28, 90,0
129,2007-02-20 03:31:08,121.438800,31.209300,  0,112,0
129,2007-02-20 03:32:09,121.436000,31.207500, 40,112,0
129,2007-02-20 03:33:10,121.433300,31.205800,  0,112,0
129,2007-02-20 03:34:10,121.431500,31.204600, 26,112,0
129,2007-02-20 03:35:12,121.430600,31.204100,  0,112,0
129,2007-02-20 03:36:12,121.431000,31.203300, 38, 67,0
129,2007-02-20 03:37:14,121.429500,31.198300, 36,112,0
129,2007-02-20 03:38:15,121.427500,31.196300,  0,135,0
129,2007-02-20 03:39:15,121.427500,31.196300,  0,135,0
129,2007-02-20 03:40:17,121.427500,31.196300,  0,135,0
129,2007-02-20 03:41:18,121.427500,31.196300,  0,135,0
129,2007-02-20 03:42:19,121.427500,31.196300,  0,135,0
129,2007-02-20 03:43:20,121.427500,31.196300,  0,135,0
129,2007-02-20 03:44:20,121.427500,31.196300,  0,135,0
129,2007-02-20 03:45:21,121.427500,31.196300,  0,135,0
129,2007-02-20 03:46:22,121.427500,31.196300,  0,135,0
129,2007-02-20 03:47:24,121.427500,31.196300,  0,135,0
129,2007-02-20 03:48:24,121.427500,31.196300,  0,135,0
129,2007-02-20 03:49:24,121.427500,31.196300,  0,135,0
129,2007-02-20 03:50:26,121.427500,31.196300,  0,135,0
129,2007-02-20 03:51:27,121.427500,31.196300,  0,135,0
129,2007-02-20 03:52:28,121.427500,31.196300,  0,135,0
129,2007-02-20 03:53:29,121.427500,31.196300,  0,135,0
129,2007-02-20 03:54:29,121.427500,31.196300,  0,135,0
129,2007-02-20 03:55:31,121.427500,31.196300,  0,135,0
129,2007-02-20 03:56:32,121.427500,31.196300,  0,135,0
129,2007-02-20 03:58:34,121.427500,31.196300,  0,135,0
129,2007-02-20 03:59:34,121.427500,31.196300,  0,135,0
129,2007-02-20 04:01:37,121.427500,31.196300,  0,135,0
129,2007-02-20 04:02:38,121.427500,31.196300,  0,135,0
129,2007-02-20 04:03:39,121.427500,31.196300,  0,135,0
129,2007-02-20 04:04:39,121.427500,31.196300,  0,135,0
129,2007-02-20 04:05:41,121.427500,31.196300,  0,135,0
129,2007-02-20 04:06:42,121.427500,31.196300,  0,135,0
129,2007-02-20 04:07:43,121.427500,31.196300,  0,135,0
129,2007-02-20 04:08:44,121.427500,31.196300,  0,135,0
129,2007-02-20 04:09:44,121.427500,31.196300,  0,135,0
129,2007-02-20 04:10:46,121.427500,31.196300,  0,135,0
129,2007-02-20 04:11:47,121.427500,31.196300,  0,135,0
129,2007-02-20 04:12:48,121.427500,31.196300,  0,135,0
129,2007-02-20 04:13:49,121.427500,31.196300,  0,135,0
129,2007-02-20 04:14:49,121.427500,31.196300,  0,135,0
129,2007-02-20 04:15:51,121.427500,31.196300,  0,135,0
129,2007-02-20 04:16:52,121.427500,31.196300,  0,135,0
129,2007-02-20 04:17:53,121.427500,31.196300,  0,135,0
129,2007-02-20 04:18:54,121.427500,31.196300,  0,135,0
129,2007-02-20 04:19:54,121.427500,31.196300,  0,135,0
129,2007-02-20 04:20:56,121.427500,31.196300,  0,135,0
129,2007-02-20 04:21:57,121.427500,31.196300,  0,135,0
129,2007-02-20 04:22:58,121.427500,31.196300,  0,135,0
129,2007-02-20 04:23:59,121.427500,31.196300,  0,135,0
129,2007-02-20 04:24:59,121.427500,31.196300,  0,135,0
129,2007-02-20 04:26:01,121.427500,31.196300,  0,135,0
129,2007-02-20 04:27:02,121.427500,31.196300,  0,135,0
129,2007-02-20 04:28:03,121.427500,31.196300,  0,135,0
129,2007-02-20 04:29:04,121.427500,31.196300,  0,135,0
129,2007-02-20 04:30:04,121.427500,31.196300,  0,135,0
129,2007-02-20 04:31:06,121.427500,31.196300,  0,135,0
129,2007-02-20 04:32:07,121.427500,31.196300,  0,135,0
129,2007-02-20 04:33:08,121.427500,31.196300,  0,135,0
129,2007-02-20 04:34:09,121.427500,31.196300,  0,135,0
129,2007-02-20 04:35:09,121.427500,31.196300,  0,135,0
129,2007-02-20 04:36:11,121.427500,31.196300,  0,135,0
129,2007-02-20 04:37:12,121.427500,31.196300,  0,135,0
129,2007-02-20 04:38:13,121.427500,31.196300,  0,135,0
129,2007-02-20 04:39:14,121.427500,31.196300,  0,135,0
129,2007-02-20 04:40:14,121.427500,31.196300,  0,135,0
129,2007-02-20 04:41:16,121.427500,31.196300,  0,135,0
129,2007-02-20 04:42:17,121.427500,31.196300,  0,135,0
129,2007-02-20 04:43:18,121.427500,31.196300,  0,135,0
129,2007-02-20 04:45:19,121.427500,31.196300,  0,135,0
129,2007-02-20 04:46:21,121.427500,31.196300,  0,135,0
129,2007-02-20 04:47:22,121.427500,31.196300,  0,135,0
129,2007-02-20 04:48:23,121.427500,31.196300,  0,135,0
129,2007-02-20 04:49:24,121.427500,31.196300,  0,135,0
129,2007-02-20 04:50:24,121.427500,31.196300,  0,135,0
129,2007-02-20 04:51:26,121.427500,31.196300,  0,135,0
129,2007-02-20 04:52:27,121.427500,31.196300,  0,135,0
129,2007-02-20 04:54:29,121.427500,31.196300,  0,135,0
129,2007-02-20 04:55:29,121.427500,31.196300,  0,135,0
129,2007-02-20 04:57:32,121.427500,31.196300,  0,135,0
129,2007-02-20 04:58:33,121.427500,31.196300,  0,135,0
129,2007-02-20 04:59:33,121.427500,31.196300,  0,135,0
129,2007-02-20 05:00:34,121.427500,31.196300,  0,135,0
129,2007-02-20 05:01:35,121.427500,31.196300,  0,135,0
129,2007-02-20 05:02:36,121.427500,31.196300,  0,135,0
129,2007-02-20 05:03:37,121.427500,31.196300,  0,135,0
129,2007-02-20 05:04:38,121.424100,31.195500, 28,135,0
129,2007-02-20 05:05:39,121.423500,31.197800,  0,  0,0
129,2007-02-20 05:06:40,121.425000,31.201500,  0,  0,0
129,2007-02-20 05:07:08,121.425000,31.201500,  0,  0,0
129,2007-02-20 05:08:08,121.425300,31.203500,  0,  0,0
129,2007-02-20 05:09:09,121.424600,31.206600, 40,157,0
129,2007-02-20 05:10:10,121.424600,31.210500, 28,  0,0
129,2007-02-20 05:11:11,121.422500,31.213100, 28,135,0
129,2007-02-20 05:12:12,121.421300,31.213500,  0,135,0
129,2007-02-20 05:13:13,121.412500,31.211600, 46,  0,0
129,2007-02-20 05:13:34,121.412600,31.212100, 22,  0,1
129,2007-02-20 05:14:34,121.413100,31.214800, 26,  0,1
129,2007-02-20 05:15:35,121.410800,31.221300,  0,  0,1
129,2007-02-20 05:16:36,121.407600,31.227300, 70,  0,1
129,2007-02-20 05:17:37,121.408300,31.232600,  0,  0,1
129,2007-02-20 05:18:38,121.408300,31.232500,  0,  0,1
129,2007-02-20 05:19:39,121.406600,31.232800, 32,135,1
129,2007-02-20 05:20:40,121.404300,31.234500, 50,157,1
129,2007-02-20 05:21:41,121.401100,31.238600, 44,157,1
129,2007-02-20 05:23:21,121.398000,31.243300, 34,  0,0
129,2007-02-20 05:24:21,121.400000,31.244000, 28, 45,0
129,2007-02-20 05:25:22,121.404000,31.243300,  4, 67,0
129,2007-02-20 05:28:04,121.404000,31.235600,  0,112,1
129,2007-02-20 05:29:05,121.405600,31.233000, 46, 90,1
129,2007-02-20 05:29:36,121.405300,31.229800,  6,112,0
129,2007-02-20 05:33:16,121.423300,31.248000, 74, 22,1
129,2007-02-20 05:34:17,121.432000,31.255800, 76, 22,1
129,2007-02-20 05:35:18,121.443000,31.259300, 60, 45,1
129,2007-02-20 05:36:58,121.449600,31.256100, 34, 45,1
129,2007-02-20 05:39:00,121.458800,31.255500,  0, 45,1
129,2007-02-20 05:40:01,121.459300,31.255500, 24, 45,1
129,2007-02-20 05:40:30,121.462300,31.255800, 16, 90,0
129,2007-02-20 05:41:30,121.462500,31.254600, 12, 90,0
129,2007-02-20 05:42:31,121.458600,31.255500, 34,157,0
129,2007-02-20 05:43:32,121.452500,31.255800, 38,135,0
129,2007-02-20 05:44:33,121.447600,31.257000,  0,157,0
129,2007-02-20 05:45:34,121.445800,31.259000, 42,157,0
129,2007-02-20 05:46:35,121.443500,31.260000, 52,135,0
129,2007-02-20 05:47:36,121.433000,31.256300, 70,112,0
129,2007-02-20 05:48:37,121.425000,31.249000, 70,112,0
129,2007-02-20 05:49:38,121.415300,31.243800, 70,112,0
129,2007-02-20 05:50:39,121.408100,31.237300, 72,112,0
129,2007-02-20 05:51:40,121.405300,31.233500,  0,112,0
129,2007-02-20 05:52:41,121.405000,31.233300,  0, 90,0
129,2007-02-20 05:53:42,121.405000,31.233300,  0, 90,0
129,2007-02-20 05:54:43,121.405000,31.233300,  0, 90,0
129,2007-02-20 05:55:44,121.405000,31.233300,  0, 90,0
129,2007-02-20 05:57:46,121.405000,31.233300,  0, 90,0
129,2007-02-20 05:58:47,121.405100,31.233500,  0, 22,0
129,2007-02-20 05:59:48,121.405100,31.233500,  0, 22,0
129,2007-02-20 06:00:49,121.405100,31.233300,  0, 22,0
129,2007-02-20 06:01:50,121.405100,31.233300,  0, 22,0
129,2007-02-20 06:02:51,121.405300,31.233600,  6, 22,0
129,2007-02-20 06:04:53,121.405500,31.233800,  0, 45,0
129,2007-02-20 06:06:55,121.405500,31.233800,  0, 45,0
129,2007-02-20 06:07:56,121.405500,31.233800,  0, 45,0
129,2007-02-20 06:09:58,121.404800,31.233100, 12,112,0
129,2007-02-20 06:10:59,121.398500,31.233800, 44,135,0
129,2007-02-20 06:12:00,121.390300,31.233500, 58,135,0
129,2007-02-20 06:13:01,121.384000,31.233000, 48,135,0
129,2007-02-20 06:14:02,121.376300,31.234100, 30,135,0
129,2007-02-20 06:15:03,121.376000,31.234100,  0,135,0
129,2007-02-20 06:16:04,121.375000,31.234300, 42,135,0
129,2007-02-20 06:17:05,121.371800,31.235100, 34,135,0
129,2007-02-20 06:18:06,121.371800,31.237600, 26, 67,0
129,2007-02-20 06:19:07,121.373800,31.236500,  0, 22,0
129,2007-02-20 06:20:08,121.374300,31.234500,  0, 90,0
129,2007-02-20 06:22:10,121.374000,31.235500,  0, 90,0
129,2007-02-20 06:23:11,121.374000,31.235600,  0, 90,0
129,2007-02-20 06:24:12,121.373600,31.236600,  0, 90,0
129,2007-02-20 06:25:13,121.374000,31.235300, 12, 90,0
129,2007-02-20 06:26:14,121.374100,31.235100,  0, 90,0
129,2007-02-20 06:27:15,121.374000,31.235300,  0, 90,0
129,2007-02-20 06:28:16,121.374000,31.235300,  0, 90,0
129,2007-02-20 06:29:17,121.374000,31.235300,  0, 90,0
129,2007-02-20 06:30:18,121.374000,31.235300,  0, 90,0
129,2007-02-20 06:33:21,121.374000,31.235300,  0, 90,0
129,2007-02-20 06:34:22,121.374000,31.235300,  0, 90,0
129,2007-02-20 06:35:23,121.374000,31.235300,  0, 90,0
129,2007-02-20 06:36:24,121.374000,31.235300,  0, 90,0
129,2007-02-20 06:37:25,121.374000,31.235300,  0, 90,0
129,2007-02-20 06:38:26,121.374000,31.235300,  0, 90,0
129,2007-02-20 06:39:27,121.374000,31.235300,  0, 90,0
129,2007-02-20 06:40:28,121.374000,31.235300,  0, 90,0
129,2007-02-20 06:41:29,121.374000,31.235300,  0, 90,0
129,2007-02-20 06:43:31,121.374000,31.235300,  0, 90,0
129,2007-02-20 06:44:32,121.374000,31.235300,  0, 90,0
129,2007-02-20 06:46:34,121.374000,31.235300,  0, 90,0
129,2007-02-20 06:49:37,121.370500,31.237500, 32,112,0
129,2007-02-20 06:50:38,121.369500,31.236300,  0,112,0
129,2007-02-20 06:51:39,121.371600,31.235100,  0,157,0
129,2007-02-20 06:51:51,121.371300,31.235300, 26,135,1
129,2007-02-20 06:53:53,121.362100,31.239600, 48,157,1
129,2007-02-20 06:55:55,121.354800,31.243300, 44,135,1
129,2007-02-20 06:58:01,121.347300,31.246300,  0, 67,0
129,2007-02-20 06:59:02,121.350300,31.244300, 36, 45,0
129,2007-02-20 07:00:03,121.355300,31.243000,  0, 45,0
129,2007-02-20 07:01:01,121.356300,31.242800, 28, 45,1
129,2007-02-20 07:02:02,121.362300,31.239500, 38, 67,1
129,2007-02-20 07:03:03,121.369000,31.236300, 26, 67,1
129,2007-02-20 07:04:04,121.373100,31.234800, 28, 45,1
129,2007-02-20 07:05:05,121.373800,31.232000, 56, 90,1
129,2007-02-20 07:06:06,121.371600,31.223600, 70, 90,1
129,2007-02-20 07:07:07,121.372000,31.213100, 70, 67,1
129,2007-02-20 07:08:08,121.375300,31.209600,  0, 67,1
129,2007-02-20 07:09:09,121.375300,31.209600,  0, 67,1
129,2007-02-20 07:10:10,121.377600,31.209300, 58, 45,1
129,2007-02-20 07:11:11,121.380300,31.207100, 20,135,1
129,2007-02-20 07:12:02,121.379000,31.207500,  0,  0,0
129,2007-02-20 07:13:02,121.379000,31.207500,  0,  0,0
129,2007-02-20 07:15:04,121.380500,31.208600,  0,  0,0
129,2007-02-20 07:16:05,121.383300,31.208000, 36, 45,0
129,2007-02-20 07:17:06,121.386000,31.208500,  0,  0,0
129,2007-02-20 07:17:24,121.386000,31.208100, 34, 90,1
129,2007-02-20 07:18:25,121.385500,31.205500, 26,135,1
129,2007-02-20 07:19:26,121.382000,31.205500, 42,135,1
129,2007-02-20 07:20:27,121.373500,31.206800, 54,157,1
129,2007-02-20 07:21:28,121.373000,31.209300,  0, 22,1
129,2007-02-20 07:22:29,121.368500,31.209800, 16,135,1
129,2007-02-20 07:23:11,121.368000,31.209800,  0,135,0
129,2007-02-20 07:24:11,121.367600,31.210600, 30, 22,0
129,2007-02-20 07:25:12,121.370300,31.215500, 42, 22,0
129,2007-02-20 07:26:13,121.371800,31.217800, 16, 22,0
129,2007-02-20 07:27:14,121.373100,31.217600, 42, 45,0
129,2007-02-20 07:28:15,121.380500,31.216800, 44, 45,0
129,2007-02-20 07:29:16,121.388000,31.215300, 42, 45,0
129,2007-02-20 07:30:17,121.390500,31.214800,  0, 45,0
129,2007-02-20 07:31:18,121.390800,31.214600, 32, 45,0
129,2007-02-20 07:32:19,121.395800,31.213300, 32, 45,0
129,2007-02-20 07:33:20,121.399800,31.213600, 38,  0,0
129,2007-02-20 07:33:56,121.399600,31.215100, 30,  0,1
129,2007-02-20 07:36:45,121.405800,31.218800,  0, 45,1
129,2007-02-20 07:37:46,121.405800,31.218800,  0, 45,1
129,2007-02-20 07:38:47,121.411000,31.219600,  0, 45,1
129,2007-02-20 07:39:48,121.414000,31.220300, 58, 45,1
129,2007-02-20 07:40:49,121.416300,31.220800,  0, 45,1
129,2007-02-20 07:41:50,121.419100,31.222100, 58, 22,1
129,2007-02-20 07:42:51,121.423100,31.228000, 36,  0,1
129,2007-02-20 07:43:48,121.424600,31.226800,  0, 67,0
129,2007-02-20 07:44:49,121.425500,31.227000, 12, 45,0
129,2007-02-20 07:45:50,121.425000,31.225600, 38,112,0
129,2007-02-20 07:46:51,121.422500,31.225500, 30,112,0
129,2007-02-20 07:47:52,121.420800,31.221500, 36, 90,0
129,2007-02-20 07:48:53,121.416800,31.219600, 38, 90,0
129,2007-02-20 07:49:54,121.418000,31.216500, 36, 90,0
129,2007-02-20 07:50:46,121.416300,31.214500, 12,135,1
129,2007-02-20 07:51:47,121.413000,31.214500,  0,135,1
129,2007-02-20 07:52:48,121.406500,31.214100, 52,135,1
129,2007-02-20 07:53:49,121.400500,31.215000, 46,135,1
129,2007-02-20 07:54:50,121.396800,31.216600, 26,135,1
129,2007-02-20 07:55:51,121.395100,31.216600,  0,135,1
129,2007-02-20 07:56:39,121.393500,31.216500,  8,135,0
129,2007-02-20 07:58:41,121.391100,31.216100, 28,  0,0
129,2007-02-20 07:59:42,121.391100,31.217800,  0,157,0
129,2007-02-20 08:00:43,121.391100,31.217800,  0,157,0
129,2007-02-20 08:01:44,121.391100,31.217800,  0,157,0
129,2007-02-20 08:02:45,121.391100,31.217800,  0,157,0
129,2007-02-20 08:03:46,121.391100,31.219100, 28,  0,0
129,2007-02-20 08:04:47,121.393500,31.219600, 20, 67,0
129,2007-02-20 08:05:48,121.399600,31.219600, 36, 45,0
129,2007-02-20 08:09:59,121.407500,31.214100,  0, 45,0
129,2007-02-20 08:11:00,121.408100,31.215000, 16, 22,0
129,2007-02-20 08:12:01,121.408300,31.215000,  0, 45,0
129,2007-02-20 08:13:02,121.408100,31.215000, 12,  0,0
129,2007-02-20 08:14:03,121.409100,31.214500, 16, 90,0
129,2007-02-20 08:15:04,121.412500,31.214500, 22, 45,0
129,2007-02-20 08:16:05,121.412300,31.217600, 44,  0,0
129,2007-02-20 08:18:06,121.409300,31.224600, 28, 22,0
129,2007-02-20 08:19:07,121.414100,31.225500, 12, 22,0
129,2007-02-20 08:20:08,121.417300,31.225300, 26, 67,0
129,2007-02-20 08:21:10,121.419500,31.223100, 16, 67,0
129,2007-02-20 08:22:10,121.423100,31.227000, 50,  0,0
129,2007-02-20 08:23:11,121.423800,31.233800, 52, 22,0
129,2007-02-20 08:24:12,121.425000,31.234800,  0, 22,0
129,2007-02-20 08:25:13,121.424800,31.234800,  0, 22,0
129,2007-02-20 08:26:15,121.427300,31.238600, 52, 22,0
129,2007-02-20 08:27:15,121.430300,31.239600,  4, 22,0
129,2007-02-20 08:28:16,121.434600,31.243300, 52, 22,0
129,2007-02-20 08:29:17,121.441600,31.246300, 58, 45,0
129,2007-02-20 08:30:18,121.446600,31.247100,  0, 45,0
129,2007-02-20 08:31:20,121.446800,31.247100, 12, 45,0
129,2007-02-20 08:32:20,121.450000,31.246000,  0, 67,0
129,2007-02-20 08:34:20,121.454000,31.240800, 22,157,0
129,2007-02-20 08:35:21,121.453800,31.241300,  0, 45,0
129,2007-02-20 08:36:22,121.453800,31.241300,  0, 45,0
129,2007-02-20 08:37:23,121.453800,31.241300,  0, 45,0
129,2007-02-20 08:38:25,121.453800,31.241300,  0, 45,0
129,2007-02-20 08:39:25,121.453800,31.241300,  0, 45,0
129,2007-02-20 08:40:26,121.453800,31.241300,  0, 45,0
129,2007-02-20 08:41:27,121.453800,31.241300,  0, 45,0
129,2007-02-20 08:42:28,121.453800,31.241300,  0, 45,0
129,2007-02-20 08:43:30,121.453800,31.241300,  0, 45,0
129,2007-02-20 08:44:30,121.453800,31.241300,  0, 45,0
129,2007-02-20 08:45:31,121.453800,31.241300,  0, 45,0
129,2007-02-20 08:46:32,121.453800,31.241300,  0, 45,0
129,2007-02-20 08:48:34,121.453500,31.241300,  0, 45,0
129,2007-02-20 08:49:35,121.453500,31.241300,  0, 45,0
129,2007-02-20 08:50:36,121.453500,31.241300,  0, 45,0
129,2007-02-20 08:51:37,121.453500,31.241300,  0, 45,0
129,2007-02-20 08:52:38,121.453500,31.241300,  0, 45,0
129,2007-02-20 08:53:39,121.453500,31.241300,  0, 45,0
129,2007-02-20 08:54:40,121.453500,31.241300,  0, 45,0
129,2007-02-20 08:55:41,121.453500,31.241300,  0, 45,0
129,2007-02-20 08:56:42,121.453500,31.241300,  0, 45,0
129,2007-02-20 08:57:43,121.451800,31.244100, 40,157,0
129,2007-02-20 08:58:44,121.449100,31.247300,  8,157,0
129,2007-02-20 08:59:45,121.448300,31.247600, 40,135,0
129,2007-02-20 09:00:46,121.441500,31.246500, 50,135,0
129,2007-02-20 09:01:47,121.437000,31.245100,  0,112,0
129,2007-02-20 09:02:48,121.434300,31.243100, 50,112,0
129,2007-02-20 09:03:49,121.433000,31.242300, 22,112,0
129,2007-02-20 09:04:50,121.431100,31.240600,  0,112,0
129,2007-02-20 09:05:51,121.426600,31.238100, 44,112,0
129,2007-02-20 09:06:52,121.425300,31.235500,  0,112,0
129,2007-02-20 09:07:53,121.425300,31.235500,  0,112,0
129,2007-02-20 09:08:54,121.423000,31.232600,  0, 90,0
129,2007-02-20 09:09:42,121.422600,31.231300, 12, 90,1
129,2007-02-20 09:10:42,121.426800,31.229300, 16, 45,1
129,2007-02-20 09:11:43,121.429100,31.227800,  0, 67,1
129,2007-02-20 09:12:44,121.430100,31.228000, 44, 22,1
129,2007-02-20 09:13:45,121.434100,31.227300,  2, 45,1
129,2007-02-20 09:14:46,121.437300,31.226800,  8, 45,1
129,2007-02-20 09:15:47,121.440800,31.223300, 44, 90,1
129,2007-02-20 09:16:48,121.448300,31.224300, 50, 45,1
129,2007-02-20 09:17:49,121.452100,31.225300, 24, 90,1
129,2007-02-20 09:18:50,121.453000,31.222300, 40, 67,1
129,2007-02-20 09:19:51,121.455600,31.216000, 38, 67,1
129,2007-02-20 09:21:53,121.457300,31.208800, 26, 90,1
129,2007-02-20 09:22:54,121.457500,31.205300,  0, 90,1
129,2007-02-20 09:23:55,121.461300,31.206000, 36, 22,1
129,2007-02-20 09:24:56,121.464100,31.199800, 46, 67,1
129,2007-02-20 09:25:57,121.465000,31.197500, 48, 90,1
129,2007-02-20 09:26:58,121.465100,31.196800,  0, 90,1
129,2007-02-20 09:27:59,121.466000,31.196600, 40, 45,1
129,2007-02-20 09:29:00,121.466600,31.196800,  0, 45,1
129,2007-02-20 09:30:01,121.470300,31.197100,  0, 45,1
129,2007-02-20 09:31:02,121.470300,31.197100,  0, 45,1
129,2007-02-20 09:32:03,121.470300,31.197100,  0, 45,1
129,2007-02-20 09:33:04,121.470300,31.197100,  0, 45,1
129,2007-02-20 09:34:34,121.478600,31.175000, 46,112,0
129,2007-02-20 09:35:34,121.473500,31.175100, 52,  0,0
129,2007-02-20 09:36:36,121.480100,31.181000, 58,  0,0
129,2007-02-20 09:37:37,121.477600,31.188300, 52,  0,0
129,2007-02-20 09:39:39,121.470800,31.204500, 62,  0,0
129,2007-02-20 09:40:39,121.468500,31.209600,  6,135,0
129,2007-02-20 09:41:40,121.468000,31.209600,  0,135,0
129,2007-02-20 09:42:41,121.468000,31.209600,  0,135,0
129,2007-02-20 09:43:42,121.468000,31.209600,  0,135,0
129,2007-02-20 09:44:44,121.466300,31.217300,  0,135,0
129,2007-02-20 09:45:44,121.461100,31.216800, 40,135,0
129,2007-02-20 09:46:46,121.455800,31.215100, 42,135,0
129,2007-02-20 09:47:47,121.450300,31.213600, 42,135,0
129,2007-02-20 09:48:48,121.443600,31.212300, 30,135,0
129,2007-02-20 09:49:49,121.440000,31.212300, 10,135,0
129,2007-02-20 09:50:49,121.434600,31.212600, 10,135,0
129,2007-02-20 09:51:51,121.432100,31.213100,  0,112,0
129,2007-02-20 09:52:52,121.429600,31.213000, 38,  0,0
129,2007-02-20 09:53:53,121.428500,31.215800,  0,  0,0
129,2007-02-20 09:54:54,121.424800,31.215500, 40,135,0
129,2007-02-20 09:55:54,121.418600,31.214800, 14,135,0
129,2007-02-20 09:56:56,121.416500,31.214500, 40,135,0
129,2007-02-20 09:57:57,121.413500,31.214600,  0,135,0
129,2007-02-20 09:58:58,121.409800,31.214500, 24,135,0
129,2007-02-20 09:59:59,121.408300,31.215100,  0, 45,0
129,2007-02-20 10:00:59,121.408300,31.215100,  0, 45,0
129,2007-02-20 10:39:07,121.423800,31.198600, 44, 90,1
129,2007-02-20 10:40:08,121.423500,31.197000,  0, 90,1
129,2007-02-20 10:41:09,121.427600,31.194000, 56, 45,1
129,2007-02-20 10:42:10,121.429100,31.191100,  0, 90,1
129,2007-02-20 10:43:11,121.429300,31.190800, 26, 67,1
129,2007-02-20 10:44:12,121.436500,31.191300, 40, 45,1
129,2007-02-20 10:45:13,121.437800,31.188500,  0, 67,1
129,2007-02-20 10:46:14,121.438800,31.186000, 46, 90,1
129,2007-02-20 10:47:15,121.439800,31.183100,  0, 90,1
129,2007-02-20 10:48:02,121.440000,31.182000, 14, 67,0
129,2007-02-20 10:49:02,121.440100,31.181100,  0, 90,0
129,2007-02-20 10:50:03,121.440100,31.181600,  8,  0,0
129,2007-02-20 10:51:04,121.440100,31.181600,  0,  0,0
129,2007-02-20 10:52:22,121.434300,31.180100, 52,135,1
129,2007-02-20 10:53:23,121.424600,31.183600, 76,135,1
129,2007-02-20 10:54:24,121.417000,31.190600, 48,157,1
129,2007-02-20 10:55:25,121.420800,31.193100, 60, 22,1
129,2007-02-20 10:56:26,121.423000,31.195000,  0, 22,1
129,2007-02-20 10:57:27,121.424000,31.197800, 30, 67,1
129,2007-02-20 10:58:13,121.426100,31.198000,  0, 67,0
129,2007-02-20 11:00:15,121.429100,31.198000,  0, 67,0
129,2007-02-20 11:01:16,121.432000,31.201000, 36,  0,0
129,2007-02-20 11:02:17,121.430600,31.204100,  0,  0,0
129,2007-02-20 11:03:18,121.428800,31.203300, 46,112,0
129,2007-02-20 11:04:19,121.425300,31.203600, 16,157,0
129,2007-02-20 11:05:20,121.419800,31.205600, 36,135,0
129,2007-02-20 11:06:21,121.415600,31.206800, 38,135,0
129,2007-02-20 11:20:46,121.429500,31.193500, 36, 90,1
129,2007-02-20 11:23:49,121.437300,31.190600, 14, 90,1
129,2007-02-20 11:25:19,121.437800,31.189100, 36, 90,0
129,2007-02-20 11:26:48,121.434600,31.185100, 18,135,0
129,2007-02-20 11:27:48,121.432100,31.187300, 20,  0,0
129,2007-02-20 11:29:50,121.434000,31.195000, 26,  0,0
129,2007-02-20 11:30:51,121.434000,31.195600, 22,157,0
129,2007-02-20 11:31:52,121.432000,31.200300, 20,  0,0
129,2007-02-20 11:32:53,121.431100,31.203500,  0,157,0
129,2007-02-20 11:33:54,121.429300,31.203500, 48,112,0
129,2007-02-20 11:34:31,121.427000,31.203000, 38,135,1
129,2007-02-20 11:35:31,121.424800,31.206600, 28,157,1
129,2007-02-20 11:36:32,121.424800,31.210100, 22, 45,1
129,2007-02-20 11:38:34,121.426500,31.210300, 24, 45,1
129,2007-02-20 11:39:35,121.428800,31.207500, 40, 90,1
129,2007-02-20 11:40:36,121.430100,31.204300, 14, 67,1
129,2007-02-20 11:41:37,121.431000,31.203500, 44, 67,1
129,2007-02-20 11:42:38,121.432300,31.199600, 36, 67,1
129,2007-02-20 11:43:39,121.432300,31.195600, 38,135,1
129,2007-02-20 11:44:09,121.430100,31.195000,  0,135,0
129,2007-02-20 11:45:10,121.427600,31.194100, 26,135,0
129,2007-02-20 11:46:11,121.427500,31.194100,  0,135,0
129,2007-02-20 11:47:12,121.427300,31.194100, 22,135,0
129,2007-02-20 11:48:13,121.423600,31.197000, 36,  0,0
129,2007-02-20 11:49:14,121.425100,31.202800, 44,  0,0
129,2007-02-20 11:50:15,121.425100,31.203800, 16,135,0
129,2007-02-20 12:04:02,121.401500,31.233600, 12,135,0
129,2007-02-20 12:05:03,121.397600,31.234000, 34,135,0
129,2007-02-20 12:06:04,121.391600,31.233600, 38,135,0
129,2007-02-20 12:07:05,121.384300,31.233100,  0,135,0
129,2007-02-20 12:08:06,121.377600,31.234000, 52,135,0
129,2007-02-20 12:09:07,121.376600,31.234100,  0,135,0
129,2007-02-20 12:10:08,121.376100,31.234300, 30,135,0
129,2007-02-20 12:11:09,121.370500,31.235800, 32,157,0
129,2007-02-20 12:12:10,121.371100,31.238000, 38, 22,0
129,2007-02-20 12:12:48,121.371600,31.239100, 30,157,1
129,2007-02-20 12:13:48,121.366500,31.241600,  8,157,1
129,2007-02-20 12:14:49,121.365300,31.246600, 46,  0,1
129,2007-02-20 12:15:50,121.366300,31.249500, 54,  0,1
129,2007-02-20 12:16:51,121.367100,31.251600, 50,  0,1
129,2007-02-20 12:17:52,121.369000,31.256600, 30,  0,1
129,2007-02-20 12:18:53,121.361800,31.258000, 46,135,1
129,2007-02-20 12:19:54,121.361300,31.259300, 32,135,1
129,2007-02-20 12:20:14,121.360800,31.259300,  0,135,0
129,2007-02-20 12:21:14,121.360800,31.259300,  0,135,0
129,2007-02-20 12:22:15,121.361500,31.258500, 12, 90,0
129,2007-02-20 12:23:16,121.365300,31.257500,  0, 45,0
129,2007-02-20 12:24:17,121.368100,31.255000, 46, 90,0
129,2007-02-20 12:25:18,121.367600,31.253300,  0, 90,0
129,2007-02-20 12:26:19,121.366300,31.249600, 52, 90,0
129,2007-02-20 12:27:20,121.363800,31.243000, 30, 90,0
129,2007-02-20 12:28:21,121.368300,31.240600,  0, 67,0
129,2007-02-20 12:29:22,121.371800,31.238800, 16, 67,0
129,2007-02-20 12:30:23,121.373800,31.236500,  6, 22,0
129,2007-02-20 12:31:24,121.373800,31.236500,  0, 22,0
129,2007-02-20 12:32:25,121.373800,31.236500,  0, 22,0
129,2007-02-20 12:34:27,121.373600,31.236500,  0, 22,0
129,2007-02-20 12:36:29,121.373600,31.236500,  0, 22,0
129,2007-02-20 12:37:30,121.373600,31.236500,  0, 22,0
129,2007-02-20 12:38:31,121.373600,31.236600,  0, 22,0
129,2007-02-20 12:39:32,121.373600,31.236600,  0, 22,0
129,2007-02-20 12:40:33,121.373600,31.236600,  0, 22,0
129,2007-02-20 12:41:34,121.373600,31.236500,  0, 22,0
129,2007-02-20 12:42:35,121.373600,31.236300,  0, 22,0
129,2007-02-20 12:43:36,121.373600,31.236100,  0, 22,0
129,2007-02-20 12:44:37,121.373600,31.236100,  0, 22,0
129,2007-02-20 12:45:38,121.373600,31.236100,  0, 22,0
129,2007-02-20 12:46:39,121.373600,31.236100,  0, 22,0
129,2007-02-20 12:47:40,121.373600,31.236100,  0, 22,0
129,2007-02-20 12:48:41,121.373600,31.236100,  0, 22,0
129,2007-02-20 12:49:42,121.373600,31.236100,  0, 22,0
129,2007-02-20 12:50:43,121.373600,31.236300,  0, 22,0
129,2007-02-20 12:51:44,121.373600,31.236300,  0, 22,0
129,2007-02-20 12:52:45,121.373600,31.236300,  0, 22,0
129,2007-02-20 12:54:47,121.373600,31.236300,  0, 22,0
129,2007-02-20 12:55:48,121.373600,31.236300,  0, 22,0
129,2007-02-20 12:56:49,121.373600,31.236300,  0, 22,0
129,2007-02-20 12:57:50,121.373600,31.236300,  0, 22,0
129,2007-02-20 12:58:51,121.373600,31.236300,  0, 22,0
129,2007-02-20 12:59:52,121.373600,31.236300,  0, 22,0
129,2007-02-20 13:00:53,121.373600,31.236300,  0, 22,0
129,2007-02-20 13:01:54,121.373600,31.236500,  0, 22,0
129,2007-02-20 13:02:55,121.373600,31.236500,  0, 22,0
129,2007-02-20 13:03:56,121.373600,31.236500,  0, 22,0
129,2007-02-20 13:04:57,121.373600,31.236500,  0, 22,0
129,2007-02-20 13:05:58,121.373600,31.236500,  0, 22,0
129,2007-02-20 13:06:59,121.373600,31.236500,  0, 22,0
129,2007-02-20 13:08:00,121.373600,31.236500,  0, 22,0
129,2007-02-20 13:09:01,121.373600,31.236500,  0, 22,0
129,2007-02-20 13:12:04,121.373600,31.236500,  0, 22,0
129,2007-02-20 13:13:05,121.373600,31.236500,  0, 22,0
129,2007-02-20 13:16:08,121.373600,31.236500,  0, 22,0
129,2007-02-20 13:17:08,121.373300,31.236800, 18,157,0
129,2007-02-20 13:19:11,121.369800,31.236500,  6,112,0
129,2007-02-20 13:20:12,121.374500,31.234500, 30, 45,0
129,2007-02-20 13:21:13,121.375000,31.234300,  0, 45,0
129,2007-02-20 13:22:13,121.375000,31.234300,  0, 45,0
129,2007-02-20 13:23:15,121.375800,31.234100, 34, 45,0
129,2007-02-20 13:24:16,121.383000,31.233100, 44, 45,0
129,2007-02-20 13:25:17,121.390100,31.233500, 48, 45,0
129,2007-02-20 13:26:18,121.395800,31.233800, 36, 45,0
129,2007-02-20 13:27:18,121.402100,31.233500, 36, 45,0
129,2007-02-20 13:28:20,121.406000,31.232800, 32, 45,0
129,2007-02-20 13:29:21,121.407500,31.229300, 30, 90,0
129,2007-02-20 13:33:04,121.406000,31.218600, 10,112,0
129,2007-02-20 13:34:05,121.407800,31.214100, 16, 67,0
129,2007-02-20 13:35:06,121.408800,31.216100, 22, 22,0
129,2007-02-20 14:23:47,121.401300,31.241100, 10, 22,1
129,2007-02-20 14:24:42,121.402800,31.243100,  0, 22,0
129,2007-02-20 14:27:11,121.405100,31.239800,  4,135,0
129,2007-02-20 14:27:24,121.404100,31.239800, 32,135,1
129,2007-02-20 14:28:24,121.401300,31.240600,  4,157,1
129,2007-02-20 14:29:25,121.399000,31.242500, 24,157,1
129,2007-02-20 14:30:26,121.398000,31.243300, 10,157,1
129,2007-02-20 14:31:27,121.397600,31.246100,  0,  0,1
129,2007-02-20 14:32:28,121.398300,31.247100, 30, 45,1
129,2007-02-20 14:33:29,121.401000,31.247000,  0, 45,1
129,2007-02-20 14:34:30,121.400600,31.249000,  0,157,1
129,2007-02-20 14:36:25,121.403100,31.250300, 20, 90,0
129,2007-02-20 14:37:25,121.403800,31.248500,  0, 90,0
129,2007-02-20 14:37:49,121.403800,31.248100, 16, 90,1
129,2007-02-20 14:38:49,121.410500,31.246300, 50, 67,1
129,2007-02-20 14:39:50,121.414100,31.243800,  0, 67,1
129,2007-02-20 14:40:51,121.414100,31.243800,  0, 67,1
129,2007-02-20 14:41:52,121.414300,31.243600,  0, 67,1
129,2007-02-20 14:42:53,121.415500,31.243600, 36, 22,1
129,2007-02-20 14:43:54,121.421800,31.247300, 64, 22,1
129,2007-02-20 14:44:55,121.430000,31.253600, 64, 22,1
129,2007-02-20 14:45:56,121.439300,31.258600, 76, 22,1
129,2007-02-20 14:47:47,121.458600,31.259500, 60, 90,1
129,2007-02-20 14:49:48,121.458500,31.242600, 46, 90,1
129,2007-02-20 14:50:49,121.461300,31.237000,  0, 67,1
129,2007-02-20 14:51:50,121.461600,31.237000,  0, 67,1
129,2007-02-20 14:52:51,121.462100,31.233300, 44, 90,1
129,2007-02-20 14:54:40,121.467600,31.235600, 10, 22,0
129,2007-02-20 14:56:41,121.468800,31.236100,  0, 45,0
129,2007-02-20 14:58:43,121.469300,31.236300,  2,  0,0
129,2007-02-20 14:59:44,121.471000,31.235600,  0, 90,0
129,2007-02-20 15:00:36,121.470000,31.235500, 20,135,1
129,2007-02-20 15:01:37,121.466300,31.235600, 10,157,1
129,2007-02-20 15:02:38,121.465500,31.237600,  0,157,1
129,2007-02-20 15:03:39,121.465500,31.237600,  0,157,1
129,2007-02-20 15:04:40,121.468600,31.239300,  0, 22,1
129,2007-02-20 15:05:41,121.468800,31.239500, 12, 22,1
129,2007-02-20 15:06:42,121.468800,31.239500, 16, 22,1
129,2007-02-20 15:07:43,121.468100,31.244300, 34, 45,1
129,2007-02-20 15:09:45,121.477500,31.245500,  8, 22,1
129,2007-02-20 15:09:53,121.477500,31.245500,  0, 45,0
129,2007-02-20 15:12:55,121.477000,31.249000, 16,  0,0
129,2007-02-20 15:14:18,121.480500,31.250100,  0, 90,1
129,2007-02-20 15:15:19,121.481600,31.247100, 34, 45,1
129,2007-02-20 15:16:20,121.484500,31.247500,  0, 45,1
129,2007-02-20 15:17:21,121.484600,31.245300, 46, 90,1
129,2007-02-20 15:18:22,121.485800,31.237800, 32, 90,1
129,2007-02-20 15:19:23,121.486000,31.237500, 28, 90,1
129,2007-02-20 15:20:24,121.490600,31.231800, 30, 67,1
129,2007-02-20 15:21:25,121.496500,31.226300, 56, 67,1
129,2007-02-20 15:22:26,121.498500,31.224300,  0, 90,1
129,2007-02-20 15:23:27,121.501000,31.219300, 56, 90,1
129,2007-02-20 15:24:28,121.499300,31.213000, 58,112,1
129,2007-02-20 15:25:29,121.498600,31.210000, 46,  0,1
129,2007-02-20 15:26:30,121.500300,31.207500, 68, 45,1
129,2007-02-20 15:27:31,121.510500,31.204000, 68, 45,1
129,2007-02-20 15:29:21,121.531100,31.199500, 78, 45,1
129,2007-02-20 15:30:22,121.542500,31.201600, 10, 22,1
129,2007-02-20 15:31:23,121.542800,31.201800, 32, 22,1
129,2007-02-20 15:32:24,121.551100,31.205600,  8, 45,1
129,2007-02-20 15:33:25,121.551100,31.205600,  0, 45,1
129,2007-02-20 15:34:26,121.555100,31.205800, 58, 45,1
129,2007-02-20 15:36:28,121.572300,31.211500, 76, 22,1
129,2007-02-20 15:37:29,121.582800,31.214300, 32, 67,1
129,2007-02-20 15:38:30,121.583800,31.210000, 48, 90,1
129,2007-02-20 15:39:31,121.584600,31.204500,  0, 90,1
129,2007-02-20 15:40:32,121.585100,31.200000, 62, 90,1
129,2007-02-20 15:41:23,121.586800,31.195500,  0, 45,0
129,2007-02-20 15:43:25,121.585100,31.200300, 48,  0,0
129,2007-02-20 15:44:26,121.584600,31.204100, 26,  0,0
129,2007-02-20 15:45:27,121.583800,31.210500, 38,  0,0
129,2007-02-20 15:46:28,121.583100,31.213600,  0,  0,0
129,2007-02-20 15:47:29,121.583100,31.213600,  0,  0,0
129,2007-02-20 15:48:30,121.583100,31.213600,  0,  0,0
129,2007-02-20 15:49:31,121.583100,31.213600,  0,  0,0
129,2007-02-20 15:50:32,121.583000,31.214000, 28,  0,0
129,2007-02-20 15:50:36,121.582800,31.214300, 32,157,1
129,2007-02-20 15:51:37,121.590000,31.218500, 60, 45,1
129,2007-02-20 15:52:38,121.594600,31.220000,  0, 45,1
129,2007-02-20 15:53:39,121.594600,31.220000, 10,  0,1
129,2007-02-20 15:54:40,121.591800,31.221000, 30,157,1
129,2007-02-20 15:56:31,121.590300,31.222000,  0, 22,0
129,2007-02-20 15:57:32,121.591800,31.220600, 24, 67,0
129,2007-02-20 15:58:33,121.589800,31.218500, 40,135,0
129,2007-02-20 15:59:34,121.583000,31.215000, 12,112,0
129,2007-02-20 16:00:35,121.575600,31.212800, 50,135,0
129,2007-02-20 16:01:36,121.567600,31.209500, 58,112,0
129,2007-02-20 16:02:37,121.560600,31.206500,  0,135,0
129,2007-02-20 16:04:39,121.549100,31.205100, 66,112,0
129,2007-02-20 16:05:40,121.541800,31.201500, 46,112,0
129,2007-02-20 16:06:41,121.533000,31.199500, 60,135,0
129,2007-02-20 16:07:42,121.523300,31.201300, 60,135,0
129,2007-02-20 16:08:43,121.514300,31.203300, 58,135,0
129,2007-02-20 16:09:44,121.505300,31.205800, 62,135,0
129,2007-02-20 16:10:45,121.496100,31.209300, 46,157,0
129,2007-02-20 16:11:46,121.496300,31.210100, 42,  0,0
129,2007-02-20 16:12:47,121.494800,31.210000, 46,135,0
129,2007-02-20 16:13:48,121.489800,31.206800,  0,112,0
129,2007-02-20 16:14:49,121.486100,31.204100, 44,112,0
129,2007-02-20 16:15:50,121.481100,31.202300,  0,112,0
129,2007-02-20 16:17:52,121.473300,31.198300, 16, 90,0
129,2007-02-20 16:18:53,121.468600,31.197600, 60,112,0
129,2007-02-20 16:19:54,121.464600,31.199500, 42,157,0
129,2007-02-20 16:20:55,121.463500,31.202800,  0,  0,0
129,2007-02-20 16:21:56,121.462800,31.205000, 42,  0,0
129,2007-02-20 16:22:57,121.462500,31.206300,  0,  0,0
129,2007-02-20 16:23:58,121.462000,31.206600,  6,112,0
129,2007-02-20 16:24:59,121.458800,31.205300, 42,135,0
129,2007-02-20 16:25:59,121.453100,31.204000, 42,135,0
129,2007-02-20 16:27:00,121.449300,31.202600,  0,112,0
129,2007-02-20 16:28:01,121.448600,31.202500, 30,135,0
129,2007-02-20 16:29:02,121.443100,31.200500,  0,112,0
129,2007-02-20 16:30:03,121.441300,31.199600, 46,112,0
129,2007-02-20 16:31:04,121.436600,31.197100, 12,135,0
129,2007-02-20 16:32:05,121.433800,31.200000, 32,157,0
129,2007-02-20 16:33:06,121.433500,31.200500, 24,157,0
129,2007-02-20 16:34:07,121.432100,31.201600,  0,112,0
129,2007-02-20 16:35:08,121.431000,31.203600,  0,157,0
129,2007-02-20 16:37:10,121.427000,31.203000, 42,157,0
129,2007-02-20 16:38:11,121.425500,31.203600,  0,157,0
129,2007-02-20 16:39:12,121.420500,31.205300, 34,135,0
129,2007-02-20 16:40:13,121.417100,31.206300, 36,135,0
129,2007-02-20 16:49:03,121.419600,31.223100,  0, 67,0
129,2007-02-20 16:50:04,121.419300,31.222300, 18,112,0
129,2007-02-20 16:51:05,121.417300,31.221300,  0,112,0
129,2007-02-20 16:52:06,121.413600,31.220300, 30,135,0
129,2007-02-20 16:55:39,121.406000,31.219100,  0, 90,0
129,2007-02-20 16:56:40,121.405300,31.218800,  0,135,0
129,2007-02-20 16:57:41,121.406800,31.215100, 46, 67,0
129,2007-02-20 16:59:43,121.408000,31.215000,  0,  0,0
129,2007-02-20 17:00:44,121.408000,31.215000,  0,  0,0
129,2007-02-20 17:01:45,121.408000,31.215000,  0,  0,0
129,2007-02-20 17:02:46,121.408000,31.215000,  0,  0,0
129,2007-02-20 17:03:47,121.408000,31.215000,  0,  0,0
129,2007-02-20 17:04:48,121.408000,31.215000,  0,  0,0
129,2007-02-20 17:05:49,121.408000,31.215000,  0,  0,0
129,2007-02-20 17:06:50,121.408000,31.215000,  0,  0,0
129,2007-02-20 17:07:51,121.408600,31.216100, 22, 22,0
129,2007-02-20 17:07:56,121.408800,31.216300, 18, 45,1
129,2007-02-20 17:13:57,121.443500,31.223100, 64, 45,1
129,2007-02-20 17:14:58,121.452800,31.225600, 66, 45,1
129,2007-02-20 17:15:59,121.464100,31.226000, 68, 45,1
129,2007-02-20 17:17:00,121.473600,31.230500, 66, 22,1
129,2007-02-20 17:18:01,121.483100,31.233300, 54, 22,1
129,2007-02-20 17:19:02,121.486000,31.237800, 52,  0,1
129,2007-02-20 17:20:03,121.485500,31.244300, 46,  0,1
129,2007-02-20 17:20:37,121.486000,31.246100,  0,  0,0
129,2007-02-20 17:21:37,121.486000,31.246600,  0,  0,0
129,2007-02-20 17:22:38,121.487100,31.247500, 10,157,0
129,2007-02-20 17:23:18,121.486500,31.247500, 30,112,1
129,2007-02-20 17:24:18,121.484600,31.247000, 36, 90,1
129,2007-02-20 17:25:19,121.485300,31.240600, 44, 90,1
129,2007-02-20 17:27:21,121.484800,31.234100, 44,112,1
129,2007-02-20 17:28:22,121.481500,31.233300, 42,135,1
129,2007-02-20 17:29:23,121.479300,31.233300, 16,135,1
129,2007-02-20 17:30:24,121.477300,31.232800, 24,112,1
129,2007-02-20 17:31:25,121.473800,31.231000,  0,112,1
129,2007-02-20 17:32:26,121.474500,31.228100, 24,112,1
129,2007-02-20 17:33:27,121.474000,31.227300, 30, 90,1
129,2007-02-20 17:34:28,121.473100,31.226500,  0,135,1
129,2007-02-20 17:35:29,121.470000,31.225100, 22,112,1
129,2007-02-20 17:36:30,121.467100,31.224000,  0,112,1
129,2007-02-20 17:37:31,121.467100,31.224000,  0,112,1
129,2007-02-20 17:38:32,121.465100,31.223000, 24,112,1
129,2007-02-20 17:39:31,121.463500,31.222300, 26,112,1
129,2007-02-20 17:40:32,121.460000,31.221000,  0,112,1
129,2007-02-20 17:41:33,121.458800,31.220300, 14,112,1
129,2007-02-20 17:42:34,121.457500,31.219800,  0,112,1
129,2007-02-20 17:43:35,121.456300,31.220300, 26,157,1
129,2007-02-20 17:44:36,121.455600,31.224300,  4,  0,1
129,2007-02-20 17:45:37,121.455600,31.224600,  8,  0,1
129,2007-02-20 17:46:38,121.458300,31.225600,  0, 22,1
129,2007-02-20 17:47:39,121.458600,31.226500, 36,  0,1
129,2007-02-20 17:48:40,121.458500,31.229100, 18,  0,1
129,2007-02-20 17:49:41,121.457100,31.231300,  0,157,1
129,2007-02-20 17:50:42,121.457000,31.233300, 20,  0,1
129,2007-02-20 17:51:43,121.456800,31.234300,  0,157,1
129,2007-02-20 17:52:44,121.456800,31.234500, 24,157,1
129,2007-02-20 17:53:45,121.454500,31.239300, 58,157,1
129,2007-02-20 17:54:46,121.451300,31.244800, 46,157,1
129,2007-02-20 17:55:47,121.449300,31.247100,  0,157,1
129,2007-02-20 17:56:48,121.448800,31.248000, 24,157,1
129,2007-02-20 17:57:42,121.448000,31.249600,  0,157,0
129,2007-02-20 17:58:43,121.447100,31.250800,  0,135,0
129,2007-02-20 17:59:44,121.447500,31.249500,  0, 67,0
129,2007-02-20 18:00:45,121.447000,31.248000, 28, 90,0
129,2007-02-20 18:01:46,121.440600,31.246300, 24,135,0
129,2007-02-20 18:02:47,121.438100,31.245800, 44,135,0
129,2007-02-20 18:03:48,121.436800,31.245100,  0,112,0
129,2007-02-20 18:04:49,121.433600,31.242500, 18,112,0
129,2007-02-20 18:05:50,121.433100,31.242500, 14,112,0
129,2007-02-20 18:06:51,121.431100,31.240500,  0,112,0
129,2007-02-20 18:07:52,121.428300,31.239300, 34,135,0
129,2007-02-20 18:08:53,121.425300,31.235800, 14,112,0
129,2007-02-20 18:09:54,121.423100,31.232500, 12, 90,0
129,2007-02-20 18:11:02,121.420600,31.228100, 30,157,1
129,2007-02-20 18:12:03,121.417600,31.233800,  0,  0,1
129,2007-02-20 18:13:04,121.416000,31.236600, 30,  0,1
129,2007-02-20 18:14:05,121.412000,31.240100, 18,157,1
129,2007-02-20 18:15:06,121.408500,31.238000, 38,112,1
129,2007-02-20 18:16:07,121.406800,31.235800, 54,112,1
129,2007-02-20 18:16:52,121.404500,31.234100,  0,157,0
129,2007-02-20 18:17:52,121.404300,31.234500,  0,157,0
129,2007-02-20 18:18:03,121.404300,31.234500, 14,  0,1
129,2007-02-20 18:19:04,121.403100,31.236800, 36,  0,1
129,2007-02-20 18:20:05,121.401300,31.240100, 36, 22,1
129,2007-02-20 18:21:06,121.401100,31.240800, 26,157,1
129,2007-02-20 18:21:27,121.400100,31.241300,  0,157,0
129,2007-02-20 18:22:28,121.398800,31.242500,  0,157,0
129,2007-02-20 18:23:29,121.397500,31.241800,  0,112,0
129,2007-02-20 18:24:30,121.399000,31.240100, 30, 67,0
129,2007-02-20 18:25:31,121.403000,31.237100, 38, 67,0
129,2007-02-20 18:26:32,121.404000,31.235000,  0,112,0
129,2007-02-20 18:27:33,121.404000,31.235000,  0,112,0
129,2007-02-20 18:28:34,121.404000,31.235000,  0,112,0
129,2007-02-20 18:29:35,121.404100,31.234800,  0,112,0
129,2007-02-20 18:31:37,121.405600,31.233100,  0, 90,0
129,2007-02-20 18:32:38,121.405000,31.229600, 16,112,0
129,2007-02-20 18:33:39,121.405600,31.223000, 60, 90,0
129,2007-02-20 18:34:40,121.406600,31.216000, 50, 90,0
129,2007-02-20 18:35:41,121.408300,31.215800, 16,  0,0
129,2007-02-20 18:36:42,121.409600,31.214300, 20, 45,0
129,2007-02-20 18:37:42,121.413000,31.214600, 16, 22,0
129,2007-02-20 18:39:45,121.410600,31.221500, 16, 22,0
129,2007-02-20 18:40:46,121.412500,31.220300, 14,112,0
129,2007-02-20 18:41:47,121.412000,31.220000,  0,135,0
129,2007-02-20 18:42:47,121.406600,31.219000, 10,135,0
129,2007-02-20 18:43:49,121.407500,31.214600, 16, 67,0
129,2007-02-20 18:44:50,121.403600,31.214600,  0,135,0
129,2007-02-20 18:45:07,121.403500,31.214600, 20,112,1
129,2007-02-20 18:46:07,121.403000,31.212500,  0, 90,1
129,2007-02-20 18:47:09,121.402800,31.211800, 38, 90,1
129,2007-02-20 19:42:20,121.509100,31.240800, 56, 45,1
129,2007-02-20 19:43:21,121.510800,31.241300, 32, 45,1
129,2007-02-20 19:44:22,121.517000,31.242500, 52, 45,1
129,2007-02-20 19:45:23,121.525600,31.243000, 54, 45,1
129,2007-02-20 19:47:25,121.536500,31.246300, 44, 22,1
129,2007-02-20 19:48:11,121.538800,31.245800,  6,112,0
129,2007-02-20 19:49:11,121.538600,31.245500, 10, 22,0
129,2007-02-20 19:50:12,121.538300,31.246800,  0,157,0
129,2007-02-20 19:51:13,121.538300,31.247000, 12,157,0
129,2007-02-20 19:52:14,121.534600,31.245600, 44,135,0
129,2007-02-20 19:53:15,121.526600,31.243300, 44,135,0
129,2007-02-20 19:56:18,121.512100,31.241800, 44,135,0
129,2007-02-20 19:58:20,121.506600,31.240600,  0,135,0
129,2007-02-20 19:59:21,121.501500,31.238300, 42,135,0
129,2007-02-20 20:00:22,121.495100,31.240600,  0,135,0
129,2007-02-20 20:01:23,121.495100,31.240600,  0,135,0
129,2007-02-20 20:02:24,121.495100,31.240600,  0,135,0
129,2007-02-20 20:03:25,121.495100,31.240600,  0,135,0
129,2007-02-20 20:04:26,121.473800,31.231100,  0,135,0
129,2007-02-20 20:05:27,121.470100,31.228300, 40,112,0
129,2007-02-20 20:06:28,121.466600,31.229500, 26,135,0
129,2007-02-20 20:07:29,121.462800,31.229500, 20,135,0
129,2007-02-20 20:08:30,121.460800,31.232800, 36,135,0
129,2007-02-20 20:09:31,121.457300,31.232600, 20,135,0
129,2007-02-20 20:10:32,121.457100,31.232500,  0,135,0
129,2007-02-20 20:11:33,121.455800,31.232300,  0,135,0
129,2007-02-20 20:11:40,121.455500,31.232300, 32,112,1
129,2007-02-20 20:13:08,121.452000,31.230100,  0,112,1
129,2007-02-20 20:15:09,121.446000,31.230500, 42,112,1
129,2007-02-20 20:16:10,121.442100,31.229500, 20,  0,1
129,2007-02-20 20:17:11,121.440100,31.230300, 48,112,1
129,2007-02-20 20:18:12,121.437800,31.229300,  8,112,1
129,2007-02-20 20:19:13,121.434100,31.227300, 36,135,1
129,2007-02-20 20:20:14,121.432100,31.228500,  0,157,1
129,2007-02-20 20:21:15,121.428800,31.232100, 12,157,1
129,2007-02-20 20:22:35,121.425800,31.231000,  0,112,0
129,2007-02-20 20:22:49,121.426100,31.231000, 22, 45,1
129,2007-02-20 20:23:50,121.430800,31.229600, 52, 67,1
129,2007-02-20 20:26:53,121.440500,31.224800,  0, 67,1
129,2007-02-20 20:27:54,121.441000,31.222600, 34, 90,1
129,2007-02-20 20:28:55,121.441600,31.220300,  0, 90,1
129,2007-02-20 20:29:56,121.443500,31.217800, 20, 90,1
129,2007-02-20 20:30:47,121.444100,31.216000, 24, 90,0
129,2007-02-20 20:31:48,121.444600,31.215100,  0, 67,0
129,2007-02-20 20:32:49,121.444600,31.215100, 10, 67,0
129,2007-02-20 20:33:50,121.443800,31.213000, 40,112,0
129,2007-02-20 20:34:51,121.440100,31.212300, 24,135,0
129,2007-02-20 20:35:52,121.436600,31.212500,  4,135,0
129,2007-02-20 20:36:53,121.432000,31.213000,  0,135,0
129,2007-02-20 20:38:55,121.428500,31.215800,  0,157,0
129,2007-02-20 20:39:56,121.427300,31.215800, 32,112,0
129,2007-02-20 20:40:39,121.425000,31.215500, 38,135,1
129,2007-02-20 20:45:10,121.424300,31.225000, 22,157,1
129,2007-02-20 20:46:11,121.422500,31.226300, 24,157,1
129,2007-02-20 20:47:12,121.419000,31.231300, 34,157,1
129,2007-02-20 20:48:13,121.417000,31.235000, 36,157,1
129,2007-02-20 20:49:14,121.415800,31.237000, 38,  0,1
129,2007-02-20 20:50:15,121.411600,31.240500,  0,157,1
129,2007-02-20 20:51:16,121.411100,31.241000, 18,157,1
129,2007-02-20 20:55:29,121.403800,31.248600, 26,  0,1
129,2007-02-20 20:56:29,121.403800,31.252800, 50, 45,1
129,2007-02-20 20:57:30,121.412000,31.254800, 50, 45,1
129,2007-02-20 20:59:02,121.417100,31.256000, 20, 67,0
129,2007-02-20 21:00:02,121.417500,31.254800,  0, 67,0
129,2007-02-20 21:01:03,121.419100,31.252000, 18, 67,0
129,2007-02-20 21:02:04,121.420500,31.250000, 20, 67,0
129,2007-02-20 21:03:05,121.420100,31.246600, 36,112,0
129,2007-02-20 21:04:06,121.415500,31.244100, 20,112,0
129,2007-02-20 21:05:07,121.412300,31.242800, 34,112,0
129,2007-02-20 21:06:08,121.409300,31.239300,  0,112,0
129,2007-02-20 21:07:09,121.408300,31.239000, 22,112,0
129,2007-02-20 21:08:10,121.406600,31.238300,  0,112,0
129,2007-02-20 21:09:11,121.407800,31.232800, 26, 45,0
129,2007-02-20 21:10:12,121.407500,31.228800,  0, 90,0
129,2007-02-20 21:11:13,121.409100,31.223800, 48, 67,0
129,2007-02-20 21:12:01,121.410600,31.220800, 32, 67,1
129,2007-02-20 21:13:01,121.405800,31.218600, 28,112,1
129,2007-02-20 21:14:02,121.407800,31.213100, 44, 90,1
129,2007-02-20 21:15:03,121.407100,31.211000,  0, 90,1
129,2007-02-20 21:16:04,121.408000,31.212100, 14,112,1
129,2007-02-20 21:17:05,121.407000,31.208600,  0, 22,1
129,2007-02-20 21:18:06,121.407000,31.208500,  6, 45,1
129,2007-02-20 21:19:07,121.408600,31.201600, 54, 67,1
129,2007-02-20 21:20:08,121.413600,31.195000, 54, 67,1
129,2007-02-20 21:21:09,121.416100,31.191300,  0, 67,1
129,2007-02-20 21:22:10,121.415000,31.190500, 28,135,1
129,2007-02-20 21:23:11,121.409300,31.188800, 28,135,1
129,2007-02-20 21:24:12,121.403800,31.187100, 40,135,1
129,2007-02-20 21:25:13,121.396600,31.185500, 42,112,1
129,2007-02-20 21:26:14,121.391500,31.183100, 30,112,1
129,2007-02-20 21:27:15,121.387300,31.181300, 38,112,1
129,2007-02-20 21:28:16,121.384000,31.179300, 14, 90,1
129,2007-02-20 21:29:17,121.385000,31.176100,  0, 90,1
129,2007-02-20 21:30:18,121.386600,31.170600,  6, 90,1
129,2007-02-20 21:31:19,121.385800,31.166000, 58,135,1
129,2007-02-20 21:33:21,121.379000,31.162100, 26, 67,1
129,2007-02-20 21:33:55,121.380000,31.161100,  0,112,0
129,2007-02-20 21:34:55,121.380000,31.161100,  0,112,0
129,2007-02-20 21:35:56,121.379600,31.160800, 20,112,0
129,2007-02-20 21:36:57,121.377300,31.162100, 38,  0,0
129,2007-02-20 21:39:07,121.374300,31.169300, 44,157,0
129,2007-02-20 21:40:08,121.372800,31.173000, 34,157,0
129,2007-02-20 21:41:09,121.372800,31.176500, 34, 45,0
129,2007-02-20 21:42:10,121.379300,31.178100, 42, 45,0
129,2007-02-20 21:43:11,121.384600,31.179600, 32, 22,0
129,2007-02-20 21:44:12,121.387800,31.183000, 42,157,0
129,2007-02-20 21:45:13,121.383600,31.188500, 44,157,0
129,2007-02-20 21:46:14,121.380800,31.192300, 30,157,0
129,2007-02-20 21:47:15,121.379300,31.194500, 40,157,0
129,2007-02-20 21:48:16,121.379100,31.198500, 40, 22,0
129,2007-02-20 21:49:17,121.383000,31.199600, 16, 22,0
129,2007-02-20 21:49:22,121.383300,31.199600, 34, 45,1
129,2007-02-20 21:50:23,121.387500,31.201100,  0, 45,1
129,2007-02-20 21:51:24,121.391300,31.202600, 54, 45,1
129,2007-02-20 21:52:25,121.398600,31.203100,  0, 45,1
129,2007-02-20 21:53:26,121.398300,31.207100, 28,  0,1
129,2007-02-20 21:54:27,121.399300,31.211000, 12,  0,1
129,2007-02-20 21:55:28,121.399800,31.215000,  0,  0,1
129,2007-02-20 21:56:29,121.400300,31.218100, 46,  0,1
129,2007-02-20 21:57:30,121.403800,31.218800,  0, 45,1
129,2007-02-20 21:58:31,121.404600,31.218800, 36, 45,1
129,2007-02-20 21:59:32,121.406600,31.219500, 34, 22,1
129,2007-02-20 22:01:34,121.408600,31.224500,  0, 45,1
129,2007-02-20 22:02:35,121.414300,31.225800, 30,  0,1
129,2007-02-20 22:03:36,121.418600,31.229500, 40, 22,1
129,2007-02-20 22:04:37,121.420100,31.228600, 16, 67,1
129,2007-02-20 22:06:39,121.423300,31.225800, 30, 67,1
129,2007-02-20 22:08:41,121.428000,31.216100, 38, 90,1
129,2007-02-20 22:09:42,121.424100,31.213100,  8,157,1
129,2007-02-20 22:10:43,121.424500,31.213100,  0,157,1
129,2007-02-20 22:11:44,121.424600,31.210300,  8, 90,1
129,2007-02-20 22:12:45,121.424600,31.206500, 34, 67,1
129,2007-02-20 22:13:46,121.423300,31.205600,  0,157,1
129,2007-02-20 22:13:54,121.423300,31.205600,  0,157,0
129,2007-02-20 22:14:54,121.423300,31.205600,  0,157,0
129,2007-02-20 22:15:55,121.419800,31.207000, 32,157,0
129,2007-02-20 22:16:56,121.419100,31.210500, 32,  0,0
129,2007-02-20 22:17:57,121.414600,31.210600, 30,135,0
129,2007-02-20 22:19:59,121.413100,31.214800, 26,  0,0
129,2007-02-20 22:20:55,121.412300,31.216500, 32, 90,1
129,2007-02-20 22:21:55,121.412100,31.211300, 44, 90,1
129,2007-02-20 22:22:56,121.413500,31.206000, 42, 90,1
129,2007-02-20 22:23:57,121.414300,31.203500,  8, 45,1
129,2007-02-20 22:25:43,121.420600,31.201600,  0, 67,0
129,2007-02-20 22:26:44,121.420800,31.201500, 12, 90,0
129,2007-02-20 22:27:45,121.419100,31.199100, 46,112,0
129,2007-02-20 22:28:46,121.417800,31.197300,  0,112,0
129,2007-02-20 22:29:47,121.412500,31.198000, 24,135,0
129,2007-02-20 22:30:48,121.408600,31.201800, 40,157,0
129,2007-02-20 22:31:49,121.407600,31.205300, 40,  0,0
129,2007-02-20 22:32:50,121.407100,31.210000, 32,  0,0
129,2007-02-20 22:33:51,121.407300,31.210500,  0,  0,0
129,2007-02-20 22:34:52,121.407300,31.210500,  0,  0,0
129,2007-02-20 22:35:53,121.413000,31.214600, 24, 45,0
129,2007-02-20 22:36:54,121.412000,31.218300, 28,157,0
129,2007-02-20 22:39:57,121.412300,31.220100, 18,135,0
129,2007-02-20 22:40:58,121.410500,31.221600, 30,157,0
129,2007-02-20 22:41:59,121.410500,31.225300, 18, 22,0
129,2007-02-20 22:43:00,121.414600,31.226000, 28, 45,0
129,2007-02-20 22:44:01,121.418100,31.224500, 24, 67,0
129,2007-02-20 22:45:02,121.421000,31.222100, 30, 90,0
129,2007-02-20 22:46:02,121.417600,31.220600, 24,135,0
129,2007-02-20 22:47:03,121.418000,31.216800, 16, 90,0
129,2007-02-20 22:48:04,121.414600,31.217500,  0,135,0
129,2007-02-20 22:50:06,121.414600,31.217500,  0,135,0
129,2007-02-20 22:51:07,121.414600,31.217500,  0,135,0
129,2007-02-20 22:53:09,121.412600,31.217000, 16,135,0
129,2007-02-20 22:54:10,121.411100,31.220100,  4,157,0
129,2007-02-20 22:55:11,121.412800,31.221600, 26, 45,0
129,2007-02-20 22:56:12,121.412300,31.220000,  0,135,0
129,2007-02-20 22:57:13,121.412300,31.220000,  0,135,0
129,2007-02-20 22:58:14,121.412300,31.220000,  0,135,0
129,2007-02-20 22:59:15,121.411500,31.220000, 16,157,0
129,2007-02-20 23:00:16,121.410300,31.221800, 32,  0,0
129,2007-02-20 23:01:00,121.409000,31.224500, 14,157,0
129,2007-02-20 23:02:00,121.405800,31.223100, 36, 90,0
129,2007-02-20 23:03:01,121.405600,31.219000,  8,112,0
129,2007-02-20 23:04:02,121.405100,31.218500,  0,112,0
129,2007-02-20 23:05:03,121.405100,31.218500,  0,112,0
129,2007-02-20 23:06:04,121.409100,31.216100, 24, 45,0
129,2007-02-20 23:07:05,121.411500,31.214500, 36, 45,0
129,2007-02-20 23:08:06,121.412000,31.210800, 30, 90,0
129,2007-02-20 23:09:01,121.412300,31.209800, 14, 67,1
129,2007-02-20 23:10:01,121.422500,31.212000, 74, 45,1
129,2007-02-20 23:12:03,121.441800,31.222800, 74, 45,1
129,2007-02-20 23:13:04,121.452300,31.225500, 52, 45,1
129,2007-02-20 23:14:05,121.455500,31.223100,  6, 90,1
129,2007-02-20 23:15:06,121.455600,31.222100, 32, 90,1
129,2007-02-20 23:16:07,121.457300,31.218300, 34, 22,1
129,2007-02-20 23:17:08,121.459800,31.219500, 14, 45,1
129,2007-02-20 23:17:17,121.460000,31.219500,  0, 45,0
129,2007-02-20 23:18:18,121.460000,31.219600,  0, 45,0
129,2007-02-20 23:19:19,121.462300,31.218500, 24, 90,0
129,2007-02-20 23:20:20,121.462800,31.217100,  8,112,0
129,2007-02-20 23:21:21,121.460800,31.216600,  0,135,0
129,2007-02-20 23:22:22,121.455600,31.215100, 40,135,0
129,2007-02-20 23:23:23,121.451100,31.214000, 38,135,0
129,2007-02-20 23:24:24,121.445000,31.212300, 28,135,0
129,2007-02-20 23:25:25,121.443100,31.212100, 22,135,0
129,2007-02-20 23:26:26,121.439600,31.212300,  0,135,0
129,2007-02-20 23:27:27,121.436500,31.212500,  0,135,0
129,2007-02-20 23:28:28,121.432800,31.213100,  0,157,0
129,2007-02-20 23:29:29,121.432300,31.213100, 30,112,0
129,2007-02-20 23:30:30,121.429000,31.214500, 14,157,0
129,2007-02-20 23:32:32,121.421800,31.215100, 38,135,0
129,2007-02-20 23:34:34,121.413600,31.214600,  8,135,0
129,2007-02-20 23:35:35,121.412800,31.215800,  0,  0,0
129,2007-02-20 23:36:36,121.412300,31.217500, 38,  0,0
129,2007-02-20 23:37:36,121.410600,31.221500, 22,157,0
129,2007-02-20 23:38:38,121.407500,31.227600, 26,  0,0
129,2007-02-20 23:39:39,121.407500,31.230800, 24,  0,0
129,2007-02-20 23:41:41,121.408300,31.232500, 20,  0,0
129,2007-02-20 23:42:41,121.404800,31.233300,  6,  0,0
129,2007-02-20 23:43:43,121.405000,31.233300,  0, 22,0
129,2007-02-20 23:44:44,121.405000,31.233300,  0, 22,0
129,2007-02-20 23:45:45,121.405000,31.233300,  0, 22,0
129,2007-02-20 23:46:46,121.405000,31.233300,  0, 22,0
129,2007-02-20 23:47:46,121.405000,31.233300,  0, 22,0
129,2007-02-20 23:48:48,121.405000,31.233300,  0, 22,0
129,2007-02-20 23:49:49,121.405000,31.233300,  0, 22,0
129,2007-02-20 23:50:50,121.405000,31.233300,  0, 22,0
129,2007-02-20 23:51:51,121.405000,31.233300,  0, 22,0
129,2007-02-20 23:52:51,121.405000,31.233300,  0, 22,0
129,2007-02-20 23:53:53,121.405000,31.233300,  0, 22,0
129,2007-02-20 23:55:55,121.405100,31.233000,  0, 22,0
129,2007-02-20 23:56:56,121.405000,31.233300,  0, 45,0
129,2007-02-20 23:57:57,121.405000,31.233300,  0, 45,0
129,2007-02-20 23:58:58,121.405100,31.233500,  0, 45,0
129,2007-02-20 23:59:59,121.405100,31.233500,  0,135,0
