113,2007-02-20 00:00:26,121.465300,30.918600,  0, 22,0
113,2007-02-20 00:01:27,121.465300,30.918600,  0, 22,0
113,2007-02-20 00:02:28,121.465300,30.918600,  0, 22,0
113,2007-02-20 00:03:29,121.465300,30.918600,  0, 22,0
113,2007-02-20 00:04:30,121.465300,30.918600,  0, 22,0
113,2007-02-20 00:05:31,121.465300,30.918600,  0, 22,0
113,2007-02-20 00:06:32,121.465300,30.918600,  0, 22,0
113,2007-02-20 00:07:33,121.465300,30.918600,  0, 22,0
113,2007-02-20 00:08:34,121.465300,30.918600,  0, 22,0
113,2007-02-20 00:09:35,121.465300,30.918600,  0, 22,0
113,2007-02-20 00:10:36,121.465300,30.918600,  0, 22,0
113,2007-02-20 00:11:37,121.465300,30.918600,  0, 22,0
113,2007-02-20 00:12:38,121.465300,30.918600,  0, 22,0
113,2007-02-20 00:13:39,121.465300,30.918600,  0, 22,0
113,2007-02-20 00:14:40,121.465300,30.918600,  0, 22,0
113,2007-02-20 00:15:41,121.465300,30.918600,  0, 22,0
113,2007-02-20 00:16:42,121.465300,30.918600,  0, 22,0
113,2007-02-20 00:17:43,121.465300,30.918600,  0, 22,0
113,2007-02-20 00:19:45,121.465300,30.918600,  0, 22,0
113,2007-02-20 00:20:46,121.465300,30.918600,  0, 22,0
113,2007-02-20 00:21:47,121.465300,30.918600,  0, 22,0
113,2007-02-20 00:22:48,121.465300,30.918600,  0, 22,0
113,2007-02-20 00:23:49,121.465300,30.918600,  0, 22,0
113,2007-02-20 00:24:50,121.465300,30.918600,  0, 22,0
113,2007-02-20 00:25:51,121.465300,30.918600,  0, 22,0
113,2007-02-20 00:26:52,121.465300,30.918600,  0, 22,0
113,2007-02-20 00:27:53,121.465300,30.918600,  0, 22,0
113,2007-02-20 00:28:54,121.465300,30.918600,  0, 22,0
113,2007-02-20 00:29:55,121.465300,30.918600,  0, 22,0
113,2007-02-20 00:30:56,121.465300,30.918600,  0, 22,0
113,2007-02-20 00:31:57,121.465300,30.918600,  0, 22,0
113,2007-02-20 00:32:58,121.465300,30.918600,  0, 22,0
113,2007-02-20 00:33:59,121.465100,30.918600,  0, 22,0
113,2007-02-20 00:35:00,121.465100,30.918600,  0, 22,0
113,2007-02-20 00:36:01,121.465100,30.918600,  0, 22,0
113,2007-02-20 00:37:02,121.465100,30.918600,  0, 22,0
113,2007-02-20 00:38:03,121.465100,30.918600,  0, 22,0
113,2007-02-20 00:40:05,121.465500,30.918500,  0, 22,0
113,2007-02-20 00:41:06,121.465500,30.918500,  0,135,0
113,2007-02-20 00:42:07,121.465500,30.918500,  0,135,0
113,2007-02-20 00:44:09,121.465100,30.918600,  0,135,0
113,2007-02-20 00:45:10,121.465300,30.918500,  0,135,0
113,2007-02-20 00:46:11,121.465300,30.918500,  0,135,0
113,2007-02-20 00:47:12,121.465300,30.918500,  0,135,0
113,2007-02-20 00:48:13,121.465300,30.918500,  0,135,0
113,2007-02-20 00:49:14,121.465300,30.918500,  0,135,0
113,2007-02-20 00:50:15,121.465300,30.918500,  0,135,0
113,2007-02-20 00:51:16,121.465500,30.918600,  0,135,0
113,2007-02-20 00:52:17,121.465500,30.918800,  0,135,0
113,2007-02-20 00:53:18,121.465300,30.918500,  0,135,0
113,2007-02-20 00:54:19,121.465300,30.918500,  0,135,0
113,2007-02-20 00:55:20,121.465300,30.918500,  0,135,0
113,2007-02-20 00:56:21,121.465300,30.918500,  0,135,0
113,2007-02-20 00:57:22,121.465300,30.918500,  0,135,0
113,2007-02-20 00:58:23,121.465300,30.918500,  0,135,0
113,2007-02-20 00:59:24,121.465300,30.918500,  0,135,0
113,2007-02-20 01:01:26,121.465300,30.918500,  0,135,0
113,2007-02-20 01:02:27,121.465300,30.918500,  0,135,0
113,2007-02-20 01:03:28,121.465300,30.918500,  0,135,0
113,2007-02-20 01:04:29,121.465300,30.918500,  0,135,0
113,2007-02-20 01:05:30,121.465300,30.918500,  0,135,0
113,2007-02-20 01:06:31,121.465300,30.918500,  0,135,0
113,2007-02-20 01:07:32,121.465300,30.918500,  0,135,0
113,2007-02-20 01:08:33,121.465300,30.918500,  0,135,0
113,2007-02-20 01:09:34,121.465300,30.918500,  0,135,0
113,2007-02-20 01:10:35,121.465300,30.918500,  0,135,0
113,2007-02-20 01:11:36,121.465300,30.918500,  0,135,0
113,2007-02-20 01:12:37,121.465300,30.918500,  0,135,0
113,2007-02-20 01:13:38,121.465300,30.918500,  0,135,0
113,2007-02-20 01:14:39,121.465300,30.918500,  0,135,0
113,2007-02-20 01:15:40,121.465300,30.918500,  0,135,0
113,2007-02-20 01:16:41,121.465300,30.918500,  0,135,0
113,2007-02-20 01:17:42,121.465300,30.918500,  0,135,0
113,2007-02-20 01:18:43,121.465300,30.918500,  0,135,0
113,2007-02-20 01:19:44,121.465300,30.918500,  0,135,0
113,2007-02-20 01:20:45,121.465300,30.918500,  0,135,0
113,2007-02-20 01:21:46,121.465300,30.918500,  0,135,0
113,2007-02-20 01:22:47,121.465300,30.918500,  0,135,0
113,2007-02-20 01:23:48,121.465300,30.918500,  0,135,0
113,2007-02-20 01:24:49,121.465300,30.918500,  0,135,0
113,2007-02-20 01:25:50,121.465300,30.918500,  0,135,0
113,2007-02-20 01:26:51,121.465300,30.918500,  0,135,0
113,2007-02-20 01:27:52,121.465300,30.918500,  0,135,0
113,2007-02-20 01:28:53,121.465300,30.918500,  0,135,0
113,2007-02-20 01:29:54,121.465300,30.918500,  0,135,0
113,2007-02-20 01:30:55,121.465300,30.918500,  0,135,0
113,2007-02-20 01:31:56,121.465300,30.918500,  0,135,0
113,2007-02-20 01:32:57,121.465300,30.918500,  0,135,0
113,2007-02-20 01:33:58,121.465300,30.918500,  0,135,0
113,2007-02-20 01:34:59,121.465300,30.918500,  0,135,0
113,2007-02-20 01:36:00,121.465300,30.918500,  0,135,0
113,2007-02-20 01:37:01,121.465300,30.918500,  0,135,0
113,2007-02-20 01:38:02,121.465300,30.918500,  0,135,0
113,2007-02-20 01:39:03,121.465300,30.918500,  0,135,0
113,2007-02-20 01:40:04,121.465300,30.918500,  0,135,0
113,2007-02-20 01:41:05,121.465300,30.918500,  0,135,0
113,2007-02-20 01:43:07,121.465300,30.918500,  0,135,0
113,2007-02-20 01:44:08,121.465300,30.918500,  0,135,0
113,2007-02-20 01:45:09,121.465300,30.918500,  0,135,0
113,2007-02-20 01:46:10,121.465300,30.918500,  0,135,0
113,2007-02-20 01:48:12,121.465300,30.918500,  0,135,0
113,2007-02-20 01:49:13,121.465300,30.918500,  0,135,0
113,2007-02-20 01:50:14,121.465300,30.918500,  0,135,0
113,2007-02-20 01:51:15,121.465300,30.918500,  0,135,0
113,2007-02-20 01:53:17,121.465300,30.918500,  0,135,0
113,2007-02-20 01:54:18,121.465300,30.918500,  0,135,0
113,2007-02-20 01:55:19,121.465300,30.918500,  0,135,0
113,2007-02-20 01:56:20,121.465300,30.918500,  0,135,0
113,2007-02-20 01:57:21,121.465300,30.918500,  0,135,0
113,2007-02-20 01:58:22,121.465300,30.918500,  0,135,0
113,2007-02-20 01:59:23,121.465300,30.918500,  0,135,0
113,2007-02-20 02:00:24,121.465300,30.918500,  0,135,0
113,2007-02-20 02:01:25,121.465300,30.918500,  0,135,0
113,2007-02-20 02:02:26,121.465300,30.918500,  0,135,0
113,2007-02-20 02:03:27,121.465300,30.918500,  0,135,0
113,2007-02-20 02:04:28,121.465300,30.918500,  0,135,0
113,2007-02-20 02:05:29,121.465300,30.918500,  0,135,0
113,2007-02-20 02:06:30,121.465300,30.918500,  0,135,0
113,2007-02-20 02:08:32,121.465300,30.918500,  0,135,0
113,2007-02-20 02:09:33,121.465300,30.918500,  0,135,0
113,2007-02-20 02:10:34,121.465300,30.918500,  0,135,0
113,2007-02-20 02:11:35,121.465300,30.918500,  0,135,0
113,2007-02-20 02:12:36,121.465300,30.918500,  0,135,0
113,2007-02-20 02:13:37,121.465300,30.918500,  0,135,0
113,2007-02-20 02:14:38,121.465300,30.918500,  0,135,0
113,2007-02-20 02:15:39,121.465300,30.918500,  0,135,0
113,2007-02-20 02:16:40,121.465300,30.918500,  0,135,0
113,2007-02-20 02:17:41,121.465300,30.918500,  0,135,0
113,2007-02-20 02:18:42,121.465300,30.918500,  0,135,0
113,2007-02-20 02:19:43,121.465300,30.918500,  0,135,0
113,2007-02-20 02:20:44,121.465300,30.918500,  0,135,0
113,2007-02-20 02:21:45,121.465300,30.918500,  0,135,0
113,2007-02-20 02:22:46,121.465300,30.918500,  0,135,0
113,2007-02-20 02:23:47,121.465300,30.918500,  0,135,0
113,2007-02-20 02:24:47,121.465300,30.918500,  0,135,0
113,2007-02-20 02:25:49,121.465300,30.918500,  0,135,0
113,2007-02-20 02:26:50,121.465300,30.918500,  0,135,0
113,2007-02-20 02:27:51,121.465300,30.918500,  0,135,0
113,2007-02-20 02:29:52,121.465300,30.918500,  0,135,0
113,2007-02-20 02:30:54,121.465300,30.918500,  0,135,0
113,2007-02-20 02:31:54,121.465300,30.918500,  0,135,0
113,2007-02-20 02:32:55,121.465300,30.918500,  0,135,0
113,2007-02-20 02:33:56,121.465300,30.918500,  0,135,0
113,2007-02-20 02:34:57,121.465300,30.918500,  0,135,0
113,2007-02-20 02:35:58,121.465300,30.918500,  0,135,0
113,2007-02-20 02:36:59,121.465300,30.918500,  0,135,0
113,2007-02-20 02:38:00,121.465300,30.918500,  0,135,0
113,2007-02-20 02:39:01,121.465300,30.918500,  0,135,0
113,2007-02-20 02:40:02,121.465300,30.918500,  0,135,0
113,2007-02-20 02:41:03,121.465300,30.918500,  0,135,0
113,2007-02-20 02:42:04,121.465300,30.918500,  0,135,0
113,2007-02-20 02:43:05,121.465300,30.918500,  0,135,0
113,2007-02-20 02:44:06,121.465300,30.918500,  0,135,0
113,2007-02-20 02:45:07,121.465300,30.918500,  0,135,0
113,2007-02-20 02:46:08,121.465300,30.918500,  0,135,0
113,2007-02-20 02:47:09,121.465300,30.918500,  0,135,0
113,2007-02-20 02:48:10,121.465500,30.918500,  0,135,0
113,2007-02-20 02:49:11,121.465600,30.918500,  0,135,0
113,2007-02-20 02:50:12,121.465600,30.918500,  0,135,0
113,2007-02-20 02:51:13,121.465600,30.918500,  0,135,0
113,2007-02-20 02:52:14,121.465600,30.918300,  0,135,0
113,2007-02-20 02:54:16,121.465600,30.918300,  0,135,0
113,2007-02-20 02:55:17,121.465600,30.918300,  0,135,0
113,2007-02-20 02:56:19,121.465500,30.918300,  0,135,0
113,2007-02-20 02:57:20,121.465500,30.918300,  0,135,0
113,2007-02-20 02:58:21,121.465500,30.918300,  0,135,0
113,2007-02-20 02:59:22,121.465500,30.918300,  0,135,0
113,2007-02-20 03:00:22,121.465300,30.918300,  0,135,0
113,2007-02-20 03:01:24,121.465300,30.918300,  0,135,0
113,2007-02-20 03:02:25,121.465300,30.918300,  0,135,0
113,2007-02-20 03:03:26,121.465300,30.918300,  0,135,0
113,2007-02-20 03:04:27,121.465300,30.918500,  0,135,0
113,2007-02-20 03:05:27,121.465300,30.918500,  0,135,0
113,2007-02-20 03:06:29,121.465500,30.918500,  0,135,0
113,2007-02-20 03:07:30,121.465500,30.918500,  0,135,0
113,2007-02-20 03:08:31,121.465500,30.918500,  0,135,0
113,2007-02-20 03:09:32,121.465500,30.918500,  0,135,0
113,2007-02-20 03:10:32,121.465500,30.918500,  0,135,0
113,2007-02-20 03:11:34,121.465500,30.918500,  0,135,0
113,2007-02-20 03:12:35,121.465500,30.918500,  0,135,0
113,2007-02-20 03:13:36,121.465500,30.918500,  0,135,0
113,2007-02-20 03:14:37,121.465500,30.918500,  0,135,0
113,2007-02-20 03:15:37,121.465500,30.918500,  0,135,0
113,2007-02-20 03:16:38,121.465500,30.918500,  0,135,0
113,2007-02-20 03:17:39,121.465500,30.918500,  0,135,0
113,2007-02-20 03:18:40,121.465500,30.918500,  0,135,0
113,2007-02-20 03:19:41,121.465500,30.918500,  0,135,0
113,2007-02-20 03:21:43,121.465500,30.918500,  0,135,0
113,2007-02-20 03:22:44,121.465500,30.918500,  0,135,0
113,2007-02-20 03:23:45,121.465500,30.918500,  0,135,0
113,2007-02-20 03:24:46,121.465500,30.918500,  0,135,0
113,2007-02-20 03:25:46,121.465500,30.918500,  0,135,0
113,2007-02-20 03:26:48,121.465500,30.918500,  0,135,0
113,2007-02-20 03:27:49,121.465500,30.918500,  0,135,0
113,2007-02-20 03:28:50,121.465500,30.918500,  0,135,0
113,2007-02-20 03:29:51,121.465500,30.918500,  0,135,0
113,2007-02-20 03:30:51,121.465500,30.918500,  0,135,0
113,2007-02-20 03:31:53,121.465500,30.918500,  0,135,0
113,2007-02-20 03:32:54,121.465500,30.918500,  0,135,0
113,2007-02-20 03:33:55,121.465500,30.918500,  0,135,0
113,2007-02-20 03:34:56,121.465300,30.918600,  0,135,0
113,2007-02-20 03:35:56,121.465300,30.918600,  0,135,0
113,2007-02-20 03:36:58,121.465300,30.918600,  0,135,0
113,2007-02-20 03:37:59,121.465300,30.918600,  0,135,0
113,2007-02-20 03:39:00,121.465300,30.918600,  0,135,0
113,2007-02-20 03:40:01,121.465300,30.918600,  0,135,0
113,2007-02-20 03:41:01,121.465300,30.918600,  0,135,0
113,2007-02-20 03:42:03,121.465300,30.918600,  0,135,0
113,2007-02-20 03:43:04,121.465300,30.918600,  0,135,0
113,2007-02-20 03:45:06,121.465300,30.918600,  0,135,0
113,2007-02-20 03:46:06,121.465300,30.918600,  0,135,0
113,2007-02-20 03:47:08,121.465300,30.918600,  0,135,0
113,2007-02-20 03:48:09,121.465300,30.918600,  0,135,0
113,2007-02-20 03:49:10,121.465300,30.918600,  0,135,0
113,2007-02-20 03:50:11,121.465300,30.918600,  0,135,0
113,2007-02-20 03:51:11,121.465300,30.918600,  0,135,0
113,2007-02-20 03:52:13,121.465300,30.918600,  0,135,0
113,2007-02-20 03:53:14,121.465300,30.918600,  0,135,0
113,2007-02-20 03:54:15,121.465300,30.918600,  0,135,0
113,2007-02-20 03:55:16,121.465300,30.918600,  0,135,0
113,2007-02-20 03:56:16,121.465300,30.918600,  0,135,0
113,2007-02-20 03:57:18,121.465300,30.918600,  0,135,0
113,2007-02-20 03:58:19,121.465300,30.918600,  0,135,0
113,2007-02-20 03:59:20,121.465300,30.918600,  0,135,0
113,2007-02-20 04:01:21,121.465300,30.918600,  0,135,0
113,2007-02-20 04:02:23,121.465300,30.918600,  0,135,0
113,2007-02-20 04:03:24,121.465300,30.918600,  0,135,0
113,2007-02-20 04:04:25,121.465300,30.918600,  0,135,0
113,2007-02-20 04:05:26,121.465300,30.918600,  0,135,0
113,2007-02-20 04:06:26,121.465300,30.918600,  0,135,0
113,2007-02-20 04:07:28,121.465300,30.918600,  0,135,0
113,2007-02-20 04:08:29,121.465300,30.918600,  0,135,0
113,2007-02-20 04:09:30,121.465300,30.918600,  0,135,0
113,2007-02-20 04:10:31,121.465300,30.918600,  0,135,0
113,2007-02-20 04:11:31,121.465300,30.918600,  0,135,0
113,2007-02-20 04:12:33,121.465300,30.918600,  0,135,0
113,2007-02-20 04:13:34,121.465300,30.918600,  0,135,0
113,2007-02-20 04:15:36,121.465300,30.918600,  0,135,0
113,2007-02-20 04:17:38,121.465300,30.918600,  0,135,0
113,2007-02-20 04:18:39,121.465300,30.918600,  0,135,0
113,2007-02-20 04:19:40,121.465300,30.918600,  0,135,0
113,2007-02-20 04:20:41,121.465300,30.918600,  0,135,0
113,2007-02-20 04:21:41,121.465300,30.918600,  0,135,0
113,2007-02-20 04:22:43,121.465300,30.918600,  0,135,0
113,2007-02-20 04:23:44,121.465300,30.918600,  0,135,0
113,2007-02-20 04:24:45,121.465300,30.918600,  0,135,0
113,2007-02-20 04:25:46,121.465300,30.918600,  0,135,0
113,2007-02-20 04:26:46,121.465300,30.918600,  0,135,0
113,2007-02-20 04:27:48,121.465300,30.918600,  0,135,0
113,2007-02-20 04:28:49,121.465300,30.918600,  0,135,0
113,2007-02-20 04:29:50,121.465300,30.918600,  0,135,0
113,2007-02-20 04:30:51,121.465300,30.918600,  0,135,0
113,2007-02-20 04:31:51,121.465300,30.918600,  0,135,0
113,2007-02-20 04:32:53,121.465300,30.918600,  0,135,0
113,2007-02-20 04:33:54,121.465300,30.918600,  0,135,0
113,2007-02-20 04:34:55,121.465300,30.918600,  0,135,0
113,2007-02-20 04:35:56,121.465300,30.918600,  0,135,0
113,2007-02-20 04:36:56,121.465300,30.918500,  0,135,0
113,2007-02-20 04:37:58,121.465300,30.918500,  0,135,0
113,2007-02-20 04:38:59,121.465300,30.918500,  0,135,0
113,2007-02-20 04:40:00,121.465300,30.918500,  0,135,0
113,2007-02-20 04:41:01,121.465300,30.918500,  0,135,0
113,2007-02-20 04:42:01,121.465300,30.918500,  0,135,0
113,2007-02-20 04:43:03,121.465300,30.918500,  0,135,0
113,2007-02-20 04:44:04,121.465300,30.918500,  0,135,0
113,2007-02-20 04:45:05,121.465300,30.918500,  0,135,0
113,2007-02-20 04:46:06,121.465300,30.918500,  0,135,0
113,2007-02-20 04:47:06,121.465300,30.918500,  0,135,0
113,2007-02-20 04:48:08,121.465300,30.918500,  0,135,0
113,2007-02-20 04:49:09,121.465300,30.918500,  0,135,0
113,2007-02-20 04:50:10,121.465300,30.918500,  0,135,0
113,2007-02-20 04:51:11,121.465300,30.918500,  0,135,0
113,2007-02-20 04:52:11,121.465300,30.918500,  0,135,0
113,2007-02-20 04:53:13,121.465300,30.918500,  0,135,0
113,2007-02-20 04:54:14,121.465300,30.918500,  0,135,0
113,2007-02-20 04:55:15,121.465300,30.918500,  0,135,0
113,2007-02-20 04:56:16,121.465300,30.918500,  0,135,0
113,2007-02-20 04:57:16,121.465300,30.918500,  0,135,0
113,2007-02-20 04:58:18,121.465300,30.918500,  0,135,0
113,2007-02-20 04:59:19,121.465300,30.918500,  0,135,0
113,2007-02-20 05:00:20,121.465300,30.918500,  0,135,0
113,2007-02-20 05:01:21,121.465300,30.918500,  0,135,0
113,2007-02-20 05:02:21,121.465300,30.918500,  0,135,0
113,2007-02-20 05:03:23,121.465300,30.918500,  0,135,0
113,2007-02-20 05:04:24,121.465300,30.918500,  0,135,0
113,2007-02-20 05:05:25,121.465300,30.918500,  0,135,0
113,2007-02-20 05:06:26,121.465300,30.918500,  0,135,0
113,2007-02-20 05:07:26,121.465300,30.918500,  0,135,0
113,2007-02-20 05:08:28,121.465300,30.918500,  0,135,0
113,2007-02-20 05:09:29,121.465300,30.918500,  0,135,0
113,2007-02-20 05:10:30,121.465300,30.918500,  0,135,0
113,2007-02-20 05:11:31,121.465300,30.918500,  0,135,0
113,2007-02-20 05:12:31,121.465300,30.918500,  0,135,0
113,2007-02-20 05:13:32,121.465300,30.918500,  0,135,0
113,2007-02-20 05:14:34,121.465300,30.918500,  0,135,0
113,2007-02-20 05:15:34,121.465300,30.918500,  0,135,0
113,2007-02-20 05:16:35,121.465300,30.918500,  0,135,0
113,2007-02-20 05:17:36,121.465300,30.918500,  0,135,0
113,2007-02-20 05:19:38,121.465300,30.918500,  0,135,0
113,2007-02-20 05:20:39,121.465300,30.918500,  0,135,0
113,2007-02-20 05:21:40,121.465300,30.918500,  0,135,0
113,2007-02-20 05:22:41,121.465300,30.918500,  0,135,0
113,2007-02-20 05:23:42,121.465300,30.918500,  0,135,0
113,2007-02-20 05:24:43,121.465300,30.918500,  0,135,0
113,2007-02-20 05:25:44,121.465300,30.918500,  0,135,0
113,2007-02-20 05:26:45,121.465300,30.918500,  0,135,0
113,2007-02-20 05:27:46,121.465100,30.918500,  0,135,0
113,2007-02-20 05:28:47,121.465100,30.918500,  0,135,0
113,2007-02-20 05:29:48,121.465300,30.918300,  0,135,0
113,2007-02-20 05:30:49,121.465300,30.918300,  0,135,0
113,2007-02-20 05:31:50,121.465100,30.918600,  0,135,0
113,2007-02-20 05:32:51,121.465100,30.918600,  0,135,0
113,2007-02-20 05:33:52,121.465100,30.918600,  0,135,0
113,2007-02-20 05:34:53,121.465100,30.918600,  0,135,0
113,2007-02-20 05:35:54,121.465300,30.918500,  0,135,0
113,2007-02-20 05:38:57,121.465300,30.918500,  0,135,0
113,2007-02-20 05:39:58,121.465300,30.918500,  0,135,0
113,2007-02-20 05:40:59,121.465300,30.918500,  0,135,0
113,2007-02-20 05:42:00,121.465300,30.918500,  0,135,0
113,2007-02-20 05:43:01,121.465300,30.918500,  0,135,0
113,2007-02-20 05:45:03,121.465300,30.918500,  0,135,0
113,2007-02-20 05:46:04,121.465300,30.918500,  0,135,0
113,2007-02-20 05:47:05,121.465300,30.918500,  0,135,0
113,2007-02-20 05:48:06,121.465300,30.918500,  0,135,0
113,2007-02-20 05:49:07,121.465300,30.918500,  0,135,0
113,2007-02-20 05:51:09,121.465300,30.918500,  0,135,0
113,2007-02-20 05:52:10,121.465300,30.918500,  0,135,0
113,2007-02-20 05:53:11,121.465300,30.918500,  0,135,0
113,2007-02-20 05:54:12,121.465300,30.918500,  0,135,0
113,2007-02-20 05:55:13,121.465300,30.918500,  0,135,0
113,2007-02-20 05:56:14,121.465300,30.918500,  0,135,0
113,2007-02-20 05:57:15,121.465300,30.918500,  0,135,0
113,2007-02-20 05:58:16,121.465300,30.918500,  0,135,0
113,2007-02-20 05:59:17,121.465300,30.918500,  0,135,0
113,2007-02-20 06:00:18,121.465300,30.918500,  0,135,0
113,2007-02-20 06:01:19,121.465300,30.918500,  0,135,0
113,2007-02-20 06:02:20,121.465300,30.918500,  0,135,0
113,2007-02-20 06:03:21,121.465300,30.918500,  0,135,0
113,2007-02-20 06:04:22,121.465300,30.918500,  0,135,0
113,2007-02-20 06:05:23,121.465300,30.918500,  0,135,0
113,2007-02-20 06:06:24,121.465300,30.918500,  0,135,0
113,2007-02-20 06:07:25,121.465300,30.918500,  0,135,0
113,2007-02-20 06:08:26,121.465300,30.918500,  0,135,0
113,2007-02-20 06:09:27,121.465300,30.918500,  0,135,0
113,2007-02-20 06:10:28,121.465300,30.918500,  0,135,0
113,2007-02-20 06:11:29,121.465300,30.918500,  0,135,0
113,2007-02-20 06:12:30,121.465300,30.918500,  0,135,0
113,2007-02-20 06:13:31,121.465300,30.918500,  0,135,0
113,2007-02-20 06:15:33,121.465300,30.918500,  0,135,0
113,2007-02-20 06:16:34,121.465300,30.918500,  0,135,0
113,2007-02-20 06:17:35,121.465300,30.918500,  0,135,0
113,2007-02-20 06:18:36,121.465300,30.918500,  0,135,0
113,2007-02-20 06:19:37,121.465300,30.918500,  0,135,0
113,2007-02-20 06:20:38,121.465300,30.918500,  0,135,0
113,2007-02-20 06:21:39,121.465300,30.918500,  0,135,0
113,2007-02-20 06:22:40,121.465300,30.918500,  0,135,0
113,2007-02-20 06:23:41,121.465300,30.918600,  0,135,0
113,2007-02-20 06:25:43,121.465300,30.918600,  0,135,0
113,2007-02-20 06:26:44,121.465300,30.918600,  0,135,0
113,2007-02-20 06:27:45,121.465300,30.918600,  0,135,0
113,2007-02-20 06:28:46,121.465300,30.918600,  0,135,0
113,2007-02-20 06:29:47,121.465300,30.918600,  0,135,0
113,2007-02-20 06:30:48,121.465300,30.918600,  0,135,0
113,2007-02-20 06:31:49,121.465300,30.918600,  0,135,0
113,2007-02-20 06:32:50,121.465300,30.918600,  0,135,0
113,2007-02-20 06:33:51,121.465300,30.918600,  0,135,0
113,2007-02-20 06:34:52,121.465300,30.918600,  0,135,0
113,2007-02-20 06:35:53,121.465300,30.918600,  0,135,0
113,2007-02-20 06:36:54,121.465500,30.918500,  0,135,0
113,2007-02-20 06:38:56,121.465500,30.918500,  0,135,0
113,2007-02-20 06:39:57,121.465500,30.918500,  0,135,0
113,2007-02-20 06:40:58,121.465500,30.918500,  0,135,0
113,2007-02-20 06:41:59,121.465500,30.918500,  0,135,0
113,2007-02-20 06:43:00,121.465500,30.918500,  0,135,0
113,2007-02-20 06:44:01,121.465500,30.918500,  0,135,0
113,2007-02-20 06:45:02,121.465500,30.918500,  0,135,0
113,2007-02-20 06:46:03,121.465500,30.918500,  0,135,0
113,2007-02-20 06:47:04,121.465500,30.918500,  0,135,0
113,2007-02-20 06:48:05,121.465500,30.918500,  0,135,0
113,2007-02-20 06:49:06,121.465500,30.918500,  0,135,0
113,2007-02-20 06:50:07,121.465500,30.918500,  0,135,0
113,2007-02-20 06:51:08,121.465500,30.918500,  0,135,0
113,2007-02-20 06:52:09,121.465500,30.918500,  0,135,0
113,2007-02-20 06:53:10,121.465500,30.918500,  0,135,0
113,2007-02-20 06:55:12,121.465500,30.918500,  0,135,0
113,2007-02-20 06:56:13,121.465500,30.918500,  0,135,0
113,2007-02-20 06:57:14,121.465500,30.918500,  0,135,0
113,2007-02-20 06:58:15,121.465500,30.918500,  0,135,0
113,2007-02-20 06:59:16,121.465500,30.918500,  0,135,0
113,2007-02-20 07:00:17,121.465500,30.918500,  0,135,0
113,2007-02-20 07:01:18,121.465500,30.918500,  0,135,0
113,2007-02-20 07:02:19,121.465500,30.918500,  0,135,0
113,2007-02-20 07:03:20,121.465500,30.918500,  0,135,0
113,2007-02-20 07:04:21,121.465500,30.918500,  0,135,0
113,2007-02-20 07:05:22,121.465500,30.918500,  0,135,0
113,2007-02-20 07:06:23,121.465500,30.918500,  0,135,0
113,2007-02-20 07:07:24,121.465500,30.918500,  0,135,0
113,2007-02-20 07:08:25,121.465500,30.918500,  0,135,0
113,2007-02-20 07:10:27,121.465500,30.918500,  0,135,0
113,2007-02-20 07:11:28,121.465500,30.918500,  0,135,0
113,2007-02-20 07:12:29,121.465500,30.918500,  0,135,0
113,2007-02-20 07:14:30,121.465500,30.918500,  0,135,0
113,2007-02-20 07:15:31,121.465500,30.918500,  0,135,0
113,2007-02-20 07:16:32,121.465500,30.918500,  0,135,0
113,2007-02-20 07:17:33,121.465500,30.918500,  0,135,0
113,2007-02-20 07:18:34,121.465500,30.918500,  0,135,0
113,2007-02-20 07:19:35,121.465500,30.918500,  0,135,0
113,2007-02-20 07:20:36,121.465500,30.918500,  0,135,0
113,2007-02-20 07:21:37,121.465500,30.918500,  0,135,0
113,2007-02-20 07:22:38,121.465100,30.918800,  0,135,0
113,2007-02-20 07:23:39,121.465100,30.918800,  0,135,0
113,2007-02-20 07:24:40,121.465100,30.918800,  0,135,0
113,2007-02-20 07:25:41,121.465100,30.918800,  0,135,0
113,2007-02-20 07:26:42,121.465100,30.918800,  0,135,0
113,2007-02-20 07:27:43,121.465100,30.918800,  0,135,0
113,2007-02-20 07:28:44,121.465100,30.918800,  0,135,0
113,2007-02-20 07:29:45,121.465100,30.918600,  0,135,0
113,2007-02-20 07:30:46,121.465100,30.918600,  0,135,0
113,2007-02-20 07:31:47,121.465100,30.918600,  0,135,0
113,2007-02-20 07:32:48,121.465100,30.918600,  0,135,0
113,2007-02-20 07:33:49,121.465100,30.918600,  0,135,0
113,2007-02-20 07:34:50,121.465100,30.918600,  0,135,0
113,2007-02-20 07:35:51,121.465100,30.918600,  0,135,0
113,2007-02-20 07:36:52,121.465100,30.918600,  0,135,0
113,2007-02-20 07:37:53,121.465100,30.918600,  0,135,0
113,2007-02-20 07:39:55,121.465100,30.918600,  0,135,0
113,2007-02-20 07:40:56,121.465100,30.918600,  0,135,0
113,2007-02-20 07:41:36,121.465100,30.918600,  0,  0,0
113,2007-02-20 07:42:36,121.465100,30.918600,  0,  0,0
113,2007-02-20 07:43:37,121.465100,30.918600,  0,  0,0
113,2007-02-20 07:44:38,121.465100,30.918600,  0,  0,0
113,2007-02-20 07:45:39,121.465300,30.918600,  0,  0,0
113,2007-02-20 07:46:40,121.465300,30.918600,  0,  0,0
113,2007-02-20 07:47:41,121.465300,30.918600,  0,  0,0
113,2007-02-20 07:48:42,121.465300,30.918600,  0,  0,0
113,2007-02-20 07:50:44,121.465300,30.918600,  0,  0,0
113,2007-02-20 07:52:46,121.465300,30.918600,  0,  0,0
113,2007-02-20 07:53:47,121.465300,30.918600,  0,  0,0
113,2007-02-20 07:54:48,121.465300,30.918600,  0,  0,0
113,2007-02-20 07:55:49,121.465300,30.918500,  8,135,0
113,2007-02-20 07:56:50,121.464600,30.918800,  0,  0,0
113,2007-02-20 07:57:51,121.464600,30.918800,  0,  0,0
113,2007-02-20 07:58:52,121.464300,30.919000, 20,135,0
113,2007-02-20 07:59:53,121.464600,30.916000, 56, 90,0
113,2007-02-20 08:00:54,121.466000,30.912300,  0, 90,0
113,2007-02-20 08:01:55,121.467000,30.909300, 66, 90,0
113,2007-02-20 08:02:56,121.464800,30.908100,  0,135,0
113,2007-02-20 08:03:57,121.459600,30.907100, 52,135,0
113,2007-02-20 08:04:58,121.453800,30.908300, 40,  0,0
113,2007-02-20 08:05:59,121.452600,30.912500, 40,  0,0
113,2007-02-20 08:07:00,121.451100,30.916000,  0,157,0
113,2007-02-20 08:08:01,121.450000,30.919800, 22, 45,0
113,2007-02-20 08:09:02,121.450500,30.920500,  6, 45,0
113,2007-02-20 08:10:03,121.450600,30.920500,  0, 45,0
113,2007-02-20 08:11:04,121.450600,30.920500,  0, 45,0
113,2007-02-20 08:12:05,121.450600,30.920500,  0, 45,0
113,2007-02-20 08:13:06,121.450100,30.920500, 18,135,0
113,2007-02-20 08:14:07,121.450300,30.917300, 48, 90,0
113,2007-02-20 08:15:08,121.450800,30.916300,  0, 90,0
113,2007-02-20 08:16:09,121.451500,30.914600, 14, 90,0
113,2007-02-20 08:17:10,121.456000,30.912600, 24, 67,0
113,2007-02-20 08:18:11,121.457100,30.909600,  0, 90,0
113,2007-02-20 08:19:12,121.460100,30.910500, 38, 45,0
113,2007-02-20 08:20:13,121.463600,30.909300, 30, 45,0
113,2007-02-20 08:21:14,121.465000,30.908500,  0, 22,0
113,2007-02-20 08:24:17,121.465100,30.908600, 22,135,0
113,2007-02-20 08:25:18,121.462600,30.910000, 40,  0,0
113,2007-02-20 08:26:19,121.462500,30.914800, 48, 22,0
113,2007-02-20 08:27:20,121.464500,30.915500,  2, 45,0
113,2007-02-20 08:28:21,121.464300,30.917500, 34,  0,0
113,2007-02-20 08:29:22,121.463500,30.920100, 56,  0,0
113,2007-02-20 08:30:23,121.460800,30.927800, 62,  0,0
113,2007-02-20 08:31:24,121.459000,30.933100, 34,  0,0
113,2007-02-20 08:32:25,121.457100,30.938300, 24,  0,0
113,2007-02-20 08:33:26,121.454100,30.947000, 82,  0,0
113,2007-02-20 08:35:28,121.446000,30.970800, 82,  0,0
113,2007-02-20 08:36:29,121.442000,30.982300, 90,  0,0
113,2007-02-20 08:37:30,121.437800,30.993500, 78,157,0
113,2007-02-20 08:38:31,121.436800,30.995000, 26,157,0
113,2007-02-20 08:39:32,121.436500,31.000100, 68, 45,0
113,2007-02-20 08:40:33,121.445300,31.003300, 56, 67,0
113,2007-02-20 08:41:34,121.445100,30.998100,  6,112,0
113,2007-02-20 08:43:36,121.434600,31.012800, 88,157,0
113,2007-02-20 08:44:37,121.429000,31.024500, 90,  0,0
113,2007-02-20 08:45:38,121.425100,31.031800, 52,135,0
113,2007-02-20 08:46:39,121.418300,31.029600,  0,112,0
113,2007-02-20 08:47:40,121.414500,31.028300, 62,135,0
113,2007-02-20 08:48:41,121.410000,31.034000, 68,  0,0
113,2007-02-20 08:49:42,121.406500,31.043100, 78,  0,0
113,2007-02-20 08:50:43,121.405000,31.047100, 50,  0,0
113,2007-02-20 08:51:44,121.402000,31.056000, 72,  0,0
113,2007-02-20 08:52:45,121.398000,31.066000, 68,  0,0
113,2007-02-20 08:53:46,121.394500,31.066800, 44,135,0
113,2007-02-20 08:54:47,121.388800,31.065800, 26,157,0
113,2007-02-20 08:55:48,121.381600,31.065100, 34,135,0
113,2007-02-20 08:56:49,121.378300,31.072300, 46,  0,0
113,2007-02-20 09:02:40,121.372300,31.090100, 44, 22,0
113,2007-02-20 09:04:04,121.379800,31.093000, 48, 22,0
113,2007-02-20 09:05:05,121.383000,31.095100, 50,157,0
113,2007-02-20 09:06:06,121.381600,31.101800, 32,  0,0
113,2007-02-20 09:07:07,121.383300,31.105800,  0,  0,0
113,2007-02-20 09:08:08,121.383300,31.105800,  0,  0,0
113,2007-02-20 09:09:09,121.383500,31.110500,  0,  0,0
113,2007-02-20 09:11:11,121.385100,31.118600, 36, 45,0
113,2007-02-20 09:12:12,121.388000,31.122800,  0, 22,0
113,2007-02-20 09:13:13,121.388000,31.122800,  0, 22,0
113,2007-02-20 09:14:14,121.388000,31.122800,  0, 22,0
113,2007-02-20 09:15:15,121.388000,31.122800,  0, 22,0
113,2007-02-20 09:16:16,121.388000,31.122800,  0, 22,0
113,2007-02-20 09:17:17,121.388000,31.122800,  0, 22,0
113,2007-02-20 09:18:18,121.388000,31.122800,  0, 22,0
113,2007-02-20 09:19:19,121.388000,31.122800,  0, 22,0
113,2007-02-20 09:20:20,121.388000,31.122800,  0, 22,0
113,2007-02-20 09:21:21,121.388000,31.122800,  0, 22,0
113,2007-02-20 09:22:22,121.388000,31.122800,  0, 22,0
113,2007-02-20 09:23:23,121.388000,31.122800,  0, 22,0
113,2007-02-20 09:24:24,121.388000,31.122800,  0, 22,0
113,2007-02-20 09:25:25,121.388000,31.122800,  0, 22,0
113,2007-02-20 09:26:26,121.388000,31.122800,  0, 22,0
113,2007-02-20 09:27:27,121.388000,31.122800,  0, 22,0
113,2007-02-20 09:28:28,121.388000,31.122800,  0, 22,0
113,2007-02-20 09:29:29,121.388000,31.122800,  0, 22,0
113,2007-02-20 09:31:31,121.388000,31.122800,  0, 22,0
113,2007-02-20 09:32:32,121.388000,31.122800,  0, 22,0
113,2007-02-20 09:33:33,121.388000,31.122800,  0, 22,0
113,2007-02-20 09:34:34,121.388000,31.122800,  0, 22,0
113,2007-02-20 09:35:35,121.388000,31.122800,  0, 22,0
113,2007-02-20 09:36:36,121.388000,31.122800,  0, 22,0
113,2007-02-20 09:37:37,121.388000,31.122800,  0, 22,0
113,2007-02-20 09:38:38,121.388000,31.122800,  0, 22,0
113,2007-02-20 09:39:39,121.388000,31.122800,  0, 22,0
113,2007-02-20 09:40:40,121.388000,31.122800,  0, 22,0
113,2007-02-20 09:41:41,121.388000,31.122800,  0, 22,0
113,2007-02-20 09:42:42,121.388000,31.122800,  0, 22,0
113,2007-02-20 09:43:43,121.388000,31.122800,  0, 22,0
113,2007-02-20 09:44:44,121.388000,31.122800,  0, 22,0
113,2007-02-20 09:44:49,121.388000,31.122800, 14, 22,1
113,2007-02-20 09:45:49,121.391000,31.126800,  0, 22,1
113,2007-02-20 09:46:50,121.390500,31.127500, 36,157,1
113,2007-02-20 09:47:51,121.385500,31.126800, 28,112,1
113,2007-02-20 09:48:52,121.381000,31.125600, 38,157,1
113,2007-02-20 09:49:53,121.380000,31.126000, 42, 67,1
113,2007-02-20 09:50:54,121.376100,31.123600, 58,135,1
113,2007-02-20 09:52:56,121.367500,31.123300, 50,135,1
113,2007-02-20 09:53:57,121.360800,31.121500, 28,135,1
113,2007-02-20 09:54:58,121.355500,31.120000, 54,135,1
113,2007-02-20 09:55:59,121.350800,31.117600, 36,112,1
113,2007-02-20 09:57:00,121.345300,31.115100, 40,112,1
113,2007-02-20 09:58:01,121.339300,31.113800, 46,112,1
113,2007-02-20 09:59:02,121.334800,31.111300, 18,112,1
113,2007-02-20 10:00:03,121.331000,31.115100, 70,157,1
113,2007-02-20 10:00:42,121.330500,31.116100,  0,157,0
113,2007-02-20 10:01:43,121.329500,31.117800, 56,157,0
113,2007-02-20 10:02:44,121.325800,31.126100, 68,157,0
113,2007-02-20 10:04:16,121.324300,31.129100, 16,157,1
113,2007-02-20 10:05:16,121.329100,31.133000, 42, 22,1
113,2007-02-20 10:06:17,121.333800,31.133500, 38, 67,1
113,2007-02-20 10:07:18,121.337500,31.126500, 60, 67,1
113,2007-02-20 10:08:19,121.341100,31.125000, 54, 22,1
113,2007-02-20 10:09:20,121.348000,31.129000, 24, 45,1
113,2007-02-20 10:10:21,121.353800,31.126100, 20, 22,1
113,2007-02-20 10:11:22,121.361100,31.129500, 72, 22,1
113,2007-02-20 10:12:23,121.368500,31.132300, 36, 22,1
113,2007-02-20 10:13:24,121.372500,31.125500, 50, 90,1
113,2007-02-20 10:14:25,121.373300,31.123500, 46, 90,1
113,2007-02-20 10:15:26,121.375500,31.118600,  0, 90,1
113,2007-02-20 10:16:27,121.376300,31.117300, 34, 67,1
113,2007-02-20 10:18:29,121.378600,31.113800, 12, 90,1
113,2007-02-20 10:18:34,121.378600,31.113800,  0, 90,0
113,2007-02-20 10:20:36,121.379300,31.113100,  6, 22,0
113,2007-02-20 10:21:37,121.381500,31.115300, 38, 22,0
113,2007-02-20 10:22:38,121.385500,31.119100, 48, 22,0
113,2007-02-20 10:23:39,121.388000,31.123000,  0, 22,0
113,2007-02-20 10:24:40,121.388000,31.123000,  0, 22,0
113,2007-02-20 10:25:41,121.388000,31.123000,  0, 22,0
113,2007-02-20 10:26:42,121.388000,31.123000,  0, 22,0
113,2007-02-20 10:27:43,121.388000,31.123000,  0, 22,0
113,2007-02-20 10:28:44,121.388000,31.123000,  0, 22,0
113,2007-02-20 10:28:48,121.388000,31.123000, 10, 22,1
113,2007-02-20 10:29:49,121.390800,31.126800,  0, 22,1
113,2007-02-20 10:30:50,121.391100,31.126800,  0, 22,1
113,2007-02-20 10:31:51,121.389600,31.128000, 28,135,1
113,2007-02-20 10:32:52,121.385100,31.129300, 62,  0,1
113,2007-02-20 10:33:53,121.383500,31.135100, 18,  0,1
113,2007-02-20 10:34:54,121.381600,31.141000, 30,  0,1
113,2007-02-20 10:35:55,121.380600,31.144500, 48,  0,1
113,2007-02-20 10:36:56,121.379100,31.149300, 46,  0,1
113,2007-02-20 10:37:57,121.380500,31.153600, 36,  0,1
113,2007-02-20 10:38:32,121.381300,31.153100,  0, 90,0
113,2007-02-20 10:39:33,121.380100,31.153300, 36,112,0
113,2007-02-20 10:40:34,121.377600,31.154500,  0,  0,0
113,2007-02-20 10:41:35,121.377500,31.157600, 48,  0,0
113,2007-02-20 10:44:56,121.388600,31.165100, 50, 90,0
113,2007-02-20 10:45:57,121.389600,31.161600,  0, 90,0
113,2007-02-20 10:47:59,121.391500,31.156000, 46, 90,0
113,2007-02-20 10:48:21,121.391800,31.155800, 24,  0,1
113,2007-02-20 10:49:22,121.390600,31.159300, 68,  0,1
113,2007-02-20 10:50:23,121.390000,31.161100,  0,  0,1
113,2007-02-20 10:51:24,121.389100,31.163500, 40,  0,1
113,2007-02-20 10:52:25,121.388100,31.166300,  0,  0,1
113,2007-02-20 10:53:26,121.385800,31.173600, 66,  0,1
113,2007-02-20 10:54:27,121.384100,31.179000, 14,  0,1
113,2007-02-20 10:55:27,121.383300,31.179300, 30,135,1
113,2007-02-20 10:56:29,121.379600,31.182500, 38,157,1
113,2007-02-20 10:57:30,121.376800,31.185800, 26,157,1
113,2007-02-20 10:58:31,121.373500,31.189500, 44,157,1
113,2007-02-20 10:59:32,121.372300,31.190800, 18,157,1
113,2007-02-20 11:00:33,121.372100,31.191100,  0,157,1
113,2007-02-20 11:01:34,121.370800,31.192600,  0,157,1
113,2007-02-20 11:02:35,121.369300,31.194500, 38,157,1
113,2007-02-20 11:03:36,121.366500,31.197600, 34,157,1
113,2007-02-20 11:04:37,121.364800,31.201600, 24,  0,1
113,2007-02-20 11:05:38,121.365000,31.207100,  8,  0,1
113,2007-02-20 11:06:54,121.369000,31.206600, 48, 22,0
113,2007-02-20 11:07:55,121.372100,31.209500, 28, 45,0
113,2007-02-20 11:08:56,121.372500,31.209800,  8,135,0
113,2007-02-20 11:09:57,121.367500,31.210000, 62,135,0
113,2007-02-20 11:10:58,121.364100,31.211100, 18,  0,0
113,2007-02-20 11:11:59,121.360300,31.211800, 38, 90,0
113,2007-02-20 11:13:00,121.362300,31.210300, 36, 45,0
113,2007-02-20 11:14:01,121.364600,31.208300, 22, 90,0
113,2007-02-20 11:15:02,121.364800,31.202800, 46, 90,0
113,2007-02-20 11:16:03,121.368500,31.195100, 52, 67,0
113,2007-02-20 11:17:04,121.367600,31.192300,  0,135,0
113,2007-02-20 11:18:04,121.363500,31.192000, 32,157,0
113,2007-02-20 11:19:05,121.357500,31.189600, 64,112,0
113,2007-02-20 11:20:06,121.354100,31.188600,  0,135,0
113,2007-02-20 11:21:07,121.353300,31.188100, 22,112,0
113,2007-02-20 11:22:08,121.348500,31.183500, 28,135,0
113,2007-02-20 11:23:09,121.349100,31.179500, 40, 90,0
113,2007-02-20 11:25:11,121.344800,31.172800, 44,112,0
113,2007-02-20 11:26:12,121.345100,31.168800,  0, 67,0
113,2007-02-20 11:27:13,121.346600,31.166100, 26,112,0
113,2007-02-20 11:28:14,121.342800,31.164500,  0,135,0
113,2007-02-20 11:29:15,121.340300,31.163300,  0,112,0
113,2007-02-20 11:30:16,121.340300,31.163300,  0,112,0
113,2007-02-20 11:31:17,121.342300,31.159100,  0, 67,0
113,2007-02-20 11:32:18,121.343500,31.157000, 16, 90,0
113,2007-02-20 11:34:20,121.349000,31.150100, 24, 67,0
113,2007-02-20 11:35:21,121.353800,31.144600, 46, 67,0
113,2007-02-20 11:36:22,121.355600,31.144800, 14, 22,0
113,2007-02-20 11:37:23,121.357000,31.146600, 10,  0,0
113,2007-02-20 11:39:37,121.354500,31.144600, 20,112,1
113,2007-02-20 11:40:38,121.357100,31.139000, 80, 67,1
113,2007-02-20 11:41:39,121.362500,31.129100, 62, 67,1
113,2007-02-20 11:42:40,121.366300,31.123300, 12, 67,1
113,2007-02-20 11:43:41,121.369500,31.118800, 50, 67,1
113,2007-02-20 11:44:42,121.370800,31.116800, 10, 67,1
113,2007-02-20 11:45:43,121.375600,31.118000,  0, 22,1
113,2007-02-20 11:46:44,121.377100,31.116000,  0, 67,1
113,2007-02-20 11:47:45,121.378300,31.114100, 26, 67,1
113,2007-02-20 11:47:59,121.378600,31.113800,  0, 90,0
113,2007-02-20 11:49:00,121.377000,31.112100, 46,112,0
113,2007-02-20 11:50:01,121.377000,31.111300,  0, 67,0
113,2007-02-20 11:51:02,121.379300,31.113000,  0, 22,0
113,2007-02-20 11:52:03,121.380000,31.114100, 22,157,0
113,2007-02-20 11:53:04,121.382100,31.116100,  0, 67,0
113,2007-02-20 11:54:05,121.383100,31.117000, 50, 22,0
113,2007-02-20 11:55:06,121.387500,31.122300, 50, 22,0
113,2007-02-20 11:56:07,121.388000,31.122800,  0, 22,0
113,2007-02-20 11:57:08,121.388000,31.122800,  0, 22,0
113,2007-02-20 11:58:09,121.388000,31.122800,  0, 22,0
113,2007-02-20 11:59:09,121.388000,31.122800,  0, 22,0
113,2007-02-20 12:00:11,121.388000,31.122800,  0, 22,0
113,2007-02-20 12:01:12,121.388000,31.122800,  0, 22,0
113,2007-02-20 12:02:13,121.388000,31.122800,  0, 22,0
113,2007-02-20 12:03:14,121.388000,31.122800,  0, 22,0
113,2007-02-20 12:04:14,121.388000,31.122800,  0, 22,0
113,2007-02-20 12:05:16,121.388000,31.122800,  0, 22,0
113,2007-02-20 12:06:17,121.388000,31.122800,  0, 22,0
113,2007-02-20 12:07:18,121.388000,31.122800,  0, 22,0
113,2007-02-20 12:08:19,121.388000,31.122800,  0, 22,0
113,2007-02-20 12:08:43,121.388000,31.123000, 12, 22,1
113,2007-02-20 12:09:44,121.391000,31.126800,  0, 22,1
113,2007-02-20 12:11:46,121.389800,31.128000, 42,135,1
113,2007-02-20 12:12:47,121.384800,31.126600, 50,112,1
113,2007-02-20 12:13:48,121.381300,31.125300, 30,157,1
113,2007-02-20 12:15:49,121.374300,31.123100, 22,135,1
113,2007-02-20 12:16:51,121.370100,31.130300, 80,157,1
113,2007-02-20 12:17:52,121.368800,31.132600, 34,157,1
113,2007-02-20 12:18:53,121.366000,31.135500, 30,135,1
113,2007-02-20 12:19:06,121.365600,31.135500,  0,157,0
113,2007-02-20 12:20:06,121.365000,31.135500,  0,  0,0
113,2007-02-20 12:21:07,121.367500,31.134800, 32, 90,0
113,2007-02-20 12:22:08,121.371100,31.128300, 58, 67,0
113,2007-02-20 12:23:09,121.372600,31.125000,  0, 67,0
113,2007-02-20 12:24:09,121.374100,31.121500, 66, 67,0
113,2007-02-20 12:25:11,121.375600,31.118300,  0, 67,0
113,2007-02-20 12:26:12,121.377100,31.116000, 42, 67,0
113,2007-02-20 12:27:13,121.377000,31.111300, 24, 67,0
113,2007-02-20 12:28:14,121.377000,31.111100,  0, 67,0
113,2007-02-20 12:30:16,121.379500,31.113000,  0, 22,0
113,2007-02-20 12:31:17,121.379500,31.113000,  0, 22,0
113,2007-02-20 12:32:18,121.381300,31.114800, 58, 22,0
113,2007-02-20 12:33:19,121.382300,31.115800,  0, 22,0
113,2007-02-20 12:34:19,121.386000,31.120000, 56, 22,0
113,2007-02-20 12:35:21,121.388000,31.122800,  0, 22,0
113,2007-02-20 12:36:22,121.388000,31.122800,  0, 22,0
113,2007-02-20 12:37:23,121.388000,31.122800,  0, 22,0
113,2007-02-20 12:38:24,121.388000,31.122800,  0, 22,0
113,2007-02-20 12:39:24,121.388000,31.122800,  0, 22,0
113,2007-02-20 12:40:26,121.388000,31.122800,  0, 22,0
113,2007-02-20 12:41:27,121.388000,31.122800,  0, 22,0
113,2007-02-20 12:42:28,121.388000,31.122800,  0, 22,0
113,2007-02-20 12:43:29,121.388000,31.122800,  0, 22,0
113,2007-02-20 12:44:29,121.388000,31.122800,  0, 22,0
113,2007-02-20 12:45:31,121.388000,31.122800,  0, 22,0
113,2007-02-20 12:46:32,121.388000,31.122800,  0, 22,0
113,2007-02-20 12:47:33,121.388000,31.122800,  0, 22,0
113,2007-02-20 12:48:34,121.388000,31.122800,  0, 22,0
113,2007-02-20 12:49:34,121.388000,31.122800,  0, 22,0
113,2007-02-20 12:50:36,121.388000,31.122800,  0, 22,0
113,2007-02-20 12:51:37,121.388000,31.122800,  0, 22,0
113,2007-02-20 12:52:38,121.388000,31.122800,  0, 22,0
113,2007-02-20 12:53:39,121.388000,31.122800,  0, 22,0
113,2007-02-20 12:54:39,121.388000,31.122800,  0, 22,0
113,2007-02-20 12:55:41,121.388000,31.122800,  0, 22,0
113,2007-02-20 12:56:42,121.388000,31.122800,  0, 22,0
113,2007-02-20 12:57:43,121.388000,31.122800,  0, 22,0
113,2007-02-20 12:58:44,121.388000,31.122800,  0, 22,0
113,2007-02-20 12:59:44,121.388000,31.122800,  0, 22,0
113,2007-02-20 13:01:47,121.388000,31.123000,  0, 22,0
113,2007-02-20 13:02:48,121.388000,31.123000,  0, 22,0
113,2007-02-20 13:03:49,121.388000,31.123000,  0, 22,0
113,2007-02-20 13:04:49,121.388000,31.123000,  0, 22,0
113,2007-02-20 13:05:51,121.388000,31.123000,  0, 22,0
113,2007-02-20 13:06:52,121.388000,31.123000,  0, 22,0
113,2007-02-20 13:07:53,121.388000,31.123000,  0, 22,0
113,2007-02-20 13:08:44,121.388000,31.123000, 10, 22,1
113,2007-02-20 13:11:47,121.398100,31.133600, 34, 22,1
113,2007-02-20 13:12:48,121.399500,31.135100,  0, 22,1
113,2007-02-20 13:13:44,121.398600,31.137500,  0,157,0
113,2007-02-20 13:17:14,121.389300,31.142800, 50,135,0
113,2007-02-20 13:18:16,121.382300,31.140800, 14,112,0
113,2007-02-20 13:19:17,121.377000,31.139500,  0,135,0
113,2007-02-20 13:20:18,121.376500,31.135600, 32,135,0
113,2007-02-20 13:22:19,121.366500,31.131500, 66,112,0
113,2007-02-20 13:23:21,121.363300,31.130100,  0, 45,0
113,2007-02-20 13:24:22,121.363300,31.130100,  0, 45,0
113,2007-02-20 13:25:23,121.363300,31.130100,  0, 45,0
113,2007-02-20 13:26:24,121.363300,31.130100,  0, 45,0
113,2007-02-20 13:27:24,121.363300,31.130100,  0, 45,0
113,2007-02-20 13:28:26,121.363300,31.130100,  0, 45,0
113,2007-02-20 13:29:27,121.363300,31.130100,  0, 45,0
113,2007-02-20 13:31:29,121.363300,31.130100,  0, 45,0
113,2007-02-20 13:32:29,121.363300,31.130100,  0, 45,0
113,2007-02-20 13:33:31,121.363300,31.130100,  0, 45,0
113,2007-02-20 13:34:32,121.363300,31.130100,  0, 45,0
113,2007-02-20 13:36:34,121.363300,31.130100,  0, 45,0
113,2007-02-20 13:37:34,121.363300,31.130100,  0, 45,0
113,2007-02-20 13:38:36,121.363300,31.130100,  0, 45,0
113,2007-02-20 13:39:37,121.363300,31.130100,  0, 45,0
113,2007-02-20 13:40:38,121.363300,31.130100,  0, 45,0
113,2007-02-20 13:41:39,121.363300,31.130100,  0, 45,0
113,2007-02-20 13:42:39,121.363300,31.130100,  0, 45,0
113,2007-02-20 13:43:41,121.363300,31.130100,  0, 45,0
113,2007-02-20 13:44:41,121.363300,31.130100,  0, 45,0
113,2007-02-20 13:45:43,121.363300,31.130100,  0, 45,0
113,2007-02-20 13:46:43,121.365800,31.131100,  6, 45,0
113,2007-02-20 13:46:53,121.365800,31.131300, 20,112,1
113,2007-02-20 13:47:53,121.360500,31.133000, 74,157,1
113,2007-02-20 13:48:54,121.359600,31.134500,  0,  0,1
113,2007-02-20 13:49:55,121.359600,31.134500,  0,  0,1
113,2007-02-20 13:50:56,121.355800,31.141600, 74,157,1
113,2007-02-20 13:51:57,121.349600,31.150000, 40,157,1
113,2007-02-20 13:52:43,121.348000,31.151600,  0,157,0
113,2007-02-20 13:53:43,121.348000,31.151600,  8,135,0
113,2007-02-20 13:53:52,121.348000,31.151500, 20, 67,1
113,2007-02-20 13:54:52,121.351600,31.147500, 32, 67,1
113,2007-02-20 13:55:53,121.354600,31.143300, 42, 67,1
113,2007-02-20 13:56:54,121.358100,31.137300, 64, 67,1
113,2007-02-20 13:57:55,121.359300,31.134800,  0, 67,1
113,2007-02-20 13:58:56,121.361000,31.131600, 70, 67,1
113,2007-02-20 13:59:57,121.366100,31.123600, 38, 67,1
113,2007-02-20 14:00:58,121.368500,31.120100, 26, 67,1
113,2007-02-20 14:01:59,121.369300,31.116300,  0,112,1
113,2007-02-20 14:03:00,121.365300,31.114500,  0,112,1
113,2007-02-20 14:03:26,121.365500,31.114300,  0,112,0
113,2007-02-20 14:04:26,121.364000,31.114000, 48,135,0
113,2007-02-20 14:05:27,121.361300,31.110300, 52, 90,0
113,2007-02-20 14:06:28,121.367300,31.112600, 28, 22,0
113,2007-02-20 14:07:29,121.370100,31.114100, 20, 67,0
113,2007-02-20 14:08:30,121.372000,31.110500,  8, 67,0
113,2007-02-20 14:09:31,121.372500,31.110000, 16, 67,0
113,2007-02-20 14:10:32,121.373600,31.108800,  0, 22,0
113,2007-02-20 14:11:33,121.378000,31.111600, 50, 22,0
113,2007-02-20 14:12:34,121.379500,31.113100, 16, 22,0
113,2007-02-20 14:13:35,121.382300,31.115600,  0, 22,0
113,2007-02-20 14:14:36,121.384100,31.118600, 32, 22,0
113,2007-02-20 14:15:37,121.387800,31.122600,  6, 22,0
113,2007-02-20 14:16:38,121.387800,31.122800,  0, 22,0
113,2007-02-20 14:17:39,121.387800,31.122800,  0, 22,0
113,2007-02-20 14:18:40,121.387800,31.122800,  0, 22,0
113,2007-02-20 14:19:41,121.387800,31.122800,  0, 22,0
113,2007-02-20 14:20:42,121.387800,31.122800,  0, 22,0
113,2007-02-20 14:21:43,121.387800,31.122800,  0, 22,0
113,2007-02-20 14:22:44,121.387800,31.122800,  0, 22,0
113,2007-02-20 14:23:45,121.387800,31.122800,  0, 22,0
113,2007-02-20 14:24:46,121.387800,31.122800,  0, 22,0
113,2007-02-20 14:25:47,121.387800,31.122800,  0, 22,0
113,2007-02-20 14:26:48,121.387800,31.122800,  0, 22,0
113,2007-02-20 14:27:49,121.387800,31.122800,  0, 22,0
113,2007-02-20 14:28:50,121.387800,31.122800,  0, 22,0
113,2007-02-20 14:29:51,121.387800,31.122800,  0, 22,0
113,2007-02-20 14:30:52,121.387800,31.122800,  0, 22,0
113,2007-02-20 14:31:53,121.387800,31.122800,  8, 22,0
113,2007-02-20 14:32:54,121.388000,31.123000,  0, 22,0
113,2007-02-20 14:33:55,121.388000,31.123000,  0, 22,0
113,2007-02-20 14:34:56,121.388000,31.123000,  0, 22,0
113,2007-02-20 14:35:57,121.388000,31.123000,  0, 22,0
113,2007-02-20 14:36:58,121.388000,31.123000,  0, 22,0
113,2007-02-20 14:37:59,121.388000,31.123000,  0, 22,0
113,2007-02-20 14:39:00,121.388000,31.123000,  0, 22,0
113,2007-02-20 14:40:01,121.388000,31.123000,  0, 22,0
113,2007-02-20 14:41:02,121.388000,31.123000,  0, 22,0
113,2007-02-20 14:42:03,121.388000,31.123000,  0, 22,0
113,2007-02-20 14:43:04,121.388000,31.123000,  0, 22,0
113,2007-02-20 14:44:05,121.388000,31.123000,  0, 22,0
113,2007-02-20 14:45:06,121.388000,31.123000,  0, 22,0
113,2007-02-20 14:46:07,121.388000,31.123000,  0, 22,0
113,2007-02-20 14:47:11,121.388000,31.123000, 12, 22,1
113,2007-02-20 14:48:12,121.390800,31.126800,  0, 22,1
113,2007-02-20 14:49:13,121.391000,31.126800, 12, 22,1
113,2007-02-20 14:50:14,121.397100,31.133000, 54, 22,1
113,2007-02-20 14:51:15,121.398600,31.133800, 54, 22,1
113,2007-02-20 14:52:16,121.405500,31.141100, 82, 22,1
113,2007-02-20 14:53:17,121.415100,31.150100, 94, 22,1
113,2007-02-20 14:54:18,121.425500,31.159800, 88, 22,1
113,2007-02-20 14:55:19,121.429800,31.169500, 70,  0,1
113,2007-02-20 14:56:20,121.431100,31.179800, 82,  0,1
113,2007-02-20 14:57:21,121.432100,31.188800, 52,  0,1
113,2007-02-20 14:58:22,121.432500,31.190300,  0,  0,1
113,2007-02-20 14:59:23,121.436000,31.191500, 44, 45,1
113,2007-02-20 15:00:12,121.438100,31.191800,  0, 22,0
113,2007-02-20 15:01:12,121.440500,31.192500, 40, 22,0
113,2007-02-20 15:02:13,121.442300,31.193500, 10, 45,0
113,2007-02-20 15:03:14,121.447500,31.196000, 28, 22,0
113,2007-02-20 15:04:15,121.449600,31.193100,  0, 67,0
113,2007-02-20 15:05:16,121.448100,31.191800, 24,112,0
113,2007-02-20 15:06:17,121.444500,31.190300,  0,112,0
113,2007-02-20 15:08:19,121.438800,31.187500, 44,112,0
113,2007-02-20 15:09:20,121.433300,31.184600, 22,112,0
113,2007-02-20 15:10:21,121.431300,31.184100, 30, 90,0
113,2007-02-20 15:11:22,121.428100,31.183000,  6,135,0
113,2007-02-20 15:12:24,121.426100,31.183500, 64,135,0
113,2007-02-20 15:13:24,121.422100,31.184600,  0,135,0
113,2007-02-20 15:14:25,121.421000,31.182800, 30, 90,0
113,2007-02-20 15:16:27,121.415300,31.177500, 50,135,0
113,2007-02-20 15:17:28,121.411600,31.177100,  0,135,0
113,2007-02-20 15:18:29,121.409500,31.175800, 52,135,0
113,2007-02-20 15:19:30,121.404800,31.175000,  8,135,0
113,2007-02-20 15:20:31,121.396500,31.173100, 62,135,0
113,2007-02-20 15:21:32,121.390600,31.171800, 48,135,0
113,2007-02-20 15:22:33,121.386800,31.170000, 42, 90,0
113,2007-02-20 15:23:34,121.383800,31.165300, 48,135,0
113,2007-02-20 15:24:35,121.377300,31.163300,  0,135,0
113,2007-02-20 15:25:36,121.377100,31.160800, 48, 90,0
113,2007-02-20 15:27:26,121.385100,31.159600, 56, 22,1
113,2007-02-20 15:28:27,121.387100,31.156600,  0, 90,1
113,2007-02-20 15:29:08,121.390100,31.157300,  0, 45,0
113,2007-02-20 15:30:09,121.391500,31.156500, 56, 90,0
113,2007-02-20 15:31:10,121.393100,31.151300,  0, 90,0
113,2007-02-20 15:32:11,121.394100,31.148500, 26, 90,0
113,2007-02-20 15:33:12,121.396300,31.142100,  4, 90,0
113,2007-02-20 15:33:46,121.397000,31.140500, 22, 67,1
113,2007-02-20 15:34:46,121.398000,31.138500, 24, 67,1
113,2007-02-20 15:35:47,121.399300,31.135600,  0, 67,1
113,2007-02-20 15:36:48,121.399300,31.135600,  0, 67,1
113,2007-02-20 15:37:49,121.399600,31.135100, 10, 67,1
113,2007-02-20 15:38:50,121.401100,31.132000, 28, 67,1
113,2007-02-20 15:39:51,121.403800,31.131800, 34, 45,1
113,2007-02-20 15:40:52,121.412100,31.132600, 64, 22,1
113,2007-02-20 15:41:53,121.414800,31.134000, 24, 45,1
113,2007-02-20 15:42:54,121.419800,31.136000, 20, 45,1
113,2007-02-20 15:43:55,121.424800,31.137100, 60, 45,1
113,2007-02-20 15:44:56,121.431100,31.139100, 32, 45,1
113,2007-02-20 15:45:57,121.435500,31.140300,  6, 45,1
113,2007-02-20 15:46:58,121.434000,31.144000, 26,  0,1
113,2007-02-20 15:47:57,121.440500,31.144800,  0, 45,0
113,2007-02-20 15:48:57,121.444300,31.145800, 44, 45,0
113,2007-02-20 15:49:58,121.446500,31.142000, 60, 90,0
113,2007-02-20 15:50:59,121.447000,31.137100, 42,135,0
113,2007-02-20 15:52:00,121.442000,31.135600, 26,135,0
113,2007-02-20 15:53:01,121.438800,31.134800, 18,135,0
113,2007-02-20 15:54:02,121.434000,31.133800, 46,135,0
113,2007-02-20 15:55:03,121.431000,31.133500, 26,135,0
113,2007-02-20 15:56:04,121.424000,31.132500, 54,135,0
113,2007-02-20 15:57:05,121.416100,31.131000,  0,135,0
113,2007-02-20 15:59:40,121.401600,31.129100, 16,135,0
113,2007-02-20 16:00:40,121.401500,31.130800,  0,  0,0
113,2007-02-20 16:01:41,121.400100,31.134500,  0,157,0
113,2007-02-20 16:02:43,121.400000,31.134500,  0,157,0
113,2007-02-20 16:03:43,121.397000,31.133100,  0,112,0
113,2007-02-20 16:04:44,121.397000,31.133100,  0,112,0
113,2007-02-20 16:05:45,121.397000,31.133100,  0,112,0
113,2007-02-20 16:06:14,121.396800,31.133000, 14,112,1
113,2007-02-20 16:07:14,121.394500,31.130800, 60,112,1
113,2007-02-20 16:08:15,121.388000,31.127600, 40,135,1
113,2007-02-20 16:09:16,121.384300,31.132600, 52,  0,1
113,2007-02-20 16:10:04,121.383300,31.135500,  0,  0,0
113,2007-02-20 16:11:04,121.382500,31.138500, 18,  0,0
113,2007-02-20 16:11:40,121.382300,31.138600, 22,  0,1
113,2007-02-20 16:12:40,121.386500,31.142100, 58, 45,1
113,2007-02-20 16:13:41,121.394100,31.145000, 54, 22,1
113,2007-02-20 16:14:42,121.395000,31.145500,  0, 22,1
113,2007-02-20 16:15:43,121.397600,31.146600, 60, 22,1
113,2007-02-20 16:16:44,121.398600,31.148300, 16,  0,1
113,2007-02-20 16:17:13,121.397600,31.149000,  0,135,0
113,2007-02-20 16:18:14,121.397100,31.149000, 12,157,0
113,2007-02-20 16:19:15,121.399600,31.148000,  0, 90,0
113,2007-02-20 16:20:16,121.400800,31.144500,  0, 90,0
113,2007-02-20 16:21:17,121.401800,31.141300, 36, 90,0
113,2007-02-20 16:22:18,121.398500,31.137500, 46, 67,0
113,2007-02-20 16:23:19,121.399300,31.135300, 36,112,0
113,2007-02-20 16:24:20,121.396000,31.132300,  0, 90,0
113,2007-02-20 16:25:21,121.392800,31.129300, 74,112,0
113,2007-02-20 16:27:23,121.381600,31.119300, 70,112,0
113,2007-02-20 16:28:24,121.386000,31.120000, 60, 22,0
113,2007-02-20 16:29:25,121.387800,31.122500,  0, 22,0
113,2007-02-20 16:30:26,121.387800,31.122500,  0, 22,0
113,2007-02-20 16:31:27,121.387800,31.122500,  0, 22,0
113,2007-02-20 16:32:28,121.387800,31.122500,  0, 22,0
113,2007-02-20 16:33:29,121.387800,31.122500,  0, 22,0
113,2007-02-20 16:34:30,121.387800,31.122600,  0, 22,0
113,2007-02-20 16:35:31,121.387800,31.122600,  0, 22,0
113,2007-02-20 16:36:32,121.387800,31.122600,  0, 22,0
113,2007-02-20 16:37:33,121.387800,31.122600,  0, 22,0
113,2007-02-20 16:38:34,121.387800,31.122600,  0, 22,0
113,2007-02-20 16:39:35,121.387800,31.122600,  0, 22,0
113,2007-02-20 16:40:36,121.387800,31.122600,  0, 22,0
113,2007-02-20 16:42:38,121.387800,31.122600,  0, 22,0
113,2007-02-20 16:43:39,121.387800,31.122600,  0, 22,0
113,2007-02-20 16:44:40,121.387800,31.122600,  0, 22,0
113,2007-02-20 16:45:41,121.387800,31.122600,  0, 22,0
113,2007-02-20 16:46:42,121.387800,31.122600,  0, 22,0
113,2007-02-20 16:48:44,121.387800,31.122600,  0, 22,0
113,2007-02-20 16:49:45,121.388000,31.122800,  0, 22,0
113,2007-02-20 16:50:46,121.388000,31.122800,  0, 22,0
113,2007-02-20 16:51:47,121.388000,31.122800,  0, 22,0
113,2007-02-20 16:52:48,121.388000,31.122800,  0, 22,0
113,2007-02-20 16:53:49,121.388000,31.122800,  0, 22,0
113,2007-02-20 16:54:50,121.388000,31.122800,  0, 22,0
113,2007-02-20 16:55:51,121.388000,31.122800,  0, 22,0
113,2007-02-20 16:56:52,121.388000,31.122800,  0, 22,0
113,2007-02-20 16:57:53,121.388000,31.122800,  0, 22,0
113,2007-02-20 16:58:54,121.388000,31.122800,  0, 22,0
113,2007-02-20 17:00:56,121.388000,31.122800,  0, 22,0
113,2007-02-20 17:01:57,121.388000,31.122800,  0, 22,0
113,2007-02-20 17:02:58,121.388000,31.122800,  0, 22,0
113,2007-02-20 17:03:59,121.388000,31.122800,  0, 22,0
113,2007-02-20 17:06:01,121.388000,31.122800,  0, 22,0
113,2007-02-20 17:07:02,121.388000,31.122800,  0, 22,0
113,2007-02-20 17:08:03,121.388000,31.122800,  0, 22,0
113,2007-02-20 17:09:04,121.388000,31.122800,  0, 22,0
113,2007-02-20 17:10:05,121.388000,31.122800,  0, 22,0
113,2007-02-20 17:12:07,121.388000,31.122800,  0, 22,0
113,2007-02-20 17:12:38,121.388000,31.123000, 14, 22,1
113,2007-02-20 17:13:39,121.390600,31.126500, 28, 22,1
113,2007-02-20 17:14:40,121.391000,31.126800,  4, 22,1
113,2007-02-20 17:15:41,121.386500,31.127300, 32,135,1
113,2007-02-20 17:16:42,121.384000,31.133500, 16,  0,1
113,2007-02-20 17:17:43,121.378600,31.132800, 30,157,1
113,2007-02-20 17:18:44,121.378000,31.138000, 24, 45,1
113,2007-02-20 17:19:08,121.378500,31.137500,  0, 90,0
113,2007-02-20 17:20:08,121.378500,31.137500,  6,157,0
113,2007-02-20 17:21:09,121.377000,31.136000,  0, 90,0
113,2007-02-20 17:22:10,121.377500,31.134600, 10, 45,0
113,2007-02-20 17:22:13,121.377600,31.134800, 14,157,1
113,2007-02-20 17:23:14,121.375600,31.135500, 44,112,1
113,2007-02-20 17:24:15,121.369100,31.132600, 32,112,1
113,2007-02-20 17:26:17,121.367600,31.137600,  0,  0,1
113,2007-02-20 17:27:18,121.366100,31.140000, 66,157,1
113,2007-02-20 17:28:19,121.363000,31.144000, 66,157,1
113,2007-02-20 17:29:20,121.358100,31.151100, 68,157,1
113,2007-02-20 17:30:21,121.355100,31.155600,  0,157,1
113,2007-02-20 17:31:22,121.352500,31.157500, 40,112,1
113,2007-02-20 17:32:19,121.349300,31.156300,  0,112,0
113,2007-02-20 17:33:17,121.349500,31.156300, 14, 22,1
113,2007-02-20 17:34:18,121.353300,31.158500, 36,157,1
113,2007-02-20 17:35:19,121.360100,31.159800,  8, 45,1
113,2007-02-20 17:37:21,121.362300,31.159800, 36, 45,1
113,2007-02-20 17:38:22,121.365800,31.159800,  0, 45,1
113,2007-02-20 17:39:23,121.368600,31.160000, 34, 45,1
113,2007-02-20 17:40:24,121.375800,31.159100, 64, 45,1
113,2007-02-20 17:42:26,121.377300,31.162000, 42,  0,1
113,2007-02-20 17:43:27,121.375100,31.162600, 18,135,1
113,2007-02-20 17:44:28,121.373100,31.161800, 20,157,1
113,2007-02-20 17:47:16,121.373600,31.161600, 16, 45,0
113,2007-02-20 17:48:17,121.376000,31.162800, 34, 45,0
113,2007-02-20 17:49:18,121.377300,31.159500, 14, 90,0
113,2007-02-20 17:50:19,121.369800,31.160000, 56,135,0
113,2007-02-20 17:51:20,121.363300,31.160100, 56,135,0
113,2007-02-20 17:52:21,121.355000,31.159300, 40,135,0
113,2007-02-20 17:53:22,121.353500,31.158000, 28, 67,0
113,2007-02-20 17:54:23,121.355800,31.154500, 14, 67,0
113,2007-02-20 17:55:24,121.352000,31.152000, 16,112,0
113,2007-02-20 17:56:25,121.348100,31.151300, 54,157,0
113,2007-02-20 17:57:26,121.345300,31.154500,  0,157,0
113,2007-02-20 17:57:31,121.345300,31.154500, 18,157,1
113,2007-02-20 17:58:31,121.342800,31.158600,  0,157,1
113,2007-02-20 17:59:32,121.341000,31.161800, 50,157,1
113,2007-02-20 18:00:33,121.336600,31.169000, 66,157,1
113,2007-02-20 18:01:34,121.333500,31.173000,  0,157,1
113,2007-02-20 18:02:35,121.331500,31.172300, 12,112,1
113,2007-02-20 18:02:42,121.331500,31.172300,  0,112,0
113,2007-02-20 18:03:25,121.331300,31.172100, 16,112,1
113,2007-02-20 18:04:25,121.333300,31.173000, 30, 67,1
113,2007-02-20 18:05:26,121.337500,31.167600, 48, 67,1
113,2007-02-20 18:06:27,121.340000,31.163500,  0, 67,1
113,2007-02-20 18:07:28,121.339300,31.161000, 28,112,1
113,2007-02-20 18:07:43,121.339300,31.160500,  0, 90,0
113,2007-02-20 18:08:44,121.339300,31.160500,  0, 90,0
113,2007-02-20 18:09:33,121.339500,31.160100, 14, 67,1
113,2007-02-20 18:11:35,121.343100,31.159300,  8, 22,1
113,2007-02-20 18:12:36,121.346100,31.158000,  0, 90,1
113,2007-02-20 18:13:37,121.349000,31.157100, 24, 67,1
113,2007-02-20 18:13:57,121.349300,31.156300,  0, 90,0
113,2007-02-20 18:14:46,121.349500,31.156300, 10, 45,1
113,2007-02-20 18:15:47,121.353500,31.158000, 22,  0,1
113,2007-02-20 18:16:48,121.360000,31.159800, 56, 45,1
113,2007-02-20 18:17:49,121.361600,31.159800,  0, 45,1
113,2007-02-20 18:18:50,121.361600,31.159800,  0, 45,1
113,2007-02-20 18:19:51,121.359300,31.167300, 96,  0,1
113,2007-02-20 18:20:52,121.354800,31.178800, 76,  0,1
113,2007-02-20 18:22:54,121.364500,31.188600, 66, 45,1
113,2007-02-20 18:23:55,121.375600,31.192100, 82, 45,1
113,2007-02-20 18:24:56,121.388500,31.199000,100, 22,1
113,2007-02-20 18:25:57,121.400500,31.203300, 66, 45,1
113,2007-02-20 18:26:58,121.406800,31.207500, 52, 22,1
113,2007-02-20 18:27:59,121.406100,31.218600, 84,  0,1
113,2007-02-20 18:30:01,121.410000,31.239300, 74, 22,1
113,2007-02-20 18:31:02,121.414800,31.243100, 10, 67,1
113,2007-02-20 18:32:03,121.418800,31.240000,  0, 67,1
113,2007-02-20 18:33:04,121.419100,31.239600, 26, 67,1
113,2007-02-20 18:34:05,121.425100,31.235300, 32, 22,1
113,2007-02-20 18:35:06,121.431800,31.240800, 64, 22,1
113,2007-02-20 18:36:07,121.433000,31.242000,  0, 22,1
113,2007-02-20 18:37:08,121.437500,31.245100, 68, 22,1
113,2007-02-20 18:38:09,121.440100,31.246800, 28,  0,1
113,2007-02-20 18:40:27,121.439100,31.248800,  0,135,0
113,2007-02-20 18:41:28,121.439100,31.248800,  0,135,0
113,2007-02-20 18:42:29,121.437300,31.247100, 28, 67,0
113,2007-02-20 18:43:30,121.437000,31.245100, 14,112,0
113,2007-02-20 18:44:31,121.433100,31.242500,  0,112,0
113,2007-02-20 18:45:32,121.431100,31.240500, 26,112,0
113,2007-02-20 18:46:33,121.428300,31.239300, 40,112,0
113,2007-02-20 18:47:34,121.427100,31.238600, 40,112,0
113,2007-02-20 19:15:00,121.426600,31.186100, 32, 22,0
113,2007-02-20 19:42:37,121.450000,31.246100, 48, 67,1
113,2007-02-20 19:42:56,121.450800,31.245000,  0, 67,0
113,2007-02-20 19:43:55,121.453100,31.242000, 56, 90,0
113,2007-02-20 19:44:57,121.455100,31.236600, 34,112,0
113,2007-02-20 19:45:58,121.449100,31.234500, 22,135,0
113,2007-02-20 19:46:59,121.446800,31.233800, 44,112,0
113,2007-02-20 19:48:00,121.445500,31.233100,  6,112,0
113,2007-02-20 19:49:01,121.439500,31.230000, 48,112,0
113,2007-02-20 19:50:02,121.438000,31.229300,  0,135,0
113,2007-02-20 19:51:02,121.435100,31.227500,  0,112,0
113,2007-02-20 19:52:02,121.435100,31.227500,  0,112,0
113,2007-02-20 19:53:04,121.432000,31.228800,  0,157,0
113,2007-02-20 19:54:05,121.429800,31.231000, 54,157,0
113,2007-02-20 19:55:06,121.425600,31.235500,  0,  0,0
113,2007-02-20 19:56:07,121.425500,31.235300,  0,135,0
113,2007-02-20 19:57:08,121.422600,31.230800, 46, 90,0
113,2007-02-20 19:57:32,121.422600,31.230300, 12, 90,1
113,2007-02-20 19:58:33,121.419600,31.229600, 58,157,1
113,2007-02-20 19:59:34,121.416000,31.237000,  0,157,1
113,2007-02-20 20:00:35,121.415300,31.238100, 52,157,1
113,2007-02-20 20:01:36,121.411000,31.240800,  4,157,1
113,2007-02-20 20:05:06,121.398000,31.243500,  6,112,1
113,2007-02-20 20:06:07,121.397800,31.242100,  0,112,1
113,2007-02-20 20:06:11,121.397800,31.242100,  0,112,0
113,2007-02-20 20:07:12,121.395600,31.240600,  0,157,0
113,2007-02-20 20:07:27,121.395500,31.240800, 24,157,1
113,2007-02-20 20:09:28,121.392500,31.246600, 24,135,1
113,2007-02-20 20:10:29,121.382000,31.249100, 72,135,1
113,2007-02-20 20:11:30,121.373300,31.252000, 32,  0,1
113,2007-02-20 20:12:31,121.374000,31.253600, 16,  0,1
113,2007-02-20 20:12:52,121.374500,31.254800,  0,  0,0
113,2007-02-20 20:13:41,121.374300,31.254600, 16, 90,1
113,2007-02-20 20:14:42,121.373300,31.251800,  0, 90,1
113,2007-02-20 20:16:44,121.374500,31.251100, 54, 45,1
113,2007-02-20 20:17:44,121.381500,31.249100, 40, 45,1
113,2007-02-20 20:18:46,121.388800,31.247100, 58, 45,1
113,2007-02-20 20:19:47,121.391600,31.246600,  0, 45,1
113,2007-02-20 20:21:49,121.404600,31.245500, 62, 90,1
113,2007-02-20 20:22:50,121.408800,31.242000, 34, 67,1
113,2007-02-20 20:23:51,121.410100,31.241300,  0, 45,1
113,2007-02-20 20:24:41,121.411500,31.240300,  0, 67,0
113,2007-02-20 20:27:40,121.416500,31.235800, 18, 67,1
113,2007-02-20 20:28:40,121.420100,31.228800, 64, 67,1
113,2007-02-20 20:29:41,121.422500,31.226300,  0, 67,1
113,2007-02-20 20:32:43,121.425300,31.214600, 68,112,1
113,2007-02-20 20:33:44,121.415500,31.210500, 64,135,1
113,2007-02-20 20:34:46,121.415300,31.210800,  0, 90,1
113,2007-02-20 20:38:17,121.404500,31.206000,  0,112,1
113,2007-02-20 20:39:18,121.404500,31.206000,  0,112,1
113,2007-02-20 20:41:20,121.401300,31.200300,  0, 90,1
113,2007-02-20 20:42:21,121.399100,31.200600, 54,135,1
113,2007-02-20 20:43:22,121.395600,31.201800, 14, 67,1
113,2007-02-20 20:44:23,121.401000,31.200000,  0, 45,1
113,2007-02-20 20:45:24,121.405000,31.198600,  0, 45,1
113,2007-02-20 20:46:25,121.404500,31.195300,  6, 90,1
113,2007-02-20 20:47:26,121.408800,31.196300, 52,  0,1
113,2007-02-20 20:48:27,121.411000,31.198000,  0, 45,1
113,2007-02-20 20:49:27,121.415100,31.197500, 58, 45,1
113,2007-02-20 20:50:29,121.417000,31.197100,  0, 45,1
113,2007-02-20 20:51:30,121.422100,31.196000, 64, 45,1
113,2007-02-20 20:52:31,121.426800,31.194100,  0, 67,1
113,2007-02-20 20:54:24,121.432100,31.195300,  0, 22,0
113,2007-02-20 20:55:25,121.433500,31.195600,  8, 45,0
113,2007-02-20 20:55:40,121.433600,31.195500, 16, 67,1
113,2007-02-20 20:56:41,121.432500,31.191000,  0,112,1
113,2007-02-20 20:57:42,121.432000,31.188100, 38, 90,1
113,2007-02-20 20:58:43,121.430600,31.182500,  0,112,1
113,2007-02-20 20:59:44,121.430800,31.182500,  0,112,1
113,2007-02-20 21:00:45,121.430300,31.177300, 58, 90,1
113,2007-02-20 21:01:46,121.430100,31.176000, 36, 90,1
113,2007-02-20 21:02:47,121.427100,31.170100, 62,135,1
113,2007-02-20 21:03:47,121.422300,31.169800, 46,135,1
113,2007-02-20 21:04:49,121.420300,31.169300, 24, 90,1
113,2007-02-20 21:05:03,121.420300,31.169000,  0, 90,0
113,2007-02-20 21:06:04,121.420100,31.166500, 18,135,0
113,2007-02-20 21:07:05,121.415000,31.166600, 24,112,0
113,2007-02-20 21:08:06,121.414100,31.166100,  0, 90,0
113,2007-02-20 21:08:11,121.414100,31.166100, 14, 90,1
113,2007-02-20 21:09:12,121.414600,31.163500,  0, 90,1
113,2007-02-20 21:10:13,121.412300,31.159500, 68,135,1
113,2007-02-20 21:11:08,121.409600,31.159600,  0, 45,0
113,2007-02-20 21:12:09,121.409600,31.159600,  0, 22,0
113,2007-02-20 21:13:10,121.409600,31.159600,  0, 22,0
113,2007-02-20 21:13:41,121.409500,31.159600, 12,135,1
113,2007-02-20 21:15:42,121.421100,31.161800, 38, 45,1
113,2007-02-20 21:16:42,121.424100,31.159300,  0, 67,1
113,2007-02-20 21:17:44,121.424100,31.159300,  0, 67,1
113,2007-02-20 21:18:45,121.424500,31.159100, 16, 45,1
113,2007-02-20 21:20:47,121.430800,31.177100, 60,  0,1
113,2007-02-20 21:21:47,121.430300,31.182100, 60,112,1
113,2007-02-20 21:22:49,121.419100,31.187100, 86,157,1
113,2007-02-20 21:23:50,121.412800,31.196100, 72,157,1
113,2007-02-20 21:25:52,121.412000,31.209800, 82, 45,1
113,2007-02-20 21:26:52,121.425300,31.213000, 78, 22,1
113,2007-02-20 21:27:54,121.436000,31.221000, 86, 45,1
113,2007-02-20 21:28:55,121.448100,31.224800, 76, 22,1
113,2007-02-20 21:29:56,121.461600,31.225500, 84, 45,1
113,2007-02-20 21:30:57,121.474100,31.230600, 80, 22,1
113,2007-02-20 21:31:57,121.477500,31.232300, 28, 22,1
113,2007-02-20 21:32:59,121.479100,31.232800,  4, 45,1
113,2007-02-20 21:34:00,121.481500,31.232800, 24, 45,1
113,2007-02-20 21:35:01,121.483800,31.233500, 20, 22,1
113,2007-02-20 21:36:02,121.485800,31.234300, 16, 22,1
113,2007-02-20 21:37:55,121.485800,31.239100,  8,  0,1
113,2007-02-20 21:38:56,121.485600,31.240800, 22,  0,1
113,2007-02-20 21:39:57,121.485600,31.243800, 52,  0,1
113,2007-02-20 21:40:57,121.486300,31.247000, 26, 22,1
113,2007-02-20 21:41:59,121.492000,31.249800, 40,157,1
113,2007-02-20 21:42:25,121.491500,31.250300,  0,157,0
113,2007-02-20 21:43:26,121.491500,31.250300,  0,157,0
113,2007-02-20 21:45:27,121.487300,31.248600,  0,112,0
113,2007-02-20 21:46:26,121.485300,31.247600, 32,135,1
113,2007-02-20 21:47:27,121.485600,31.242500, 48, 90,1
113,2007-02-20 21:48:27,121.485800,31.237600,  0, 90,1
113,2007-02-20 21:49:29,121.489600,31.232600, 60, 67,1
113,2007-02-20 21:51:31,121.497100,31.225600, 68, 67,1
113,2007-02-20 21:52:32,121.502100,31.216800, 48, 90,1
113,2007-02-20 21:53:32,121.498600,31.212500, 54,112,1
113,2007-02-20 21:54:34,121.497000,31.211500, 20,112,1
113,2007-02-20 21:57:37,121.485300,31.209000,  0, 90,1
113,2007-02-20 21:57:41,121.485300,31.209000,  0, 90,0
113,2007-02-20 21:59:42,121.485300,31.209800,  0,  0,0
113,2007-02-20 22:00:14,121.485300,31.210000, 12,  0,1
113,2007-02-20 22:01:14,121.481800,31.209300, 40,135,1
113,2007-02-20 22:02:15,121.476800,31.207800,  0,135,1
113,2007-02-20 22:03:16,121.473000,31.205800, 68,112,1
113,2007-02-20 22:04:17,121.470600,31.205100, 22,157,1
113,2007-02-20 22:05:17,121.469300,31.209000, 38,  0,1
113,2007-02-20 22:06:19,121.466000,31.215800, 66,  0,1
113,2007-02-20 22:07:20,121.466300,31.224600, 46,157,1
113,2007-02-20 22:08:21,121.462100,31.234000, 70,  0,1
113,2007-02-20 22:09:22,121.458600,31.242600, 52,  0,1
113,2007-02-20 22:10:22,121.457800,31.247600, 32,157,1
113,2007-02-20 22:11:24,121.452600,31.248800, 32,  0,1
113,2007-02-20 22:12:37,121.450300,31.250100,  0,157,0
113,2007-02-20 22:13:37,121.450300,31.250100,  0,157,0
113,2007-02-20 22:14:39,121.451000,31.248000,  8,135,0
113,2007-02-20 22:15:40,121.449300,31.247800,  0,135,0
113,2007-02-20 22:16:41,121.449300,31.247800,  0,135,0
113,2007-02-20 22:17:42,121.442300,31.246800, 72,135,0
113,2007-02-20 22:18:42,121.440300,31.246300,  0,135,0
113,2007-02-20 22:19:44,121.436800,31.245100,  0,112,0
113,2007-02-20 22:20:45,121.433100,31.242500,  0,112,0
113,2007-02-20 22:21:46,121.432500,31.242000, 26,112,0
113,2007-02-20 22:22:47,121.431000,31.240300, 26,112,0
113,2007-02-20 22:23:21,121.429000,31.239600, 18,135,1
113,2007-02-20 22:24:22,121.425300,31.235600,  0,112,1
113,2007-02-20 22:25:22,121.425300,31.235600,  0,112,1
113,2007-02-20 22:27:24,121.423000,31.226300,  0, 90,1
113,2007-02-20 22:28:25,121.420600,31.223600, 70,112,1
113,2007-02-20 22:30:27,121.412000,31.220000,  0,135,1
113,2007-02-20 22:31:28,121.406100,31.219000, 22,112,1
113,2007-02-20 22:33:30,121.407500,31.211500,  0, 90,1
113,2007-02-20 22:34:31,121.407300,31.210600, 24, 90,1
113,2007-02-20 22:34:48,121.406800,31.209800,  0, 90,0
113,2007-02-20 22:35:48,121.406800,31.208600,  0, 67,0
113,2007-02-20 22:36:49,121.407300,31.205100, 50, 90,0
113,2007-02-20 22:37:50,121.410800,31.198100,  0, 90,0
113,2007-02-20 22:38:51,121.414300,31.193800, 58, 67,0
113,2007-02-20 22:39:52,121.416100,31.191100,  4, 67,0
113,2007-02-20 22:40:53,121.420000,31.186000, 74, 67,0
113,2007-02-20 22:41:54,121.429800,31.180800, 68, 67,0
113,2007-02-20 22:42:55,121.430500,31.176500,  0, 90,0
113,2007-02-20 22:43:56,121.430300,31.175500, 58, 90,0
113,2007-02-20 22:44:57,121.429300,31.168600, 60, 90,0
113,2007-02-20 22:45:58,121.425100,31.160100, 52,112,0
113,2007-02-20 22:46:42,121.422600,31.158500, 20,135,1
113,2007-02-20 22:47:42,121.419300,31.154500,  0, 90,1
113,2007-02-20 22:48:43,121.418600,31.153800, 46,112,1
113,2007-02-20 22:49:44,121.410100,31.145600, 80,112,1
113,2007-02-20 22:51:46,121.399100,31.161500, 82,  0,1
113,2007-02-20 22:53:48,121.389800,31.184000, 80,  0,1
113,2007-02-20 22:54:49,121.384600,31.194600, 78,157,1
113,2007-02-20 22:56:51,121.380300,31.208800, 46, 45,1
113,2007-02-20 22:57:52,121.384600,31.209600, 24,  0,1
113,2007-02-20 22:58:21,121.383600,31.210300,  0,135,0
113,2007-02-20 22:59:22,121.384000,31.210100, 20, 67,0
113,2007-02-20 23:01:24,121.387000,31.203500, 46, 90,0
113,2007-02-20 23:02:25,121.382600,31.199600, 36,135,0
113,2007-02-20 23:03:26,121.384500,31.194500, 58, 67,0
113,2007-02-20 23:04:27,121.389100,31.184600, 64, 90,0
113,2007-02-20 23:05:28,121.390600,31.180100, 44, 90,0
113,2007-02-20 23:06:29,121.394300,31.169800, 76, 67,0
113,2007-02-20 23:07:19,121.399000,31.161300, 80, 90,0
113,2007-02-20 23:08:19,121.403000,31.151300, 76, 90,0
113,2007-02-20 23:09:20,121.408000,31.140600, 82, 67,0
113,2007-02-20 23:10:21,121.412100,31.135100, 34, 67,0
113,2007-02-20 23:11:22,121.413300,31.133600, 22, 67,0
113,2007-02-20 23:12:23,121.418100,31.126600, 60, 67,0
113,2007-02-20 23:13:24,121.421100,31.121600, 56, 90,0
113,2007-02-20 23:14:25,121.423600,31.114300, 70, 90,0
113,2007-02-20 23:15:26,121.425600,31.108500, 76, 90,0
113,2007-02-20 23:16:27,121.426600,31.105300, 22, 90,0
113,2007-02-20 23:17:28,121.430000,31.096300, 78, 90,0
113,2007-02-20 23:18:29,121.432300,31.090100, 72, 90,0
113,2007-02-20 23:19:30,121.435800,31.081100, 68, 90,0
113,2007-02-20 23:21:32,121.441100,31.067000, 78, 90,0
113,2007-02-20 23:22:33,121.443600,31.060100,  0, 90,0
113,2007-02-20 23:23:34,121.445600,31.055000, 32, 90,0
113,2007-02-20 23:24:35,121.448000,31.048800, 58, 90,0
113,2007-02-20 23:25:36,121.451100,31.040300, 26, 90,0
113,2007-02-20 23:26:37,121.441600,31.037100,  4,112,0
113,2007-02-20 23:27:38,121.440500,31.036800, 56,135,0
113,2007-02-20 23:28:39,121.428300,31.032800, 70,135,0
113,2007-02-20 23:29:40,121.425800,31.030500,  0, 90,0
113,2007-02-20 23:30:41,121.429500,31.023000, 84, 90,0
113,2007-02-20 23:31:42,121.435100,31.011800, 92, 67,0
113,2007-02-20 23:33:44,121.438800,30.995800, 68,112,0
113,2007-02-20 23:35:46,121.444000,30.976300, 78, 90,0
113,2007-02-20 23:36:47,121.447600,30.965500, 92, 90,0
113,2007-02-20 23:37:48,121.450100,30.958300, 76, 90,0
113,2007-02-20 23:38:49,121.454300,30.946300, 66, 90,0
113,2007-02-20 23:39:50,121.461100,30.946600, 92, 45,0
113,2007-02-20 23:40:51,121.476100,30.950500,102, 45,0
113,2007-02-20 23:42:53,121.487100,30.933500, 64, 90,0
113,2007-02-20 23:43:54,121.489800,30.924000, 60, 90,0
113,2007-02-20 23:44:55,121.490500,30.921000, 44, 90,0
113,2007-02-20 23:45:56,121.493300,30.914100, 50, 45,0
113,2007-02-20 23:46:57,121.501300,30.915300, 30, 90,0
113,2007-02-20 23:47:58,121.504500,30.913600,  0, 22,0
113,2007-02-20 23:50:01,121.504300,30.913800,  0, 90,0
113,2007-02-20 23:51:02,121.504300,30.913800,  0, 90,0
113,2007-02-20 23:52:02,121.504300,30.913800,  0, 90,0
113,2007-02-20 23:53:03,121.504300,30.913800,  0, 90,0
113,2007-02-20 23:54:04,121.504300,30.913800,  0, 90,0
113,2007-02-20 23:55:05,121.501500,30.913800, 36,  0,0
113,2007-02-20 23:56:06,121.494300,30.914300, 68,135,0
113,2007-02-20 23:57:07,121.493500,30.907500, 80, 90,0
113,2007-02-20 23:58:08,121.496000,30.899000, 26, 90,0
113,2007-02-20 23:59:09,121.487600,30.898000, 60,135,0
