126,2007-02-20 00:01:44,121.730800,30.964600,  0, 67,0
126,2007-02-20 00:02:45,121.730800,30.964600,  0, 67,0
126,2007-02-20 00:03:45,121.730800,30.964600,  0, 67,0
126,2007-02-20 00:04:46,121.730800,30.964600,  0, 67,0
126,2007-02-20 00:05:48,121.730800,30.964600,  0, 67,0
126,2007-02-20 00:06:49,121.730800,30.964600,  0, 67,0
126,2007-02-20 00:07:49,121.730800,30.964600,  0, 67,0
126,2007-02-20 00:08:50,121.730800,30.964600,  0, 67,0
126,2007-02-20 00:09:51,121.730800,30.964600,  0, 67,0
126,2007-02-20 00:10:53,121.730800,30.964600,  0, 67,0
126,2007-02-20 00:11:54,121.730800,30.964600,  0, 67,0
126,2007-02-20 00:12:55,121.730800,30.964600,  0, 67,0
126,2007-02-20 00:13:55,121.730800,30.964600,  0, 67,0
126,2007-02-20 00:14:56,121.730800,30.964600,  0, 67,0
126,2007-02-20 00:15:57,121.730800,30.964600,  0, 67,0
126,2007-02-20 00:16:58,121.730800,30.964600,  0, 67,0
126,2007-02-20 00:19:00,121.730800,30.964600,  0, 67,0
126,2007-02-20 00:20:01,121.730800,30.964600,  0, 67,0
126,2007-02-20 00:21:02,121.730800,30.964600,  0, 67,0
126,2007-02-20 00:22:03,121.730800,30.964600,  0, 67,0
126,2007-02-20 00:23:04,121.730800,30.964600,  0, 67,0
126,2007-02-20 00:24:05,121.730800,30.964600,  0, 67,0
126,2007-02-20 00:25:06,121.730800,30.964600,  0, 67,0
126,2007-02-20 00:26:07,121.730800,30.964600,  0, 67,0
126,2007-02-20 00:27:08,121.730800,30.964600,  0, 67,0
126,2007-02-20 00:28:09,121.730800,30.964600,  0, 67,0
126,2007-02-20 00:30:11,121.730800,30.964600,  0, 67,0
126,2007-02-20 00:31:12,121.730800,30.964600,  0, 67,0
126,2007-02-20 00:33:14,121.730800,30.964600,  0, 67,0
126,2007-02-20 00:35:16,121.730800,30.964600,  0, 67,0
126,2007-02-20 00:36:17,121.730800,30.964600,  0, 67,0
126,2007-02-20 00:38:19,121.730800,30.964600,  0, 67,0
126,2007-02-20 00:39:20,121.730800,30.964600,  0, 67,0
126,2007-02-20 00:40:21,121.730800,30.964600,  0, 67,0
126,2007-02-20 00:41:22,121.730800,30.964600,  0, 67,0
126,2007-02-20 00:42:23,121.730800,30.964600,  0, 67,0
126,2007-02-20 00:43:24,121.730800,30.964600,  0, 67,0
126,2007-02-20 00:44:25,121.730800,30.964600,  0, 67,0
126,2007-02-20 00:45:26,121.730800,30.964600,  0, 67,0
126,2007-02-20 00:46:27,121.730800,30.964600,  0, 67,0
126,2007-02-20 00:47:28,121.730800,30.964600,  0, 67,0
126,2007-02-20 00:48:29,121.730800,30.964600,  0, 67,0
126,2007-02-20 00:49:30,121.730800,30.964600,  0, 67,0
126,2007-02-20 00:50:31,121.730800,30.964600,  0, 67,0
126,2007-02-20 00:51:32,121.730800,30.964600,  0, 67,0
126,2007-02-20 00:52:33,121.730800,30.964600,  0, 67,0
126,2007-02-20 00:53:34,121.730800,30.964600,  0, 67,0
126,2007-02-20 00:54:35,121.730800,30.964600,  0, 67,0
126,2007-02-20 00:55:36,121.730800,30.964600,  0, 67,0
126,2007-02-20 00:56:37,121.730800,30.964600,  0, 67,0
126,2007-02-20 00:57:38,121.730800,30.964600,  0, 67,0
126,2007-02-20 00:58:39,121.730800,30.964600,  0, 67,0
126,2007-02-20 00:59:40,121.730800,30.964600,  0, 67,0
126,2007-02-20 01:00:41,121.730800,30.964600,  0, 67,0
126,2007-02-20 01:01:42,121.730800,30.964600,  0, 67,0
126,2007-02-20 01:02:43,121.730800,30.964600,  0, 67,0
126,2007-02-20 01:03:44,121.730800,30.964600,  0, 67,0
126,2007-02-20 01:04:45,121.730800,30.964600,  0, 67,0
126,2007-02-20 01:05:46,121.730800,30.964600,  0, 67,0
126,2007-02-20 01:06:47,121.730800,30.964600,  0, 67,0
126,2007-02-20 01:07:48,121.730800,30.964600,  0, 67,0
126,2007-02-20 01:08:49,121.730800,30.964600,  0, 67,0
126,2007-02-20 01:09:50,121.730800,30.964600,  0, 67,0
126,2007-02-20 01:10:51,121.730800,30.964600,  0, 67,0
126,2007-02-20 01:11:52,121.730800,30.964600,  0, 67,0
126,2007-02-20 01:12:53,121.730800,30.964600,  0, 67,0
126,2007-02-20 01:13:54,121.730800,30.964600,  0, 67,0
126,2007-02-20 01:14:55,121.730800,30.964600,  0, 67,0
126,2007-02-20 01:15:56,121.730800,30.964600,  0, 67,0
126,2007-02-20 01:16:57,121.730800,30.964600,  0, 67,0
126,2007-02-20 01:18:59,121.730800,30.964600,  0, 67,0
126,2007-02-20 01:20:00,121.730800,30.964600,  0, 67,0
126,2007-02-20 01:21:01,121.730800,30.964600,  0, 67,0
126,2007-02-20 01:22:02,121.730800,30.964600,  0, 67,0
126,2007-02-20 01:23:03,121.730800,30.964600,  0, 67,0
126,2007-02-20 01:24:04,121.730800,30.964600,  0, 67,0
126,2007-02-20 01:25:05,121.730800,30.964600,  0, 67,0
126,2007-02-20 01:26:06,121.730800,30.964600,  0, 67,0
126,2007-02-20 01:27:07,121.730800,30.964600,  0, 67,0
126,2007-02-20 01:28:08,121.730800,30.964600,  0, 67,0
126,2007-02-20 01:29:09,121.730800,30.964600,  0, 67,0
126,2007-02-20 01:30:10,121.730800,30.964600,  0, 67,0
126,2007-02-20 01:31:11,121.730800,30.964600,  0, 67,0
126,2007-02-20 01:32:12,121.730800,30.964600,  0, 67,0
126,2007-02-20 01:34:14,121.730800,30.964600,  0, 67,0
126,2007-02-20 01:35:15,121.730800,30.964600,  0, 67,0
126,2007-02-20 01:37:17,121.730800,30.964600,  0, 67,0
126,2007-02-20 01:38:18,121.730800,30.964600,  0, 67,0
126,2007-02-20 01:39:19,121.730800,30.964600,  0, 67,0
126,2007-02-20 01:40:20,121.730800,30.964600,  0, 67,0
126,2007-02-20 01:42:22,121.730800,30.964600,  0, 67,0
126,2007-02-20 01:43:23,121.730800,30.964600,  0, 67,0
126,2007-02-20 01:44:24,121.730800,30.964600,  0, 67,0
126,2007-02-20 01:45:25,121.730800,30.964600,  0, 67,0
126,2007-02-20 01:46:26,121.730800,30.964600,  0, 67,0
126,2007-02-20 01:47:27,121.730800,30.964600,  0, 67,0
126,2007-02-20 01:48:28,121.730800,30.964600,  0, 67,0
126,2007-02-20 01:49:29,121.730800,30.964600,  0, 67,0
126,2007-02-20 01:50:30,121.730800,30.964600,  0, 67,0
126,2007-02-20 01:51:31,121.730800,30.964600,  0, 67,0
126,2007-02-20 01:52:32,121.730800,30.964600,  0, 67,0
126,2007-02-20 01:53:33,121.730800,30.964600,  0, 67,0
126,2007-02-20 01:54:34,121.730800,30.964600,  0, 67,0
126,2007-02-20 01:55:35,121.730800,30.964600,  0, 67,0
126,2007-02-20 01:56:36,121.730800,30.964600,  0, 67,0
126,2007-02-20 01:57:37,121.730800,30.964600,  0, 67,0
126,2007-02-20 01:58:38,121.730800,30.964600,  0, 67,0
126,2007-02-20 01:59:39,121.730800,30.964600,  0, 67,0
126,2007-02-20 02:00:40,121.730800,30.964600,  0, 67,0
126,2007-02-20 02:01:41,121.730800,30.964600,  0, 67,0
126,2007-02-20 02:02:42,121.730800,30.964600,  0, 67,0
126,2007-02-20 02:03:43,121.730800,30.964600,  0, 67,0
126,2007-02-20 02:04:44,121.730800,30.964600,  0, 67,0
126,2007-02-20 02:05:45,121.730800,30.964600,  0, 67,0
126,2007-02-20 02:06:46,121.730800,30.964600,  0, 67,0
126,2007-02-20 02:07:47,121.730800,30.964600,  0, 67,0
126,2007-02-20 02:08:48,121.730800,30.964600,  0, 67,0
126,2007-02-20 02:09:49,121.730800,30.964600,  0, 67,0
126,2007-02-20 02:10:50,121.730800,30.964600,  0, 67,0
126,2007-02-20 02:11:51,121.730800,30.964600,  0, 67,0
126,2007-02-20 02:12:52,121.730800,30.964600,  0, 67,0
126,2007-02-20 02:14:54,121.730800,30.964600,  0, 67,0
126,2007-02-20 02:15:55,121.730800,30.964600,  0, 67,0
126,2007-02-20 02:16:56,121.730800,30.964600,  0, 67,0
126,2007-02-20 02:17:57,121.730800,30.964600,  0, 67,0
126,2007-02-20 02:18:58,121.730800,30.964600,  0, 67,0
126,2007-02-20 02:19:59,121.730800,30.964600,  0, 67,0
126,2007-02-20 02:21:00,121.730800,30.964600,  0, 67,0
126,2007-02-20 02:24:03,121.730800,30.964600,  0, 67,0
126,2007-02-20 02:25:04,121.730800,30.964600,  0, 67,0
126,2007-02-20 02:26:05,121.730800,30.964600,  0, 67,0
126,2007-02-20 02:27:06,121.730800,30.964600,  0, 67,0
126,2007-02-20 07:28:37,121.709600,31.022800, 64,  0,0
126,2007-02-20 07:28:52,121.709800,31.024300,  6,  0,0
126,2007-02-20 07:29:08,121.710000,31.025300, 58,  0,0
126,2007-02-20 07:29:24,121.710100,31.027800, 54,  0,0
126,2007-02-20 07:29:40,121.710300,31.029600, 74,  0,0
126,2007-02-20 07:29:56,121.710500,31.033000, 90,  0,0
126,2007-02-20 07:30:12,121.710500,31.036100, 56,  0,0
126,2007-02-20 07:31:29,121.710300,31.039100,  0,  0,0
126,2007-02-20 07:32:28,121.710300,31.040100, 54,  0,0
126,2007-02-20 07:32:44,121.710300,31.043000, 98,  0,0
126,2007-02-20 07:33:00,121.710300,31.047000,108,  0,0
126,2007-02-20 07:33:16,121.710100,31.051000, 86,  0,0
126,2007-02-20 07:33:32,121.710000,31.053800, 84,  0,0
126,2007-02-20 07:33:48,121.710000,31.057000, 86,  0,0
126,2007-02-20 07:34:20,121.709300,31.063300, 90,  0,0
126,2007-02-20 07:34:52,121.708600,31.069500, 76,  0,0
126,2007-02-20 07:35:08,121.708300,31.072500, 90,  0,0
126,2007-02-20 07:35:24,121.708000,31.076000, 86,  0,0
126,2007-02-20 07:35:40,121.707500,31.079300, 92,  0,0
126,2007-02-20 07:35:56,121.707000,31.082500, 70,  0,0
126,2007-02-20 07:36:12,121.706500,31.085000, 72,  0,0
126,2007-02-20 07:36:28,121.705800,31.088500, 98,  0,0
126,2007-02-20 07:36:44,121.705500,31.092100, 94,  0,0
126,2007-02-20 07:37:00,121.705100,31.095500, 88,  0,0
126,2007-02-20 07:37:16,121.704500,31.098600, 78,  0,0
126,2007-02-20 07:37:32,121.703600,31.101100, 74,  0,0
126,2007-02-20 07:37:48,121.702600,31.104000, 90,  0,0
126,2007-02-20 07:38:04,121.701500,31.107300, 58,  0,0
126,2007-02-20 07:38:20,121.700500,31.110100, 92,  0,0
126,2007-02-20 07:38:36,121.699100,31.113600,100,  0,0
126,2007-02-20 07:38:52,121.697500,31.117100, 88,  0,0
126,2007-02-20 07:39:08,121.696600,31.119000, 58,157,0
126,2007-02-20 07:39:24,121.695500,31.121300, 70,157,0
126,2007-02-20 07:39:40,121.694100,31.124000, 80,157,0
126,2007-02-20 07:39:56,121.693000,31.126800, 80,157,0
126,2007-02-20 07:40:12,121.691600,31.129600, 78,  0,0
126,2007-02-20 07:40:28,121.690800,31.132000, 62,  0,0
126,2007-02-20 07:40:44,121.690300,31.134800, 94,  0,0
126,2007-02-20 07:41:16,121.689500,31.142000, 90,  0,0
126,2007-02-20 07:41:32,121.689000,31.145500,102,  0,0
126,2007-02-20 07:41:48,121.688500,31.149800,120,  0,0
126,2007-02-20 07:42:20,121.687800,31.156800, 74,  0,0
126,2007-02-20 07:42:36,121.687500,31.160300, 88,  0,0
126,2007-02-20 07:42:52,121.687300,31.161600,  0,  0,0
126,2007-02-20 07:43:20,121.686100,31.161500, 60,112,0
126,2007-02-20 07:43:36,121.682600,31.160300,102,135,0
126,2007-02-20 07:43:52,121.678800,31.159300, 86,135,0
126,2007-02-20 07:44:08,121.675300,31.158300, 84,135,0
126,2007-02-20 07:44:40,121.672100,31.160100, 74,  0,0
126,2007-02-20 07:44:56,121.671500,31.161800, 10,157,0
126,2007-02-20 07:45:18,121.671100,31.162800, 56,157,0
126,2007-02-20 07:45:34,121.670000,31.165600, 82,  0,0
126,2007-02-20 07:45:50,121.668600,31.166100, 58,135,0
126,2007-02-20 07:46:28,121.665500,31.165300, 28,  0,0
126,2007-02-20 07:46:44,121.665000,31.166600, 50,  0,0
126,2007-02-20 07:47:00,121.664500,31.168300, 44,  0,0
126,2007-02-20 07:47:16,121.663800,31.170100, 50,  0,0
126,2007-02-20 07:47:32,121.663000,31.172000, 54,  0,0
126,2007-02-20 07:47:48,121.662300,31.174000, 56,  0,0
126,2007-02-20 07:48:04,121.661800,31.176000, 52,  0,0
126,2007-02-20 07:48:20,121.661300,31.178100, 56,  0,0
126,2007-02-20 07:48:36,121.661800,31.180300, 68,  0,0
126,2007-02-20 07:48:52,121.661600,31.182500, 54,  0,0
126,2007-02-20 07:49:08,121.661100,31.184000, 38,  0,0
126,2007-02-20 07:49:24,121.660600,31.186000, 56,  0,0
126,2007-02-20 07:49:56,121.660600,31.188800, 40, 45,0
126,2007-02-20 07:50:12,121.660500,31.190100, 58,  0,0
126,2007-02-20 07:50:28,121.659800,31.192500, 56,  0,0
126,2007-02-20 07:50:44,121.659300,31.194500, 46,  0,0
126,2007-02-20 07:51:00,121.658800,31.196000, 30,  0,0
126,2007-02-20 07:51:31,121.658000,31.196300, 46,135,0
126,2007-02-20 07:51:47,121.655100,31.195600, 84,135,0
126,2007-02-20 07:52:03,121.651500,31.194600, 92,135,0
126,2007-02-20 07:52:19,121.648000,31.193600, 58,135,0
126,2007-02-20 07:52:35,121.646800,31.193300,  0,112,0
126,2007-02-20 07:53:02,121.645800,31.192800, 62,112,0
126,2007-02-20 07:53:18,121.642800,31.191800, 82,135,0
126,2007-02-20 07:53:34,121.639500,31.190800, 94,135,0
126,2007-02-20 07:53:50,121.635300,31.190100, 94,135,0
126,2007-02-20 07:54:06,121.632000,31.189500, 66,135,0
126,2007-02-20 07:54:22,121.628300,31.188800, 94,135,0
126,2007-02-20 07:54:54,121.626300,31.187000, 40, 90,0
126,2007-02-20 07:55:10,121.626300,31.185600, 40, 90,0
126,2007-02-20 07:55:26,121.626300,31.184100, 42, 90,0
126,2007-02-20 07:55:42,121.626500,31.183100, 14, 90,0
126,2007-02-20 07:55:59,121.626500,31.182100, 30, 90,0
126,2007-02-20 07:56:15,121.626500,31.180800, 28, 90,0
126,2007-02-20 07:56:31,121.626600,31.179800, 22, 67,0
126,2007-02-20 07:56:51,121.627000,31.180100, 20,135,0
126,2007-02-20 07:57:23,121.626600,31.181000, 20,  0,0
126,2007-02-20 07:57:39,121.626500,31.182000, 30,  0,0
126,2007-02-20 07:57:58,121.626600,31.183000, 12,  0,0
126,2007-02-20 07:58:15,121.626500,31.184000, 24,  0,0
126,2007-02-20 07:58:31,121.626500,31.185100, 30,  0,0
126,2007-02-20 07:58:47,121.626500,31.186600, 42,  0,0
126,2007-02-20 07:59:03,121.626300,31.188100, 24,  0,0
126,2007-02-20 07:59:22,121.625500,31.188300, 42,112,0
126,2007-02-20 07:59:38,121.623300,31.187300, 68,112,0
126,2007-02-20 07:59:54,121.620500,31.185800, 56,112,0
126,2007-02-20 08:00:10,121.618300,31.184800, 44,112,0
126,2007-02-20 08:00:26,121.616100,31.183500, 76,112,0
126,2007-02-20 08:00:42,121.612800,31.181800, 84,112,0
126,2007-02-20 08:00:58,121.609600,31.180300, 62,112,0
126,2007-02-20 08:01:14,121.607000,31.179100, 88,112,0
126,2007-02-20 08:01:30,121.603500,31.177800, 74,112,0
126,2007-02-20 08:01:46,121.600300,31.176600, 86,112,0
126,2007-02-20 08:02:02,121.597500,31.175600, 52,112,0
126,2007-02-20 08:02:18,121.594500,31.175000, 72,135,0
126,2007-02-20 08:02:34,121.591000,31.174300, 80,135,0
126,2007-02-20 08:02:50,121.587800,31.173600, 60,135,0
126,2007-02-20 08:03:06,121.585600,31.173100, 46,112,0
126,2007-02-20 08:03:22,121.582800,31.172000, 66,112,0
126,2007-02-20 08:04:04,121.580000,31.170800, 58,112,0
126,2007-02-20 08:04:20,121.577000,31.169600, 82,112,0
126,2007-02-20 08:04:36,121.574300,31.168600, 64,112,0
126,2007-02-20 08:04:52,121.572600,31.168000, 42,112,0
126,2007-02-20 08:05:08,121.570600,31.167300, 62,135,0
126,2007-02-20 08:05:40,121.565100,31.165600, 60,135,0
126,2007-02-20 08:05:56,121.563800,31.166300, 60,  0,0
126,2007-02-20 08:06:12,121.562800,31.168800, 68,157,0
126,2007-02-20 08:06:28,121.561800,31.171100, 68,  0,0
126,2007-02-20 08:06:44,121.560600,31.174000, 84,  0,0
126,2007-02-20 08:07:00,121.559600,31.176300, 40,157,0
126,2007-02-20 08:07:16,121.558600,31.178100, 54,  0,0
126,2007-02-20 08:07:32,121.558300,31.180500, 62,  0,0
126,2007-02-20 08:07:48,121.558100,31.181800, 28, 45,0
126,2007-02-20 08:08:04,121.560000,31.182000, 26, 45,0
126,2007-02-20 08:08:22,121.559100,31.182000, 50,135,0
126,2007-02-20 08:08:38,121.557800,31.182300, 46,  0,0
126,2007-02-20 08:08:54,121.556600,31.183100, 50,135,0
126,2007-02-20 08:09:10,121.554600,31.183000, 40,135,0
126,2007-02-20 08:09:26,121.553100,31.182600, 48,135,0
126,2007-02-20 08:09:42,121.551300,31.182800, 42,  0,0
126,2007-02-20 08:09:58,121.550800,31.184100, 20,157,0
126,2007-02-20 08:10:14,121.550600,31.185300, 28, 45,0
126,2007-02-20 08:10:30,121.552800,31.185600, 50, 45,0
126,2007-02-20 08:10:46,121.554500,31.186000, 36, 45,0
126,2007-02-20 08:11:02,121.556100,31.186100, 30, 45,0
126,2007-02-20 08:11:18,121.557000,31.184800, 52, 90,0
126,2007-02-20 08:11:34,121.557300,31.183100, 30,112,0
126,2007-02-20 08:11:50,121.555300,31.183000, 50,135,0
126,2007-02-20 08:12:51,121.554300,31.182800,  0,135,0
126,2007-02-20 08:13:52,121.554300,31.182800,  0,135,0
126,2007-02-20 08:14:53,121.554100,31.183000, 20,157,0
126,2007-02-20 08:15:09,121.554000,31.184300, 38,  0,0
126,2007-02-20 08:15:25,121.553500,31.185500, 30,  0,0
126,2007-02-20 08:15:45,121.553800,31.185100, 40, 90,0
126,2007-02-20 08:16:01,121.554000,31.183600, 46, 90,0
126,2007-02-20 08:16:17,121.553800,31.182600, 40,112,0
126,2007-02-20 08:16:33,121.551800,31.182600, 32,135,0
126,2007-02-20 08:17:21,121.550100,31.186000, 62,  0,0
126,2007-02-20 08:17:37,121.549100,31.188800, 86,  0,0
126,2007-02-20 08:17:53,121.548100,31.191100, 50,157,0
126,2007-02-20 08:18:09,121.547300,31.192300, 38,157,0
126,2007-02-20 08:18:47,121.549500,31.193100, 12, 45,0
126,2007-02-20 08:19:03,121.550600,31.193300, 54, 45,0
126,2007-02-20 08:19:19,121.552800,31.193800, 46, 45,0
126,2007-02-20 08:19:35,121.554300,31.194100, 28, 45,0
126,2007-02-20 08:20:09,121.554600,31.194100, 20, 22,1
126,2007-02-20 08:21:10,121.553100,31.200600, 58,157,1
126,2007-02-20 08:22:11,121.551800,31.204600, 38,  0,1
126,2007-02-20 08:23:12,121.551500,31.207000, 52,  0,1
126,2007-02-20 08:24:13,121.550600,31.211300, 38,  0,1
126,2007-02-20 08:25:14,121.541800,31.210300,  0,135,1
126,2007-02-20 08:26:15,121.534500,31.211800, 64,135,1
126,2007-02-20 08:28:17,121.524600,31.216600, 32,157,1
126,2007-02-20 08:29:18,121.523600,31.224600, 48,  0,1
126,2007-02-20 08:30:19,121.519000,31.234800, 68,157,1
126,2007-02-20 08:31:20,121.514800,31.243000,  0,157,1
126,2007-02-20 08:32:21,121.514800,31.243000,  0,157,1
126,2007-02-20 08:33:22,121.510000,31.258500,  4,157,1
126,2007-02-20 08:34:23,121.508800,31.259800,  0,157,1
126,2007-02-20 08:36:25,121.512100,31.254600, 30, 90,1
126,2007-02-20 08:37:26,121.506500,31.252100, 26, 90,1
126,2007-02-20 08:37:32,121.506500,31.251800, 16, 90,0
126,2007-02-20 08:37:47,121.506500,31.250600, 26, 90,0
126,2007-02-20 08:38:19,121.506500,31.248800, 20, 90,0
126,2007-02-20 08:38:40,121.506800,31.253000, 24,157,0
126,2007-02-20 08:38:56,121.505500,31.254000, 46,157,0
126,2007-02-20 08:39:55,121.504500,31.254500, 40,157,0
126,2007-02-20 08:40:11,121.503800,31.255500,  4,157,0
126,2007-02-20 08:41:11,121.502800,31.255800, 46,135,0
126,2007-02-20 08:41:27,121.501100,31.255100, 12,112,0
126,2007-02-20 08:41:53,121.500000,31.254600, 42,112,0
126,2007-02-20 08:42:09,121.497800,31.253800, 50,112,0
126,2007-02-20 08:42:38,121.496800,31.254800,  0,157,0
126,2007-02-20 08:43:08,121.496000,31.254800, 42,112,0
126,2007-02-20 08:43:31,121.495300,31.255100, 12,157,0
126,2007-02-20 08:44:32,121.495100,31.255300,  0,157,0
126,2007-02-20 08:45:33,121.495100,31.255300,  0,157,0
126,2007-02-20 08:46:34,121.495100,31.255300,  0,157,0
126,2007-02-20 08:47:35,121.495100,31.255300,  0,157,0
126,2007-02-20 08:48:36,121.495100,31.255300,  0,157,0
126,2007-02-20 08:49:37,121.495100,31.255300,  0,157,0
126,2007-02-20 08:52:07,121.498800,31.255600, 20, 45,0
126,2007-02-20 08:52:23,121.500100,31.256100, 14, 22,0
126,2007-02-20 08:52:52,121.501100,31.256600, 40, 45,0
126,2007-02-20 08:53:08,121.502500,31.256800, 26, 22,0
126,2007-02-20 08:53:40,121.504500,31.258600, 38, 22,0
126,2007-02-20 08:53:56,121.505500,31.259500, 30, 22,0
126,2007-02-20 08:54:19,121.506100,31.260300, 42, 22,0
126,2007-02-20 08:55:37,121.513600,31.253100,  0, 67,0
126,2007-02-20 08:57:39,121.513600,31.253100,  0, 67,0
126,2007-02-20 08:58:11,121.514800,31.237600, 64,157,0
126,2007-02-20 08:58:27,121.513600,31.238800, 36,112,0
126,2007-02-20 08:58:43,121.511800,31.238100, 32,112,0
126,2007-02-20 08:58:59,121.509800,31.237300, 66,112,0
126,2007-02-20 08:59:15,121.507800,31.237100, 50,157,0
126,2007-02-20 08:59:31,121.507000,31.238800, 26,157,0
126,2007-02-20 09:00:03,121.508500,31.240600, 24, 45,0
126,2007-02-20 09:00:19,121.509000,31.239600,  8,  0,0
126,2007-02-20 09:02:19,121.514000,31.242000, 78, 45,1
126,2007-02-20 09:03:20,121.519100,31.242500, 16, 45,1
126,2007-02-20 09:04:21,121.524000,31.242600, 70, 45,1
126,2007-02-20 09:06:59,121.546600,31.249000,  0, 67,0
126,2007-02-20 09:07:33,121.547500,31.248500, 52, 67,0
126,2007-02-20 09:07:49,121.549600,31.247300, 54, 67,0
126,2007-02-20 09:08:05,121.551000,31.246500, 46, 67,0
126,2007-02-20 09:08:37,121.554600,31.243300, 58, 67,0
126,2007-02-20 09:08:53,121.555600,31.241500, 42, 67,0
126,2007-02-20 09:09:09,121.557300,31.242300, 44, 22,0
126,2007-02-20 09:09:25,121.559000,31.243100, 46, 22,0
126,2007-02-20 09:09:41,121.561100,31.245100, 68, 22,0
126,2007-02-20 09:09:57,121.562500,31.245600, 40, 67,0
126,2007-02-20 09:10:13,121.563600,31.244100, 54, 67,0
126,2007-02-20 09:10:29,121.564600,31.242600, 26,112,0
126,2007-02-20 09:10:45,121.563100,31.242000, 32,112,0
126,2007-02-20 09:11:12,121.563000,31.241800, 30, 22,0
126,2007-02-20 09:11:44,121.565500,31.241800, 52, 67,0
126,2007-02-20 09:12:06,121.566100,31.241100, 14,  0,0
126,2007-02-20 09:12:26,121.565500,31.242000, 52,157,0
126,2007-02-20 09:12:42,121.565500,31.243100, 10, 22,0
126,2007-02-20 09:13:29,121.565600,31.243100, 22, 22,1
126,2007-02-20 09:14:29,121.570100,31.242100, 20, 67,1
126,2007-02-20 09:15:30,121.568100,31.240800, 76,112,1
126,2007-02-20 09:16:31,121.553000,31.233300, 42,112,1
126,2007-02-20 09:17:32,121.554300,31.227800, 42, 90,1
126,2007-02-20 09:18:33,121.554600,31.224500, 44,112,1
126,2007-02-20 09:21:36,121.535100,31.209100,  0, 90,1
126,2007-02-20 09:22:37,121.534600,31.208100, 56, 90,1
126,2007-02-20 09:23:38,121.531600,31.204800, 30, 90,1
126,2007-02-20 09:24:20,121.532100,31.201300,  0,112,0
126,2007-02-20 09:24:36,121.532100,31.201100,  0,112,0
126,2007-02-20 09:26:27,121.531800,31.201000,  0, 45,0
126,2007-02-20 09:27:28,121.531800,31.201000,  0, 45,0
126,2007-02-20 09:28:29,121.531800,31.201000,  0, 45,0
126,2007-02-20 09:29:30,121.531800,31.201000,  0, 45,0
126,2007-02-20 09:30:31,121.532000,31.201000,  0, 45,0
126,2007-02-20 09:32:33,121.532000,31.201000,  0, 45,0
126,2007-02-20 09:33:34,121.532000,31.201100,  0, 45,0
126,2007-02-20 09:35:36,121.532000,31.200800,  0, 90,0
126,2007-02-20 09:36:37,121.532000,31.200600,  0, 90,0
126,2007-02-20 09:37:38,121.532000,31.200600,  0, 90,0
126,2007-02-20 09:38:39,121.532100,31.201500,  0, 22,0
126,2007-02-20 09:39:40,121.532000,31.200300,  0, 90,0
126,2007-02-20 09:40:41,121.532000,31.200800,  0, 22,0
126,2007-02-20 09:42:43,121.532300,31.201300,  0, 22,0
126,2007-02-20 09:43:44,121.532300,31.201500,  0, 22,0
126,2007-02-20 09:45:34,121.532300,31.201600, 16, 22,1
126,2007-02-20 09:46:34,121.537500,31.204300, 66, 22,1
126,2007-02-20 09:47:35,121.539500,31.206100,  0, 22,1
126,2007-02-20 09:48:36,121.540600,31.206800, 60, 45,1
126,2007-02-20 09:49:37,121.547100,31.208500, 36,  0,1
126,2007-02-20 09:50:27,121.547000,31.211100,  0, 45,0
126,2007-02-20 09:50:43,121.547000,31.211100,  0, 45,0
126,2007-02-20 09:51:08,121.548100,31.211300, 58, 45,0
126,2007-02-20 09:51:24,121.550500,31.211500, 42, 45,0
126,2007-02-20 09:51:40,121.551000,31.209100, 42, 90,0
126,2007-02-20 09:51:56,121.548600,31.208300, 74,135,0
126,2007-02-20 09:53:13,121.547500,31.207100,  0, 90,0
126,2007-02-20 09:53:55,121.547600,31.206100, 42, 90,0
126,2007-02-20 09:54:11,121.546500,31.205100, 52,135,0
126,2007-02-20 09:54:27,121.545000,31.204800, 28,  0,0
126,2007-02-20 09:54:43,121.544100,31.206600, 62,157,0
126,2007-02-20 09:54:59,121.544000,31.207800, 40, 45,0
126,2007-02-20 09:55:15,121.545800,31.208100, 48, 45,0
126,2007-02-20 09:55:50,121.547000,31.208100, 14, 45,0
126,2007-02-20 09:56:06,121.549100,31.208500, 54, 22,0
126,2007-02-20 09:56:22,121.551100,31.208600, 46, 90,0
126,2007-02-20 09:56:38,121.551300,31.207100, 16, 90,0
126,2007-02-20 09:57:01,121.552000,31.206600, 20, 67,0
126,2007-02-20 09:57:48,121.552100,31.206600, 24,135,0
126,2007-02-20 09:58:49,121.551600,31.207000,  0,135,0
126,2007-02-20 09:59:50,121.551500,31.206300,  6, 90,0
126,2007-02-20 10:00:06,121.551600,31.205500, 40, 90,0
126,2007-02-20 10:00:22,121.551800,31.204000, 38, 90,0
126,2007-02-20 10:00:38,121.552100,31.202300, 42, 90,0
126,2007-02-20 10:00:54,121.553000,31.200800, 48, 67,0
126,2007-02-20 10:01:10,121.553600,31.199100, 48, 90,0
126,2007-02-20 10:01:26,121.553800,31.197800, 28,112,0
126,2007-02-20 10:01:42,121.552100,31.197600, 38,135,0
126,2007-02-20 10:01:58,121.550500,31.197000, 46,135,0
126,2007-02-20 10:02:21,121.549800,31.196800, 12,112,1
126,2007-02-20 10:03:22,121.544500,31.198100, 62,  0,1
126,2007-02-20 10:05:24,121.536300,31.208800, 68,157,1
126,2007-02-20 10:06:25,121.535600,31.209100,  0,135,1
126,2007-02-20 10:07:26,121.527800,31.210000, 38,157,1
126,2007-02-20 10:08:27,121.528800,31.213100,  0,  0,1
126,2007-02-20 10:09:28,121.528300,31.213500, 42,135,1
126,2007-02-20 10:09:51,121.525800,31.213600,  0,135,0
126,2007-02-20 10:10:06,121.525800,31.213600,  0,135,0
126,2007-02-20 10:10:41,121.526600,31.213600, 52, 45,0
126,2007-02-20 10:11:13,121.527600,31.211100, 90, 90,0
126,2007-02-20 10:11:29,121.526800,31.209300, 12, 90,0
126,2007-02-20 10:13:28,121.526300,31.208100,  0, 90,0
126,2007-02-20 10:14:29,121.526500,31.208100,  0, 90,0
126,2007-02-20 10:15:41,121.522500,31.197800, 80, 90,1
126,2007-02-20 10:16:42,121.520600,31.193300, 68, 90,1
126,2007-02-20 10:17:43,121.517600,31.185600, 54, 90,1
126,2007-02-20 10:18:44,121.515000,31.179100, 82, 90,1
126,2007-02-20 10:19:45,121.510100,31.175100, 56,135,1
126,2007-02-20 10:20:46,121.506300,31.174800, 18,135,1
126,2007-02-20 10:21:47,121.499800,31.174100, 60,135,1
126,2007-02-20 10:23:49,121.488600,31.173100,  0,135,1
126,2007-02-20 10:24:57,121.486800,31.173800,  0,  0,0
126,2007-02-20 10:25:58,121.486800,31.173800,  0,  0,0
126,2007-02-20 10:26:53,121.487100,31.172800, 22, 45,0
126,2007-02-20 10:27:09,121.488600,31.173100, 52, 45,0
126,2007-02-20 10:27:25,121.490300,31.173100, 22, 45,0
126,2007-02-20 10:28:07,121.491500,31.173300, 28, 45,0
126,2007-02-20 10:28:23,121.493500,31.173500, 52, 45,0
126,2007-02-20 10:28:39,121.495100,31.173600, 14, 45,0
126,2007-02-20 10:29:12,121.496300,31.173800, 52, 45,0
126,2007-02-20 10:29:28,121.498800,31.174000, 68, 45,0
126,2007-02-20 10:29:44,121.501800,31.174300, 64, 45,0
126,2007-02-20 10:30:17,121.503000,31.174500, 12, 45,0
126,2007-02-20 10:30:52,121.503600,31.174500, 20, 45,1
126,2007-02-20 10:31:53,121.509100,31.175000, 42, 45,1
126,2007-02-20 10:32:54,121.514500,31.173500, 80, 90,1
126,2007-02-20 10:33:55,121.516000,31.168800, 62, 90,1
126,2007-02-20 10:34:56,121.517300,31.165000, 46, 90,1
126,2007-02-20 10:35:57,121.518800,31.161800,  0, 67,1
126,2007-02-20 10:36:58,121.525500,31.152300, 76, 67,1
126,2007-02-20 10:37:59,121.522800,31.149800, 28,112,1
126,2007-02-20 10:38:35,121.521300,31.148500,  0, 67,0
126,2007-02-20 10:38:50,121.521300,31.148500,  0, 67,0
126,2007-02-20 10:39:50,121.521500,31.149300, 44, 45,0
126,2007-02-20 10:40:06,121.523000,31.149500, 34, 67,0
126,2007-02-20 10:40:38,121.525100,31.146000, 38, 90,0
126,2007-02-20 10:40:54,121.523600,31.145500, 38,135,0
126,2007-02-20 10:41:10,121.521300,31.145000, 44,135,0
126,2007-02-20 10:41:26,121.519100,31.144300, 50,135,0
126,2007-02-20 10:41:42,121.517800,31.144100, 14,135,0
126,2007-02-20 10:41:58,121.516800,31.144600, 32,157,0
126,2007-02-20 10:42:59,121.516500,31.145000,  0,157,0
126,2007-02-20 10:43:39,121.516600,31.144800, 34, 67,1
126,2007-02-20 10:44:39,121.510500,31.140600, 62,112,1
126,2007-02-20 10:46:41,121.513500,31.133600, 50, 67,1
126,2007-02-20 10:47:42,121.517100,31.128800, 34, 45,1
126,2007-02-20 10:48:43,121.520300,31.128000, 38, 90,1
126,2007-02-20 10:49:44,121.522300,31.126100, 10, 45,1
126,2007-02-20 10:50:35,121.523000,31.126300,  0, 22,0
126,2007-02-20 10:51:36,121.523000,31.126300,  0, 22,0
126,2007-02-20 10:52:37,121.523000,31.126300,  0, 22,0
126,2007-02-20 10:53:38,121.523000,31.126300,  0, 22,0
126,2007-02-20 10:54:39,121.522100,31.126100, 14,135,0
126,2007-02-20 10:55:05,121.521100,31.126000, 18,157,0
126,2007-02-20 10:55:20,121.520600,31.127000, 16,  0,0
126,2007-02-20 10:55:37,121.520100,31.128100, 32,  0,0
126,2007-02-20 10:55:52,121.519300,31.128500, 42,135,0
126,2007-02-20 10:56:08,121.517500,31.128800, 38,135,0
126,2007-02-20 10:56:25,121.516100,31.129600, 26,157,0
126,2007-02-20 10:56:41,121.515300,31.131100, 54,157,0
126,2007-02-20 10:56:56,121.514100,31.132600, 54,157,0
126,2007-02-20 10:57:28,121.512500,31.136000, 38,  0,0
126,2007-02-20 10:57:45,121.511100,31.138000, 70,157,0
126,2007-02-20 10:58:00,121.510000,31.139600, 34,157,0
126,2007-02-20 10:58:16,121.510300,31.140500, 34, 22,0
126,2007-02-20 10:58:32,121.512000,31.141300, 66, 22,0
126,2007-02-20 10:58:48,121.514000,31.142300, 66, 22,0
126,2007-02-20 10:59:05,121.516800,31.143500, 60, 22,0
126,2007-02-20 10:59:20,121.518100,31.143100, 20, 67,0
126,2007-02-20 10:59:36,121.519000,31.142000, 50, 67,0
126,2007-02-20 10:59:52,121.521500,31.142000, 62, 45,0
126,2007-02-20 11:00:08,121.523800,31.142500, 62, 45,0
126,2007-02-20 11:00:25,121.526000,31.143000, 52, 45,0
126,2007-02-20 11:00:40,121.526500,31.144100, 52,157,0
126,2007-02-20 11:00:56,121.525500,31.145600,  2,157,0
126,2007-02-20 11:01:14,121.526600,31.146000, 54, 45,0
126,2007-02-20 11:01:32,121.527300,31.146100, 18, 45,1
126,2007-02-20 11:02:32,121.527000,31.150500,  0,157,1
126,2007-02-20 11:03:33,121.523600,31.155300,114,157,1
126,2007-02-20 11:04:35,121.518500,31.162800, 62,157,1
126,2007-02-20 11:05:35,121.515600,31.170500, 58,  0,1
126,2007-02-20 11:06:36,121.517000,31.177000, 46, 45,1
126,2007-02-20 11:07:37,121.528100,31.180000,110, 45,1
126,2007-02-20 11:08:38,121.533300,31.181000, 32, 45,1
126,2007-02-20 11:09:40,121.537500,31.183100, 66,  0,1
126,2007-02-20 11:10:40,121.535300,31.191800, 70,  0,1
126,2007-02-20 11:11:41,121.534500,31.202300, 50, 45,1
126,2007-02-20 11:12:42,121.539500,31.206300, 34, 22,1
126,2007-02-20 11:13:43,121.542500,31.209300,  4,  0,1
126,2007-02-20 11:13:48,121.542500,31.209300,  0,  0,0
126,2007-02-20 11:14:26,121.542300,31.210300, 46, 22,0
126,2007-02-20 11:14:42,121.545000,31.210800, 60, 45,0
126,2007-02-20 11:14:58,121.546600,31.210800, 32, 90,0
126,2007-02-20 11:15:15,121.547000,31.209300, 62, 90,0
126,2007-02-20 11:16:31,121.547500,31.207100,  0, 90,0
126,2007-02-20 11:17:12,121.547600,31.206300, 42, 90,0
126,2007-02-20 11:17:28,121.548800,31.206000, 56, 22,0
126,2007-02-20 11:17:45,121.551600,31.206800, 24, 45,0
126,2007-02-20 11:19:15,121.553300,31.209300, 46, 45,0
126,2007-02-20 11:20:01,121.553100,31.211800, 34,157,0
126,2007-02-20 11:20:17,121.551300,31.211800, 40,135,0
126,2007-02-20 11:20:50,121.550500,31.211000, 44, 90,0
126,2007-02-20 11:21:05,121.550800,31.209300, 22, 90,0
126,2007-02-20 11:21:25,121.551000,31.208300, 58, 90,0
126,2007-02-20 11:21:40,121.551500,31.206300, 62, 90,0
126,2007-02-20 11:21:56,121.553300,31.206000, 60, 45,0
126,2007-02-20 11:22:12,121.554800,31.205500, 16, 90,0
126,2007-02-20 11:22:44,121.554800,31.204800, 20, 90,1
126,2007-02-20 11:23:45,121.552300,31.202500, 52, 90,1
126,2007-02-20 11:24:45,121.554500,31.196000,  0, 90,1
126,2007-02-20 11:25:46,121.555300,31.190800, 40, 90,1
126,2007-02-20 11:26:04,121.555800,31.188800,  6, 67,0
126,2007-02-20 11:26:20,121.555800,31.188800,  0, 67,0
126,2007-02-20 11:26:43,121.556000,31.188000, 52, 90,0
126,2007-02-20 11:27:00,121.556300,31.186300, 26, 90,0
126,2007-02-20 11:27:15,121.555500,31.186100, 32,135,0
126,2007-02-20 11:27:36,121.554100,31.186000, 36,135,0
126,2007-02-20 11:27:52,121.552800,31.185800, 38,135,0
126,2007-02-20 11:28:08,121.551000,31.185500, 52,135,0
126,2007-02-20 11:28:25,121.550000,31.186500, 38,  0,0
126,2007-02-20 11:28:55,121.549600,31.187500, 36,  0,0
126,2007-02-20 11:29:11,121.549000,31.189500, 58,  0,0
126,2007-02-20 11:29:27,121.548000,31.191300, 46,157,0
126,2007-02-20 11:29:44,121.547300,31.192600, 24, 45,0
126,2007-02-20 11:30:16,121.550600,31.193500, 56, 45,0
126,2007-02-20 11:30:41,121.551600,31.193600,  4, 45,0
126,2007-02-20 11:31:42,121.551800,31.193600,  0, 45,0
126,2007-02-20 11:32:43,121.551800,31.193600,  0, 45,0
126,2007-02-20 11:33:44,121.551800,31.193600,  0, 45,0
126,2007-02-20 11:34:45,121.551800,31.193600,  0, 45,0
126,2007-02-20 11:35:46,121.551800,31.193600,  0, 45,0
126,2007-02-20 11:36:47,121.551800,31.193600,  0, 45,0
126,2007-02-20 11:37:48,121.551800,31.193600,  0, 45,0
126,2007-02-20 11:38:49,121.551800,31.193600,  0, 45,0
126,2007-02-20 11:39:50,121.551800,31.193600,  0, 45,0
126,2007-02-20 11:40:51,121.551800,31.193600,  0, 45,0
126,2007-02-20 11:41:52,121.551800,31.193600,  0, 45,0
126,2007-02-20 11:42:53,121.551800,31.193600,  0, 45,0
126,2007-02-20 11:44:54,121.551800,31.193600,  0, 45,0
126,2007-02-20 11:45:56,121.551800,31.193600,  0, 45,0
126,2007-02-20 11:46:57,121.551800,31.193600,  0, 45,0
126,2007-02-20 11:47:58,121.551800,31.193600,  0, 45,0
126,2007-02-20 11:48:59,121.551800,31.193600,  0, 45,0
126,2007-02-20 11:49:59,121.551800,31.193600,  0, 45,0
126,2007-02-20 11:51:01,121.551800,31.193600,  0, 45,0
126,2007-02-20 11:52:02,121.551800,31.193600,  0, 45,0
126,2007-02-20 11:54:04,121.551800,31.193600,  0, 45,0
126,2007-02-20 11:55:04,121.552000,31.193600, 16, 45,0
126,2007-02-20 11:55:46,121.553300,31.194000, 34, 45,0
126,2007-02-20 11:56:02,121.554600,31.194100,  8, 45,0
126,2007-02-20 11:56:49,121.554600,31.195000, 34,  0,0
126,2007-02-20 11:57:14,121.554500,31.196000, 32,  0,0
126,2007-02-20 11:57:31,121.554100,31.197800, 34,  0,0
126,2007-02-20 11:57:47,121.555300,31.198100, 36, 45,0
126,2007-02-20 11:58:04,121.556500,31.198300, 28, 45,0
126,2007-02-20 11:58:26,121.557600,31.198300, 14, 45,0
126,2007-02-20 11:58:42,121.559300,31.198500, 46, 45,0
126,2007-02-20 11:58:58,121.561500,31.198800, 62, 45,0
126,2007-02-20 11:59:14,121.563800,31.199100, 32, 45,0
126,2007-02-20 12:00:14,121.564000,31.199300,  0,135,0
126,2007-02-20 12:01:16,121.564000,31.199300,  0,135,0
126,2007-02-20 12:02:17,121.564100,31.199300,  0,135,0
126,2007-02-20 12:03:18,121.564100,31.199300,  0,135,0
126,2007-02-20 12:04:19,121.564100,31.199300,  0,135,0
126,2007-02-20 12:04:46,121.562800,31.199100, 42,135,0
126,2007-02-20 12:05:02,121.560600,31.198800, 36,135,0
126,2007-02-20 12:05:18,121.559100,31.198600, 36,135,0
126,2007-02-20 12:05:34,121.557600,31.198500, 32,135,0
126,2007-02-20 12:06:23,121.556500,31.198300, 18,135,0
126,2007-02-20 12:06:45,121.555300,31.198100, 26,135,0
126,2007-02-20 12:07:28,121.554100,31.198000, 18,135,0
126,2007-02-20 12:07:45,121.552600,31.197800, 36,135,0
126,2007-02-20 12:09:02,121.550500,31.197800,  6,157,0
126,2007-02-20 12:11:03,121.550100,31.197800,  0,112,0
126,2007-02-20 12:12:05,121.550100,31.197800,  0,112,0
126,2007-02-20 12:14:31,121.544500,31.198300, 54,157,1
126,2007-02-20 12:15:32,121.543000,31.201600,  0,  0,1
126,2007-02-20 12:16:33,121.542500,31.202600, 56,157,1
126,2007-02-20 12:17:33,121.537300,31.208300, 54,157,1
126,2007-02-20 12:18:35,121.535100,31.211600, 52,135,1
126,2007-02-20 12:19:36,121.534500,31.214800,  0,  0,1
126,2007-02-20 12:20:37,121.530800,31.216500,  2,157,1
126,2007-02-20 12:21:38,121.529600,31.216600, 36,135,1
126,2007-02-20 12:22:38,121.525000,31.218000, 62,  0,1
126,2007-02-20 12:23:40,121.522500,31.227600, 24,  0,1
126,2007-02-20 12:24:13,121.521300,31.227300, 10, 90,0
126,2007-02-20 12:24:28,121.521500,31.227100,  4, 90,0
126,2007-02-20 12:25:30,121.521500,31.227500,  0, 90,0
126,2007-02-20 12:26:21,121.521100,31.227600, 30,135,0
126,2007-02-20 12:26:37,121.519300,31.227500, 38,  0,0
126,2007-02-20 12:26:53,121.518800,31.229100, 46,  0,0
126,2007-02-20 12:27:32,121.518500,31.230100, 56,  0,0
126,2007-02-20 12:27:48,121.518600,31.231300, 56, 45,0
126,2007-02-20 12:28:03,121.521100,31.232000, 22, 45,0
126,2007-02-20 12:29:05,121.521300,31.232000, 12, 45,0
126,2007-02-20 12:30:06,121.521500,31.232000,  0, 22,0
126,2007-02-20 12:32:08,121.521500,31.232000,  0, 22,0
126,2007-02-20 12:33:08,121.521500,31.232000,  0, 22,0
126,2007-02-20 12:34:10,121.521500,31.232000,  0, 22,0
126,2007-02-20 12:35:11,121.521500,31.232000,  0, 45,0
126,2007-02-20 12:36:12,121.521500,31.232000,  0, 45,0
126,2007-02-20 12:37:13,121.521500,31.232000,  0, 45,0
126,2007-02-20 12:39:15,121.521500,31.232000,  0, 45,0
126,2007-02-20 12:40:06,121.521800,31.232100, 32, 22,1
126,2007-02-20 12:41:07,121.523500,31.232600,  0, 45,1
126,2007-02-20 12:42:08,121.529100,31.234500,  0, 45,1
126,2007-02-20 12:43:08,121.531100,31.235100, 56, 22,1
126,2007-02-20 12:44:10,121.539800,31.238000,  0, 22,1
126,2007-02-20 12:45:11,121.545500,31.239800, 58, 22,1
126,2007-02-20 12:46:12,121.549500,31.241600, 56, 22,1
126,2007-02-20 12:49:35,121.536600,31.237300, 72,135,1
126,2007-02-20 12:50:36,121.531300,31.235600, 36,135,1
126,2007-02-20 12:51:37,121.521500,31.232500, 74,135,1
126,2007-02-20 12:53:38,121.512800,31.234600, 38,157,1
126,2007-02-20 12:54:40,121.509000,31.236000,  0,135,1
126,2007-02-20 12:57:42,121.494800,31.241000,  0,135,1
126,2007-02-20 12:58:43,121.494800,31.241000,  0,135,1
126,2007-02-20 12:59:44,121.494800,31.241000,  0,135,1
126,2007-02-20 13:00:46,121.472300,31.233000, 34,157,1
126,2007-02-20 13:01:29,121.471500,31.234500,  0,157,0
126,2007-02-20 13:01:45,121.471500,31.234500,  0,157,0
126,2007-02-20 13:02:20,121.471300,31.234600, 32,157,1
126,2007-02-20 13:03:21,121.470100,31.236500, 24,  0,1
126,2007-02-20 13:04:22,121.469100,31.238800, 44,  0,1
126,2007-02-20 13:05:23,121.467100,31.243000, 52,  0,1
126,2007-02-20 13:06:23,121.466800,31.246000, 56,  0,1
126,2007-02-20 13:07:25,121.464800,31.252100,  0,  0,1
126,2007-02-20 13:08:26,121.464300,31.254600,  0,  0,1
126,2007-02-20 13:09:27,121.464000,31.256500, 34,  0,1
126,2007-02-20 13:11:28,121.461800,31.264100,  0,157,1
126,2007-02-20 13:13:31,121.460500,31.270300, 50, 22,1
126,2007-02-20 13:14:32,121.463100,31.271800,  0, 22,1
126,2007-02-20 13:15:32,121.465800,31.273600,  0, 22,1
126,2007-02-20 13:16:33,121.468100,31.275100, 78, 22,1
126,2007-02-20 13:17:35,121.470600,31.279100,  0,  0,1
126,2007-02-20 13:18:36,121.471000,31.281500, 70,  0,1
126,2007-02-20 13:19:37,121.472800,31.290100, 38,  0,1
126,2007-02-20 13:20:37,121.472300,31.294300, 38,  0,1
126,2007-02-20 13:21:13,121.473000,31.296300,  0, 45,0
126,2007-02-20 13:21:28,121.473000,31.296300, 14,135,0
126,2007-02-20 13:21:48,121.472600,31.296500, 20,135,1
126,2007-02-20 13:22:48,121.472100,31.294800, 48, 90,1
126,2007-02-20 13:23:49,121.472800,31.292000,  0, 90,1
126,2007-02-20 13:24:50,121.472500,31.289300, 52, 90,1
126,2007-02-20 13:25:51,121.470800,31.280800, 60, 90,1
126,2007-02-20 13:26:52,121.470600,31.279800,  0, 90,1
126,2007-02-20 13:27:53,121.473500,31.276800, 56, 90,1
126,2007-02-20 13:28:54,121.467600,31.269000, 60,112,1
126,2007-02-20 13:29:55,121.461600,31.264800,  0,112,1
126,2007-02-20 13:30:57,121.456800,31.262800, 58,112,1
126,2007-02-20 13:31:57,121.460300,31.258800,  0, 67,1
126,2007-02-20 13:33:59,121.457500,31.247500, 38,112,1
126,2007-02-20 13:34:53,121.450000,31.248100, 22,135,0
126,2007-02-20 13:35:08,121.448800,31.247500, 38,112,0
126,2007-02-20 13:35:24,121.450100,31.248000, 20, 45,0
126,2007-02-20 13:35:41,121.449600,31.247800, 40,135,0
126,2007-02-20 13:36:42,121.449300,31.247800,  0,112,0
126,2007-02-20 13:37:43,121.449100,31.247600,  0,135,0
126,2007-02-20 13:38:44,121.449100,31.247600, 14, 67,0
126,2007-02-20 13:39:00,121.451100,31.247800, 28, 45,0
126,2007-02-20 13:40:01,121.451500,31.247000,  0, 90,0
126,2007-02-20 13:41:08,121.454300,31.247800, 46, 45,1
126,2007-02-20 13:42:09,121.459500,31.240000, 88, 90,1
126,2007-02-20 13:43:10,121.462300,31.230000, 52, 90,1
126,2007-02-20 13:44:11,121.468300,31.227600, 42, 22,1
126,2007-02-20 13:45:12,121.476100,31.231600,  6, 22,1
126,2007-02-20 13:46:13,121.476600,31.232100, 14, 22,1
126,2007-02-20 13:47:14,121.480100,31.233000, 46, 45,1
126,2007-02-20 13:48:15,121.483100,31.232800,  0, 45,1
126,2007-02-20 13:49:16,121.483100,31.232800,  0, 45,1
126,2007-02-20 13:50:17,121.501600,31.236300, 34,135,1
126,2007-02-20 13:51:18,121.496100,31.238100, 42,  0,1
126,2007-02-20 13:52:19,121.496500,31.240800,  0,  0,1
126,2007-02-20 13:52:20,121.496500,31.240800,  0,  0,0
126,2007-02-20 13:53:08,121.497100,31.241600, 28, 22,0
126,2007-02-20 13:53:24,121.498000,31.242300, 24, 22,0
126,2007-02-20 13:54:21,121.499000,31.243000, 48, 22,0
126,2007-02-20 13:54:37,121.500300,31.244000,  0, 22,0
126,2007-02-20 13:55:38,121.500300,31.244000, 12,157,0
126,2007-02-20 13:55:54,121.498800,31.243000, 58,112,0
126,2007-02-20 13:56:10,121.497500,31.242100, 38,112,0
126,2007-02-20 13:56:26,121.496500,31.241100, 14,112,0
126,2007-02-20 13:56:59,121.496300,31.241000,  8,112,1
126,2007-02-20 13:57:59,121.496000,31.238500, 50, 90,1
126,2007-02-20 13:59:00,121.498800,31.236500,  0, 67,1
126,2007-02-20 14:00:01,121.501800,31.236100,  0, 22,1
126,2007-02-20 14:01:02,121.502100,31.237500, 40,  0,1
126,2007-02-20 14:02:03,121.504300,31.238300,  0,  0,1
126,2007-02-20 14:03:04,121.504100,31.238500, 20,135,1
126,2007-02-20 14:04:05,121.497100,31.240100, 44,135,1
126,2007-02-20 14:05:06,121.495100,31.240800,  0,135,1
126,2007-02-20 14:06:07,121.495100,31.240800,  0,135,1
126,2007-02-20 14:07:08,121.495100,31.240800,  0,135,1
126,2007-02-20 14:07:10,121.495100,31.240800,  0,135,0
126,2007-02-20 14:08:11,121.495100,31.240800,  0,135,0
126,2007-02-20 14:09:05,121.475000,31.231100, 10, 45,1
126,2007-02-20 14:11:07,121.486300,31.234600, 62, 22,1
126,2007-02-20 14:12:08,121.485600,31.240300, 54,  0,1
126,2007-02-20 14:13:09,121.485100,31.249100, 34,  0,1
126,2007-02-20 14:15:11,121.484100,31.261100, 30,  0,1
126,2007-02-20 14:16:12,121.484600,31.262100, 22,  0,1
126,2007-02-20 14:17:13,121.486000,31.265300,  0,157,1
126,2007-02-20 14:18:14,121.485600,31.265500,  8, 67,1
126,2007-02-20 14:19:15,121.486800,31.267100, 36,  0,1
126,2007-02-20 14:20:16,121.489500,31.270000,  0, 22,1
126,2007-02-20 14:22:18,121.496600,31.276500,  0,  0,1
126,2007-02-20 14:23:19,121.496600,31.276500,  0,  0,1
126,2007-02-20 14:24:09,121.499800,31.280000, 48, 22,0
126,2007-02-20 14:24:25,121.499800,31.280300,  8,157,0
126,2007-02-20 14:25:04,121.497300,31.277100, 58,112,0
126,2007-02-20 14:25:20,121.497500,31.276000, 32, 67,0
126,2007-02-20 14:25:36,121.498600,31.275100, 44, 67,0
126,2007-02-20 14:25:52,121.500300,31.273800, 42, 67,0
126,2007-02-20 14:26:08,121.501100,31.273100, 14, 67,0
126,2007-02-20 14:26:49,121.501800,31.272500, 40, 90,0
126,2007-02-20 14:27:05,121.501600,31.270000, 70, 90,0
126,2007-02-20 14:27:21,121.502000,31.267500, 60, 90,0
126,2007-02-20 14:28:05,121.502600,31.266600, 44, 67,0
126,2007-02-20 14:28:21,121.503600,31.265000,  0, 67,0
126,2007-02-20 14:29:22,121.503600,31.265000,  0, 67,0
126,2007-02-20 14:30:05,121.504500,31.264100, 50, 67,0
126,2007-02-20 14:30:40,121.505000,31.263600, 26, 67,1
126,2007-02-20 14:32:41,121.509300,31.259100, 60, 67,1
126,2007-02-20 14:35:52,121.520300,31.259600, 52, 22,1
126,2007-02-20 14:36:53,121.524100,31.261100, 56, 45,1
126,2007-02-20 14:37:54,121.530800,31.263500, 44, 67,1
126,2007-02-20 14:38:43,121.531300,31.260800,  0,135,0
126,2007-02-20 14:39:42,121.531500,31.260800, 18, 22,1
126,2007-02-20 14:40:43,121.530500,31.264100,  0,  0,1
126,2007-02-20 14:41:44,121.530500,31.264100,  0,  0,1
126,2007-02-20 14:42:45,121.525600,31.261800, 40,135,1
126,2007-02-20 14:43:46,121.521600,31.260500, 50,112,1
126,2007-02-20 14:44:47,121.517800,31.257800, 18,112,1
126,2007-02-20 14:45:48,121.513100,31.255300, 22,112,1
126,2007-02-20 14:46:49,121.509000,31.260000,  0,157,1
126,2007-02-20 14:47:50,121.508100,31.260800, 62,157,1
126,2007-02-20 14:48:51,121.504800,31.262000, 20,112,1
126,2007-02-20 14:49:08,121.504500,31.261800,  0,112,0
126,2007-02-20 14:49:58,121.504000,31.261100, 12,135,0
126,2007-02-20 14:50:59,121.504100,31.260800,  0, 67,0
126,2007-02-20 14:51:48,121.504100,31.260800,  8,112,1
126,2007-02-20 14:52:49,121.501100,31.257000,  0,112,1
126,2007-02-20 14:53:50,121.498800,31.255800, 10,135,1
126,2007-02-20 14:54:51,121.494800,31.254500, 40,112,1
126,2007-02-20 14:55:52,121.491300,31.253300, 38,135,1
126,2007-02-20 14:56:53,121.487600,31.252000, 44,112,1
126,2007-02-20 14:57:54,121.485500,31.243800, 74, 90,1
126,2007-02-20 14:58:55,121.484000,31.240800, 28,135,1
126,2007-02-20 14:59:56,121.481300,31.239800, 38,112,1
126,2007-02-20 15:00:57,121.480500,31.239500,  0,135,1
126,2007-02-20 15:01:58,121.480300,31.239500, 14, 67,1
126,2007-02-20 15:02:56,121.479000,31.239100,  8, 22,0
126,2007-02-20 15:03:12,121.479100,31.239500,  8, 22,0
126,2007-02-20 15:04:13,121.477500,31.237600,  0,112,0
126,2007-02-20 15:05:22,121.476500,31.237300,  0,157,1
126,2007-02-20 15:06:23,121.475300,31.236600, 12, 67,1
126,2007-02-20 15:07:24,121.475800,31.236500, 16, 67,1
126,2007-02-20 15:08:25,121.475800,31.232500, 42,112,1
126,2007-02-20 15:09:26,121.474300,31.231100,  6, 90,1
126,2007-02-20 15:10:27,121.473000,31.227600, 28,112,1
126,2007-02-20 15:10:58,121.472000,31.227800,  0,157,0
126,2007-02-20 15:11:14,121.472000,31.227800,  0,157,0
126,2007-02-20 15:12:15,121.471500,31.228600, 10,157,0
126,2007-02-20 15:12:31,121.472500,31.229500, 46, 22,0
126,2007-02-20 15:14:33,121.473600,31.230300, 26, 22,0
126,2007-02-20 15:14:49,121.475000,31.231000, 28, 22,0
126,2007-02-20 15:15:23,121.475800,31.231300, 14, 22,1
126,2007-02-20 15:16:24,121.475100,31.233100, 12,157,1
126,2007-02-20 15:17:25,121.478600,31.232600, 26, 45,1
126,2007-02-20 15:18:26,121.483500,31.232500,  0, 45,1
126,2007-02-20 15:19:27,121.483500,31.232500,  0, 45,1
126,2007-02-20 15:21:29,121.503800,31.237300,  0, 45,1
126,2007-02-20 15:22:30,121.504600,31.237500, 40, 45,1
126,2007-02-20 15:24:32,121.521000,31.230300, 74, 90,1
126,2007-02-20 15:25:33,121.524000,31.223100,  8, 90,1
126,2007-02-20 15:26:34,121.524100,31.223000, 18, 90,1
126,2007-02-20 15:27:35,121.524500,31.216800,  0, 90,1
126,2007-02-20 15:28:36,121.524500,31.216800,  0, 90,1
126,2007-02-20 15:29:37,121.522300,31.211800, 50,112,1
126,2007-02-20 15:30:38,121.521600,31.210800,  0, 90,1
126,2007-02-20 15:31:39,121.519800,31.207100, 52,112,1
126,2007-02-20 15:32:40,121.521800,31.205600, 22, 45,1
126,2007-02-20 15:33:36,121.523000,31.206600,  0,  0,0
126,2007-02-20 15:33:52,121.523000,31.206600,  0,  0,0
126,2007-02-20 15:34:45,121.522800,31.206000, 20,112,0
126,2007-02-20 15:35:01,121.521600,31.205800, 24,135,0
126,2007-02-20 15:35:17,121.521800,31.206800, 46,  0,0
126,2007-02-20 15:35:33,121.523000,31.207600, 18, 45,0
126,2007-02-20 15:36:03,121.523600,31.208100, 50,  0,0
126,2007-02-20 15:36:19,121.524500,31.209800, 30, 45,0
126,2007-02-20 15:37:20,121.525500,31.209600,  0, 45,0
126,2007-02-20 15:38:21,121.525500,31.209600,  0, 45,0
126,2007-02-20 15:40:23,121.525500,31.209600,  0, 45,0
126,2007-02-20 15:41:17,121.526600,31.209600, 26, 45,0
126,2007-02-20 15:41:33,121.526600,31.208600, 34, 90,0
126,2007-02-20 15:41:49,121.526100,31.207100, 62, 90,0
126,2007-02-20 15:42:05,121.525100,31.204800, 82, 90,0
126,2007-02-20 15:42:21,121.524500,31.202300, 68, 90,0
126,2007-02-20 15:42:37,121.523100,31.199500, 94,112,0
126,2007-02-20 15:43:54,121.521800,31.196000,  0, 90,0
126,2007-02-20 15:44:55,121.521600,31.195600,  8, 90,0
126,2007-02-20 15:45:19,121.522000,31.196000, 18,  0,1
126,2007-02-20 15:46:20,121.523600,31.202100, 38,112,1
126,2007-02-20 15:47:21,121.513500,31.203500,106,135,1
126,2007-02-20 15:48:22,121.500800,31.207500, 88,157,1
126,2007-02-20 15:49:23,121.497100,31.209000, 62,135,1
126,2007-02-20 15:50:19,121.493000,31.214300,  0,157,0
126,2007-02-20 15:50:35,121.493000,31.214300,  8,157,0
126,2007-02-20 15:50:51,121.491800,31.215000, 40,135,0
126,2007-02-20 15:51:24,121.492000,31.214800, 46, 45,0
126,2007-02-20 15:51:40,121.493100,31.213600,  6, 67,0
126,2007-02-20 15:52:14,121.494100,31.213100, 52, 45,0
126,2007-02-20 15:52:46,121.496500,31.209500, 60, 67,0
126,2007-02-20 15:53:02,121.498300,31.209300, 52, 22,0
126,2007-02-20 15:53:18,121.497500,31.211000, 56,135,0
126,2007-02-20 15:53:34,121.495800,31.210000, 64, 90,0
126,2007-02-20 15:53:50,121.498100,31.208100, 86, 45,0
126,2007-02-20 15:54:22,121.506100,31.205300, 88, 67,0
126,2007-02-20 15:54:38,121.509500,31.204100, 80, 45,0
126,2007-02-20 15:55:10,121.512000,31.205600, 74,157,0
126,2007-02-20 15:55:26,121.510000,31.207300, 62, 22,0
126,2007-02-20 15:55:42,121.511500,31.209800, 58,  0,0
126,2007-02-20 15:55:58,121.512100,31.211800, 46, 22,0
126,2007-02-20 15:58:30,121.511800,31.212600, 42,135,0
126,2007-02-20 15:58:46,121.510500,31.213100,  0,135,0
126,2007-02-20 15:59:47,121.510000,31.213300, 26,157,0
126,2007-02-20 16:00:03,121.510300,31.214800, 44,  0,0
126,2007-02-20 16:01:04,121.510600,31.215600,  0,  0,0
126,2007-02-20 16:02:05,121.510500,31.216500, 44,  0,0
126,2007-02-20 16:02:21,121.510100,31.218100, 56,  0,0
126,2007-02-20 16:02:37,121.510800,31.219300, 52, 45,0
126,2007-02-20 16:02:53,121.512100,31.219500, 16, 22,0
126,2007-02-20 16:03:09,121.511600,31.221000, 68,  0,0
126,2007-02-20 16:03:25,121.511000,31.223600, 46,  0,0
126,2007-02-20 16:03:46,121.510600,31.224500, 46,157,0
126,2007-02-20 16:04:02,121.509600,31.226600, 44,157,0
126,2007-02-20 16:04:18,121.509000,31.227600,  8,157,0
126,2007-02-20 16:04:43,121.508500,31.228600, 44,157,0
126,2007-02-20 16:04:59,121.507600,31.230500, 58,157,0
126,2007-02-20 16:05:15,121.506800,31.232100, 56,157,0
126,2007-02-20 16:05:31,121.505600,31.234100, 66,157,0
126,2007-02-20 16:05:47,121.504600,31.236100, 58,  0,0
126,2007-02-20 16:06:03,121.504500,31.238300, 52,  0,0
126,2007-02-20 16:06:19,121.503500,31.240000, 54,157,0
126,2007-02-20 16:06:35,121.502300,31.241800, 40,157,0
126,2007-02-20 16:07:11,121.501500,31.242100, 40,112,0
126,2007-02-20 16:07:27,121.500100,31.241100,  0,112,0
126,2007-02-20 16:07:49,121.499500,31.240500, 54, 90,0
126,2007-02-20 16:08:05,121.498800,31.239500, 22,135,0
126,2007-02-20 16:08:21,121.497600,31.240000, 24,135,0
126,2007-02-20 16:08:44,121.496600,31.240300, 14,135,0
126,2007-02-20 16:09:06,121.495500,31.240300, 12,135,0
126,2007-02-20 16:10:07,121.495000,31.240600,  0,157,0
126,2007-02-20 16:11:08,121.495000,31.240600,  0,157,0
126,2007-02-20 16:12:08,121.495000,31.240600,  0,157,0
126,2007-02-20 16:13:10,121.495000,31.240600,  0,157,0
126,2007-02-20 16:14:11,121.495000,31.240600,  0,157,0
126,2007-02-20 16:14:52,121.495000,31.240500, 14, 67,1
126,2007-02-20 16:15:53,121.497000,31.241500, 28, 22,1
126,2007-02-20 16:16:54,121.499800,31.241300,  0, 67,1
126,2007-02-20 16:17:55,121.501100,31.241500, 52, 22,1
126,2007-02-20 16:18:56,121.503800,31.239000,  0, 67,1
126,2007-02-20 16:19:57,121.503800,31.239000,  0, 67,1
126,2007-02-20 16:20:58,121.502000,31.238300,  0,135,1
126,2007-02-20 16:21:59,121.495500,31.240600, 64,135,1
126,2007-02-20 16:22:59,121.494100,31.241000,  0,135,1
126,2007-02-20 16:24:00,121.494100,31.241000,  0,135,1
126,2007-02-20 16:25:01,121.494100,31.241000,  0,135,1
126,2007-02-20 16:26:03,121.475800,31.229800, 24, 67,1
126,2007-02-20 16:27:03,121.477000,31.228100, 28, 67,1
126,2007-02-20 16:28:05,121.479000,31.228800,  0, 22,1
126,2007-02-20 16:28:47,121.479800,31.229500,  0, 22,0
126,2007-02-20 16:29:03,121.479800,31.229500,  0, 22,0
126,2007-02-20 16:30:03,121.479800,31.229500,  0, 22,0
126,2007-02-20 16:30:33,121.480300,31.230100, 30,157,0
126,2007-02-20 16:31:31,121.479800,31.231000, 34,157,0
126,2007-02-20 16:32:23,121.479100,31.231800, 36,157,0
126,2007-02-20 16:33:17,121.479000,31.232100, 12,  0,1
126,2007-02-20 16:34:18,121.478500,31.232500,  0,157,1
126,2007-02-20 16:35:18,121.483500,31.233300,  0, 22,1
126,2007-02-20 16:36:20,121.481300,31.230800, 32,112,1
126,2007-02-20 16:37:20,121.479800,31.228000,  0,112,1
126,2007-02-20 16:38:22,121.479000,31.233100,  0,112,1
126,2007-02-20 16:39:23,121.476000,31.232000, 54,112,1
126,2007-02-20 16:40:23,121.465300,31.226500, 80,112,1
126,2007-02-20 16:41:25,121.453800,31.225800, 58,135,1
126,2007-02-20 16:42:26,121.444100,31.223500, 82,112,1
126,2007-02-20 16:45:28,121.426500,31.220800,  0,157,1
126,2007-02-20 16:46:30,121.425500,31.223000, 64,  0,1
126,2007-02-20 16:47:31,121.423300,31.225600,  0,157,1
126,2007-02-20 16:48:32,121.420000,31.223300, 10,135,1
126,2007-02-20 16:48:35,121.420000,31.223300,  0,112,0
126,2007-02-20 16:50:37,121.420500,31.222500, 40, 67,0
126,2007-02-20 16:50:53,121.420600,31.221100, 30, 90,0
126,2007-02-20 16:51:33,121.421500,31.220600, 34, 45,0
126,2007-02-20 16:51:48,121.423300,31.220500, 52, 45,0
126,2007-02-20 16:52:05,121.425500,31.220600, 44, 45,0
126,2007-02-20 16:52:21,121.427800,31.221600, 62, 45,0
126,2007-02-20 16:52:37,121.429600,31.222300, 50, 45,0
126,2007-02-20 16:53:38,121.430800,31.222500,  4, 45,0
126,2007-02-20 16:53:55,121.431800,31.222800, 32, 45,0
126,2007-02-20 16:54:11,121.433000,31.223100, 28, 22,0
126,2007-02-20 16:54:27,121.434500,31.223500, 30, 22,0
126,2007-02-20 16:54:43,121.435600,31.224100, 44, 22,0
126,2007-02-20 16:54:58,121.436800,31.224800, 12, 22,0
126,2007-02-20 16:55:59,121.437000,31.225000, 18, 22,1
126,2007-02-20 16:57:39,121.438600,31.220800, 46, 90,1
126,2007-02-20 16:58:40,121.439800,31.217000, 38, 67,1
126,2007-02-20 16:59:41,121.441800,31.212800, 12, 90,1
126,2007-02-20 17:00:42,121.443300,31.209800, 20, 90,1
126,2007-02-20 17:01:42,121.443300,31.209300, 22, 90,1
126,2007-02-20 17:02:43,121.445500,31.202100, 48, 90,1
126,2007-02-20 17:03:44,121.440800,31.199500, 44,112,1
126,2007-02-20 17:04:45,121.436800,31.197100,  0,112,1
126,2007-02-20 17:05:46,121.435800,31.196500, 22,112,1
126,2007-02-20 17:06:47,121.436600,31.195000, 50, 67,1
126,2007-02-20 17:07:48,121.437300,31.190300, 32, 90,1
126,2007-02-20 17:08:49,121.438100,31.187800, 36, 90,1
126,2007-02-20 17:10:51,121.438800,31.185500, 46, 90,1
126,2007-02-20 17:11:52,121.436500,31.179800,  0, 90,1
126,2007-02-20 17:12:53,121.436500,31.179800,  0, 90,1
126,2007-02-20 17:13:54,121.437300,31.179000, 56, 45,1
126,2007-02-20 17:14:55,121.439800,31.176100,  0, 90,1
126,2007-02-20 17:16:57,121.444100,31.160800,  0, 90,1
126,2007-02-20 17:17:58,121.445300,31.155500,100, 90,1
126,2007-02-20 17:18:59,121.445800,31.146300,  0, 90,1
126,2007-02-20 17:20:00,121.445800,31.146300,  0, 90,1
126,2007-02-20 17:21:01,121.448500,31.137100, 76, 90,1
126,2007-02-20 17:22:02,121.451100,31.129000, 36, 90,1
126,2007-02-20 17:23:03,121.451600,31.126300, 16, 90,1
126,2007-02-20 17:24:04,121.452100,31.119300, 18, 90,1
126,2007-02-20 17:25:05,121.450800,31.114500, 58, 90,1
126,2007-02-20 17:26:01,121.449000,31.113100,  6,135,0
126,2007-02-20 17:26:16,121.449000,31.113100,  0,135,0
126,2007-02-20 17:27:17,121.449100,31.113100, 28, 45,0
126,2007-02-20 17:27:51,121.448300,31.114000, 54,135,0
126,2007-02-20 17:28:07,121.448000,31.115000, 50,  0,0
126,2007-02-20 17:28:23,121.448300,31.116500, 42,  0,0
126,2007-02-20 17:28:46,121.448500,31.117500, 34,  0,0
126,2007-02-20 17:29:02,121.448500,31.119500, 48,  0,0
126,2007-02-20 17:29:18,121.448600,31.121100, 34,  0,0
126,2007-02-20 17:29:34,121.450500,31.121600, 66, 45,0
126,2007-02-20 17:29:50,121.452300,31.122100, 38,  0,0
126,2007-02-20 17:30:06,121.452300,31.124300, 60,  0,0
126,2007-02-20 17:30:22,121.453500,31.125800, 60, 45,0
126,2007-02-20 17:30:38,121.456500,31.126300, 80, 45,0
126,2007-02-20 17:30:54,121.460000,31.127600, 90, 22,0
126,2007-02-20 17:31:10,121.463800,31.129000, 98, 22,0
126,2007-02-20 17:31:26,121.468000,31.130500,102, 45,0
126,2007-02-20 17:31:42,121.472000,31.131800, 98, 45,0
126,2007-02-20 17:31:58,121.476100,31.132300, 96, 45,0
126,2007-02-20 17:32:14,121.480300,31.132600, 96, 45,0
126,2007-02-20 17:32:30,121.484100,31.132800, 76, 45,0
126,2007-02-20 17:32:46,121.487300,31.132600, 82, 45,0
126,2007-02-20 17:33:02,121.490800,31.133100, 76, 22,0
126,2007-02-20 17:33:18,121.489500,31.135000, 66,157,0
126,2007-02-20 17:33:34,121.487600,31.136800, 36,  0,0
126,2007-02-20 17:33:50,121.489100,31.137600, 40, 22,0
126,2007-02-20 17:34:06,121.491000,31.138600, 56, 22,0
126,2007-02-20 17:34:22,121.492800,31.139600, 26, 22,0
126,2007-02-20 17:34:58,121.493600,31.140100, 30, 22,0
126,2007-02-20 17:35:14,121.494800,31.141000, 34, 22,0
126,2007-02-20 17:35:30,121.496300,31.141500, 16, 22,0
126,2007-02-20 17:35:42,121.496300,31.141800,  0,  0,1
126,2007-02-20 17:37:43,121.493000,31.150600, 50,  0,1
126,2007-02-20 17:38:44,121.491800,31.157300,  0,  0,1
126,2007-02-20 17:39:45,121.490000,31.161300, 38,  0,1
126,2007-02-20 17:40:46,121.493500,31.164800, 50, 45,1
126,2007-02-20 17:41:30,121.496300,31.166100,  0, 45,0
126,2007-02-20 17:41:45,121.496300,31.166100,  0, 45,0
126,2007-02-20 17:42:14,121.496500,31.166000, 34,135,0
126,2007-02-20 17:42:30,121.495500,31.165600, 18, 90,0
126,2007-02-20 17:43:31,121.495500,31.165100,  0,135,0
126,2007-02-20 17:44:32,121.495500,31.165100,  0,135,0
126,2007-02-20 17:45:49,121.492600,31.164800, 26,  0,0
126,2007-02-20 17:46:05,121.492600,31.166500, 46,  0,0
126,2007-02-20 17:46:21,121.492500,31.168300, 48,  0,0
126,2007-02-20 17:46:37,121.492500,31.169300,  0,  0,0
126,2007-02-20 17:47:20,121.492500,31.170300, 30, 22,0
126,2007-02-20 17:47:36,121.494800,31.170800, 64, 45,0
126,2007-02-20 17:47:52,121.496500,31.171500, 44,  0,0
126,2007-02-20 17:48:08,121.496000,31.173100, 30,  0,0
126,2007-02-20 17:48:24,121.497100,31.173800, 52, 45,0
126,2007-02-20 17:48:40,121.499100,31.174000, 28, 45,0
126,2007-02-20 17:48:56,121.501100,31.174100, 56, 45,0
126,2007-02-20 17:49:12,121.503300,31.174300, 16, 45,0
126,2007-02-20 17:49:51,121.504500,31.174300, 40, 45,0
126,2007-02-20 17:50:07,121.506100,31.174500,  0, 45,0
126,2007-02-20 17:51:20,121.509300,31.176100, 50,  0,1
126,2007-02-20 17:53:22,121.509500,31.188300, 22,157,1
126,2007-02-20 17:54:23,121.507600,31.191800, 22,157,1
126,2007-02-20 17:55:24,121.506000,31.195300, 24,157,1
126,2007-02-20 17:56:28,121.507600,31.196500, 24, 22,0
126,2007-02-20 17:56:54,121.508600,31.197000, 30, 22,0
126,2007-02-20 17:57:10,121.510000,31.198000, 42, 22,0
126,2007-02-20 17:57:26,121.510800,31.199500, 42, 22,0
126,2007-02-20 17:58:46,121.517500,31.197100, 32, 67,1
126,2007-02-20 18:00:48,121.519500,31.190500,  0, 90,1
126,2007-02-20 18:02:50,121.524500,31.189300,  0, 45,1
126,2007-02-20 18:04:52,121.542600,31.189600, 74, 45,1
126,2007-02-20 18:05:53,121.549600,31.187300, 42, 90,1
126,2007-02-20 18:07:24,121.554000,31.183500,  0, 90,0
126,2007-02-20 18:07:39,121.554000,31.183500,  0, 90,0
126,2007-02-20 18:08:07,121.553800,31.182800, 36,135,0
126,2007-02-20 18:08:23,121.551600,31.182600, 28,135,0
126,2007-02-20 18:09:03,121.551300,31.183500, 42,  0,0
126,2007-02-20 18:09:19,121.551000,31.184100, 18,157,1
126,2007-02-20 18:11:20,121.545600,31.194800, 58,  0,1
126,2007-02-20 18:12:21,121.545500,31.200500, 72, 45,1
126,2007-02-20 18:13:22,121.552000,31.203000, 22, 22,1
126,2007-02-20 18:13:35,121.552000,31.204000, 16,  0,0
126,2007-02-20 18:13:50,121.552000,31.204100,  0,  0,0
126,2007-02-20 18:16:59,121.554600,31.204800,  0, 90,0
126,2007-02-20 18:18:00,121.554600,31.204800,  0, 90,0
126,2007-02-20 18:19:01,121.554600,31.204800,  0, 90,0
126,2007-02-20 18:20:02,121.554600,31.204800,  0, 90,0
126,2007-02-20 18:21:03,121.554600,31.204800,  0, 90,0
126,2007-02-20 18:22:42,121.554100,31.204300, 42,135,0
126,2007-02-20 18:22:58,121.552300,31.204500, 30,135,0
126,2007-02-20 18:23:59,121.552100,31.204500,  0,135,0
126,2007-02-20 18:25:00,121.552100,31.204500,  0,135,0
126,2007-02-20 18:26:01,121.552100,31.204500,  0,135,0
126,2007-02-20 18:27:02,121.552100,31.204500,  0,135,0
126,2007-02-20 18:28:03,121.552100,31.204500,  0,135,0
126,2007-02-20 18:29:04,121.552000,31.204500,  0,135,0
126,2007-02-20 18:30:05,121.552000,31.204500,  0,135,0
126,2007-02-20 18:31:49,121.551800,31.204500, 22, 90,1
126,2007-02-20 18:32:49,121.554000,31.198100,  6, 90,1
126,2007-02-20 18:33:50,121.554600,31.194100, 26, 90,1
126,2007-02-20 18:34:51,121.556000,31.187600, 48, 90,1
126,2007-02-20 18:35:52,121.557300,31.183300, 38, 90,1
126,2007-02-20 18:36:48,121.559000,31.177500,  0, 90,0
126,2007-02-20 18:37:03,121.558800,31.177500,  0, 90,0
126,2007-02-20 18:37:48,121.558800,31.178000, 38,157,0
126,2007-02-20 18:38:04,121.558500,31.179600, 54,  0,0
126,2007-02-20 18:38:20,121.558000,31.181600, 40,  0,0
126,2007-02-20 18:38:36,121.557600,31.183000, 30,  0,0
126,2007-02-20 18:38:53,121.556600,31.183100, 28,135,0
126,2007-02-20 18:39:09,121.555300,31.183000, 32,135,0
126,2007-02-20 18:39:25,121.554000,31.182800, 34,135,0
126,2007-02-20 18:39:41,121.551800,31.182600, 48,135,0
126,2007-02-20 18:39:57,121.551100,31.183800, 40,  0,0
126,2007-02-20 18:40:13,121.550600,31.184800, 22,  0,0
126,2007-02-20 18:40:29,121.550100,31.186100, 52,  0,0
126,2007-02-20 18:40:45,121.549500,31.188000, 64,  0,0
126,2007-02-20 18:41:01,121.548500,31.190500, 44,157,0
126,2007-02-20 18:41:20,121.548000,31.191300, 28,157,0
126,2007-02-20 18:41:36,121.547100,31.192600,  8,  0,0
126,2007-02-20 18:41:52,121.548100,31.192800, 42, 45,0
126,2007-02-20 18:42:08,121.550000,31.193100, 42, 45,0
126,2007-02-20 18:42:38,121.551000,31.193500, 26, 45,1
126,2007-02-20 18:43:38,121.555000,31.192100, 42, 90,1
126,2007-02-20 18:44:39,121.556500,31.186100, 30, 90,1
126,2007-02-20 18:45:40,121.559300,31.183100, 10, 67,1
126,2007-02-20 18:46:38,121.559800,31.182300,  0,112,0
126,2007-02-20 18:46:54,121.559800,31.182300,  0,112,0
126,2007-02-20 18:47:55,121.559800,31.182300,  8,112,0
126,2007-02-20 18:48:29,121.557800,31.182100, 40,  0,0
126,2007-02-20 18:48:45,121.557600,31.182800, 18,157,1
126,2007-02-20 18:49:45,121.556100,31.188000, 12,  0,1
126,2007-02-20 18:50:46,121.557000,31.191500, 50, 45,1
126,2007-02-20 18:51:47,121.565000,31.192500, 38, 45,1
126,2007-02-20 18:52:48,121.572000,31.194300, 46, 22,1
126,2007-02-20 18:53:49,121.573600,31.195000,  0, 45,1
126,2007-02-20 18:54:50,121.573500,31.198600, 98,  0,1
126,2007-02-20 18:55:51,121.569500,31.215300,104,  0,1
126,2007-02-20 18:56:52,121.569000,31.217300,  0,  0,1
126,2007-02-20 18:57:53,121.567100,31.224500,130,  0,1
126,2007-02-20 18:58:54,121.563300,31.238100, 76, 22,1
126,2007-02-20 18:59:55,121.570300,31.241600,  0, 22,1
126,2007-02-20 19:00:56,121.570300,31.241600,  0, 22,1
126,2007-02-20 19:02:58,121.562300,31.242100, 14,112,1
126,2007-02-20 19:03:15,121.561500,31.241800,  0,112,0
126,2007-02-20 19:04:15,121.561500,31.241800,  0,112,0
126,2007-02-20 19:04:52,121.562500,31.241800, 18, 67,0
126,2007-02-20 19:05:08,121.563500,31.242100, 42, 22,0
126,2007-02-20 19:05:24,121.564800,31.242600, 20, 45,0
126,2007-02-20 19:05:40,121.565500,31.241800, 34, 67,0
126,2007-02-20 19:06:41,121.565800,31.241300,  0, 67,0
126,2007-02-20 19:07:00,121.566500,31.240500, 30, 67,0
126,2007-02-20 19:07:23,121.565800,31.239800, 48,112,0
126,2007-02-20 19:07:39,121.563300,31.238500, 66,112,0
126,2007-02-20 19:07:55,121.560600,31.237100, 74,112,0
126,2007-02-20 19:08:11,121.557800,31.235800, 80,112,0
126,2007-02-20 19:08:27,121.554800,31.234300, 74,112,0
126,2007-02-20 19:08:43,121.553100,31.233500, 10,112,0
126,2007-02-20 19:09:10,121.553000,31.232600, 46, 90,0
126,2007-02-20 19:09:26,121.553300,31.231000, 50, 90,0
126,2007-02-20 19:09:42,121.553800,31.229300, 64, 90,0
126,2007-02-20 19:09:58,121.554500,31.226800, 70, 90,0
126,2007-02-20 19:11:23,121.555800,31.221300, 92, 90,0
126,2007-02-20 19:12:11,121.553600,31.214800, 64,135,0
126,2007-02-20 19:12:27,121.552800,31.213600, 50, 90,0
126,2007-02-20 19:12:43,121.553000,31.212000, 38, 90,0
126,2007-02-20 19:12:59,121.553500,31.210100, 48, 90,0
126,2007-02-20 19:13:31,121.551300,31.209100, 14,135,0
126,2007-02-20 19:14:03,121.551100,31.208300, 44, 90,0
126,2007-02-20 19:14:19,121.551500,31.206300, 24, 90,0
126,2007-02-20 19:15:04,121.551600,31.205300, 40, 90,0
126,2007-02-20 19:15:53,121.551800,31.204300, 10, 90,0
126,2007-02-20 19:16:28,121.551800,31.204300, 18, 90,1
126,2007-02-20 19:17:28,121.554000,31.198100, 18, 90,1
126,2007-02-20 19:18:29,121.554600,31.194100, 20,112,1
126,2007-02-20 19:19:30,121.551800,31.192600, 22, 90,1
126,2007-02-20 19:19:38,121.552000,31.192500,  0, 45,0
126,2007-02-20 19:20:26,121.551500,31.193300, 26,  0,0
126,2007-02-20 19:21:27,121.552100,31.193600,  0, 45,0
126,2007-02-20 19:22:28,121.552100,31.193600,  0, 45,0
126,2007-02-20 19:24:30,121.552100,31.193600,  0, 45,0
126,2007-02-20 19:25:31,121.552100,31.193600,  0, 45,0
126,2007-02-20 19:26:32,121.552100,31.193600,  0, 45,0
126,2007-02-20 19:27:33,121.552100,31.193600,  0, 45,0
126,2007-02-20 19:28:34,121.552100,31.193600,  0, 45,0
126,2007-02-20 19:29:35,121.552100,31.193600,  0, 45,0
126,2007-02-20 19:30:36,121.552100,31.193600,  0, 45,0
126,2007-02-20 19:31:37,121.552100,31.193600,  0, 45,0
126,2007-02-20 19:33:39,121.552100,31.193600,  0, 45,0
126,2007-02-20 19:34:40,121.552100,31.193600,  0, 45,0
126,2007-02-20 19:35:41,121.552100,31.193600,  0, 45,0
126,2007-02-20 19:36:42,121.552100,31.193600,  0, 45,0
126,2007-02-20 19:37:43,121.552100,31.193600,  0, 45,0
126,2007-02-20 19:38:44,121.552100,31.193600,  0, 45,0
126,2007-02-20 19:39:45,121.552100,31.193600,  0, 45,0
126,2007-02-20 19:40:46,121.552100,31.193600,  0, 45,0
126,2007-02-20 19:41:47,121.552100,31.193600,  0, 45,0
126,2007-02-20 19:42:48,121.552100,31.193600,  0, 45,0
126,2007-02-20 19:43:49,121.552100,31.193600,  0, 45,0
126,2007-02-20 19:44:50,121.552100,31.193600,  0, 45,0
126,2007-02-20 19:45:51,121.552100,31.193600,  0, 45,0
126,2007-02-20 19:46:48,121.553100,31.193800, 40, 45,0
126,2007-02-20 19:47:04,121.554600,31.194100, 12, 45,0
126,2007-02-20 19:47:24,121.554600,31.194100, 16, 67,1
126,2007-02-20 19:48:24,121.558000,31.191600, 54, 45,1
126,2007-02-20 19:49:25,121.564500,31.192500, 42, 45,1
126,2007-02-20 19:50:26,121.571800,31.194300, 24, 22,1
126,2007-02-20 19:51:27,121.573600,31.195000,  0, 22,1
126,2007-02-20 19:52:28,121.573600,31.195000,  0, 22,1
126,2007-02-20 19:53:29,121.583000,31.197600, 80, 45,1
126,2007-02-20 19:54:30,121.591100,31.199300, 92, 45,1
126,2007-02-20 19:56:32,121.607600,31.200100,  0, 45,1
126,2007-02-20 19:57:33,121.606600,31.204000, 56,157,1
126,2007-02-20 19:58:34,121.608600,31.209800, 28, 22,1
126,2007-02-20 19:58:42,121.608600,31.210000,  0, 22,0
126,2007-02-20 19:59:22,121.608600,31.210100, 16,157,1
126,2007-02-20 20:00:23,121.606500,31.215800, 30,  0,1
126,2007-02-20 20:01:24,121.604300,31.221600,  0,  0,1
126,2007-02-20 20:02:25,121.604300,31.221800, 14,157,1
126,2007-02-20 20:03:26,121.600300,31.221100,  0,135,1
126,2007-02-20 20:04:27,121.591000,31.219000,106,135,1
126,2007-02-20 20:05:28,121.578300,31.213500, 92,135,1
126,2007-02-20 20:06:29,121.563000,31.207300, 80,112,1
126,2007-02-20 20:07:30,121.554800,31.206000, 88,135,1
126,2007-02-20 20:08:31,121.542600,31.202100, 26,157,1
126,2007-02-20 20:10:33,121.535800,31.209000,  0,135,1
126,2007-02-20 20:11:34,121.526500,31.209800, 40,135,1
126,2007-02-20 20:12:35,121.522100,31.210000,  0,135,1
126,2007-02-20 20:14:37,121.516800,31.210800,  4,  0,1
126,2007-02-20 20:15:27,121.517100,31.212500,  0,135,0
126,2007-02-20 20:15:42,121.517100,31.212500,  0,135,0
126,2007-02-20 20:16:14,121.515800,31.212600, 10,135,0
126,2007-02-20 20:16:30,121.514500,31.213000, 48,135,0
126,2007-02-20 20:17:06,121.513300,31.213500, 12,  0,0
126,2007-02-20 20:17:22,121.514000,31.214500, 36,  0,0
126,2007-02-20 20:18:10,121.514100,31.215500, 32,  0,0
126,2007-02-20 20:18:26,121.514100,31.216600, 36,  0,0
126,2007-02-20 20:18:42,121.514500,31.218500, 56,  0,0
126,2007-02-20 20:18:58,121.514500,31.219800, 26,  0,0
126,2007-02-20 20:19:17,121.514300,31.222100, 48,  0,0
126,2007-02-20 20:19:30,121.513800,31.224000, 68,  0,0
126,2007-02-20 20:19:46,121.513300,31.226000, 58,  0,0
126,2007-02-20 20:20:02,121.512600,31.228000, 56,  0,0
126,2007-02-20 20:20:27,121.512100,31.229100, 18,  0,0
126,2007-02-20 20:22:07,121.513000,31.229300,  0,135,1
126,2007-02-20 20:23:07,121.513300,31.225300,  0, 67,1
126,2007-02-20 20:24:08,121.514000,31.222800, 66, 90,1
126,2007-02-20 20:25:09,121.514000,31.216000, 12, 90,1
126,2007-02-20 20:27:11,121.516100,31.210600, 64, 45,1
126,2007-02-20 20:28:12,121.523500,31.209800,  0, 45,1
126,2007-02-20 20:29:13,121.524000,31.206600,  8, 45,1
126,2007-02-20 20:29:21,121.524000,31.206800,  0,  0,0
126,2007-02-20 20:30:11,121.523500,31.207500, 10,157,0
126,2007-02-20 20:30:27,121.522300,31.207500, 30,112,0
126,2007-02-20 20:30:43,121.521500,31.206000, 16,112,0
126,2007-02-20 20:31:04,121.520300,31.206300, 56,157,0
126,2007-02-20 20:31:20,121.520100,31.207500, 68, 22,0
126,2007-02-20 20:31:36,121.521000,31.208800,  0, 22,0
126,2007-02-20 20:31:42,121.521000,31.208800, 16,  0,1
126,2007-02-20 20:32:43,121.521300,31.209600,  0, 22,1
126,2007-02-20 20:33:44,121.522300,31.211500, 30,  0,1
126,2007-02-20 20:34:45,121.525100,31.219800, 86,  0,1
126,2007-02-20 20:35:46,121.521600,31.229500, 68,  0,1
126,2007-02-20 20:36:47,121.517100,31.238600, 54,157,1
126,2007-02-20 20:37:48,121.515000,31.242800,  0,157,1
126,2007-02-20 20:38:49,121.515000,31.242800,  0,157,1
126,2007-02-20 20:39:50,121.507600,31.261300,  0,157,1
126,2007-02-20 20:40:51,121.505300,31.263600, 32,157,1
126,2007-02-20 20:42:26,121.507600,31.268600, 18, 22,0
126,2007-02-20 20:42:42,121.507600,31.268500,  0, 22,0
126,2007-02-20 20:43:22,121.508000,31.268600, 22, 22,1
126,2007-02-20 20:44:23,121.511500,31.268800, 16, 22,1
126,2007-02-20 20:45:24,121.515100,31.272000, 54, 22,1
126,2007-02-20 20:46:25,121.515300,31.272000,  0, 22,1
126,2007-02-20 20:48:27,121.526500,31.277500, 58, 45,1
126,2007-02-20 20:49:28,121.530800,31.278500, 42, 45,1
126,2007-02-20 20:50:29,121.536100,31.279800,  0, 22,1
126,2007-02-20 20:51:30,121.536300,31.280000,  0, 22,1
126,2007-02-20 20:52:31,121.533000,31.285000, 26,157,1
126,2007-02-20 20:54:33,121.530100,31.295500, 50,  0,1
126,2007-02-20 20:55:34,121.527800,31.300000, 18,  0,1
126,2007-02-20 20:56:35,121.527600,31.305300, 18,  0,1
126,2007-02-20 20:58:37,121.527600,31.312100, 40,  0,1
126,2007-02-20 20:59:38,121.527600,31.315800, 14,  0,1
126,2007-02-20 21:00:39,121.527500,31.316300, 24,  0,1
126,2007-02-20 21:01:10,121.527600,31.318000,  0,  0,0
126,2007-02-20 21:01:25,121.527600,31.318000,  0,  0,0
126,2007-02-20 21:01:47,121.527600,31.319000, 48,  0,0
126,2007-02-20 21:02:18,121.527600,31.320000, 28,  0,0
126,2007-02-20 21:02:34,121.528800,31.320100, 46, 45,0
126,2007-02-20 21:02:50,121.531300,31.320100, 54, 45,0
126,2007-02-20 21:03:06,121.533300,31.320100, 42, 45,0
126,2007-02-20 21:03:22,121.534100,31.319600, 22, 90,0
126,2007-02-20 21:03:39,121.534100,31.318600, 42, 90,0
126,2007-02-20 21:04:03,121.534100,31.317600,  4, 90,0
126,2007-02-20 21:04:44,121.534100,31.316600, 28, 90,0
126,2007-02-20 21:05:00,121.534100,31.315100, 40, 90,0
126,2007-02-20 21:05:16,121.534100,31.314000, 26, 90,0
126,2007-02-20 21:05:32,121.534300,31.312500, 46, 90,0
126,2007-02-20 21:06:04,121.534100,31.308600, 44, 90,0
126,2007-02-20 21:06:20,121.534300,31.306800, 50, 90,0
126,2007-02-20 21:06:36,121.534500,31.304800, 44, 90,0
126,2007-02-20 21:06:52,121.533800,31.303800, 42,112,0
126,2007-02-20 21:07:08,121.532600,31.303100, 42,112,0
126,2007-02-20 21:07:24,121.531000,31.302300, 34,112,0
126,2007-02-20 21:07:40,121.529600,31.301500, 32,112,0
126,2007-02-20 21:08:43,121.527800,31.300300, 12,112,0
126,2007-02-20 21:08:59,121.528000,31.299300, 48, 67,0
126,2007-02-20 21:09:15,121.529000,31.297100, 72, 67,0
126,2007-02-20 21:09:31,121.530100,31.295300, 38, 67,0
126,2007-02-20 21:10:45,121.530500,31.291300, 42, 90,0
126,2007-02-20 21:11:01,121.530500,31.289600, 66, 90,0
126,2007-02-20 21:11:17,121.530800,31.288100, 18, 90,0
126,2007-02-20 21:11:54,121.531500,31.287300, 34, 67,0
126,2007-02-20 21:12:10,121.532300,31.286600, 18, 67,0
126,2007-02-20 21:12:26,121.533000,31.285800, 30, 67,0
126,2007-02-20 21:12:44,121.532100,31.285300, 52,112,0
126,2007-02-20 21:13:00,121.530000,31.284300, 46,112,0
126,2007-02-20 21:13:16,121.528600,31.283600, 18,112,0
126,2007-02-20 21:13:32,121.527000,31.282800, 56,112,0
126,2007-02-20 21:13:48,121.525500,31.282000, 36,112,0
126,2007-02-20 21:14:05,121.524300,31.281300, 26,112,0
126,2007-02-20 21:14:21,121.523000,31.280600, 38,112,0
126,2007-02-20 21:15:22,121.522000,31.280300,  0,112,0
126,2007-02-20 21:15:44,121.521300,31.279300, 40,112,0
126,2007-02-20 21:16:00,121.520500,31.277000, 50, 90,0
126,2007-02-20 21:17:01,121.521000,31.276300,  0, 90,0
126,2007-02-20 21:17:45,121.522000,31.275800, 34, 67,0
126,2007-02-20 21:18:46,121.523500,31.276300,  0, 67,0
126,2007-02-20 21:19:35,121.524600,31.276000, 50, 67,0
126,2007-02-20 21:19:51,121.527000,31.273800, 74, 67,0
126,2007-02-20 21:20:07,121.529000,31.271600, 68, 67,0
126,2007-02-20 21:20:23,121.530800,31.269100,100, 67,0
126,2007-02-20 21:20:39,121.532800,31.266300, 68, 67,0
126,2007-02-20 21:20:55,121.534300,31.264000, 88, 67,0
126,2007-02-20 21:21:11,121.536800,31.261000, 96, 67,0
126,2007-02-20 21:21:27,121.539600,31.259100, 80, 67,0
126,2007-02-20 21:21:43,121.542100,31.257100, 84, 67,0
126,2007-02-20 21:21:59,121.545500,31.254800, 96, 67,0
126,2007-02-20 21:22:15,121.548600,31.252600, 76, 67,0
126,2007-02-20 21:22:31,121.551300,31.251000, 64, 67,0
126,2007-02-20 21:22:47,121.553100,31.251800, 66,  0,0
126,2007-02-20 21:23:19,121.550600,31.255300, 22,157,0
126,2007-02-20 21:23:35,121.550100,31.256000, 48, 22,0
126,2007-02-20 21:23:51,121.551300,31.257100, 30, 22,0
126,2007-02-20 21:26:44,121.552000,31.253800, 32,112,1
126,2007-02-20 21:28:46,121.550000,31.251800, 72,157,1
126,2007-02-20 21:29:47,121.539000,31.259000, 78,157,1
126,2007-02-20 21:30:47,121.531600,31.267600, 72,157,1
126,2007-02-20 21:31:49,121.524600,31.276600, 84,157,1
126,2007-02-20 21:32:50,121.518100,31.286800, 90,157,1
126,2007-02-20 21:33:51,121.506100,31.287300, 90,135,1
126,2007-02-20 21:34:52,121.492800,31.288000, 76,112,1
126,2007-02-20 21:35:52,121.479000,31.287300, 90,112,1
126,2007-02-20 21:36:54,121.473800,31.278100, 78, 90,1
126,2007-02-20 21:37:55,121.468600,31.270000, 56,112,1
126,2007-02-20 21:38:56,121.460100,31.264000, 76,112,1
126,2007-02-20 21:39:57,121.449600,31.261000, 48,135,1
126,2007-02-20 21:40:58,121.445800,31.260300,  0,112,1
126,2007-02-20 21:41:59,121.445800,31.260300,  0,112,1
126,2007-02-20 21:42:59,121.441600,31.259500, 38,135,1
126,2007-02-20 21:44:01,121.439500,31.261800, 12,157,1
126,2007-02-20 21:45:02,121.438100,31.266000, 24,157,1
126,2007-02-20 21:46:02,121.437600,31.266600,  0,157,1
126,2007-02-20 21:47:04,121.433800,31.264000, 32,112,1
126,2007-02-20 21:47:58,121.431600,31.266600,  0,  0,0
126,2007-02-20 21:48:14,121.431600,31.266600,  0,  0,0
126,2007-02-20 21:49:01,121.431300,31.267600, 26,  0,0
126,2007-02-20 21:49:59,121.431100,31.268800, 16,  0,0
126,2007-02-20 21:50:19,121.431000,31.269800, 30,  0,0
126,2007-02-20 21:50:35,121.432000,31.271000, 44, 22,0
126,2007-02-20 21:50:51,121.433800,31.270800, 64, 45,0
126,2007-02-20 21:51:07,121.436300,31.270000, 28, 45,0
126,2007-02-20 21:52:07,121.437500,31.269600, 46, 45,0
126,2007-02-20 21:53:59,121.444300,31.261000, 42, 67,0
126,2007-02-20 21:55:00,121.444800,31.260500,  0, 67,0
126,2007-02-20 21:55:57,121.445500,31.259800, 28, 67,0
126,2007-02-20 21:56:14,121.448000,31.260500, 46, 45,0
126,2007-02-20 21:56:29,121.449800,31.260800, 46, 45,0
126,2007-02-20 21:56:46,121.450100,31.260600, 38, 90,0
126,2007-02-20 21:57:02,121.451000,31.258600, 56, 67,0
126,2007-02-20 21:57:17,121.452600,31.258600, 62, 45,0
126,2007-02-20 21:57:34,121.455100,31.259100, 40, 45,0
126,2007-02-20 21:57:50,121.456800,31.259300, 32, 45,0
126,2007-02-20 21:58:06,121.458300,31.259600, 24, 45,0
126,2007-02-20 21:58:30,121.458100,31.259000, 28,112,0
126,2007-02-20 21:59:27,121.458600,31.255800, 46, 90,0
126,2007-02-20 21:59:44,121.458600,31.254300, 20, 90,0
126,2007-02-20 22:00:45,121.458600,31.254500,  0, 67,0
126,2007-02-20 22:01:01,121.458500,31.253100, 38, 90,0
126,2007-02-20 22:01:17,121.458100,31.252000, 48, 90,0
126,2007-02-20 22:01:32,121.457300,31.250000, 64, 90,0
126,2007-02-20 22:01:49,121.457300,31.248100, 42, 90,0
126,2007-02-20 22:02:05,121.457100,31.246600, 40, 67,0
126,2007-02-20 22:02:21,121.459100,31.246300, 62, 45,0
126,2007-02-20 22:02:37,121.461500,31.246000, 34, 45,0
126,2007-02-20 22:04:15,121.468100,31.241000, 68, 67,1
126,2007-02-20 22:06:17,121.471300,31.234000, 70, 67,1
126,2007-02-20 22:07:17,121.473500,31.230800,  0, 67,1
126,2007-02-20 22:08:19,121.473600,31.230600,  0, 67,1
126,2007-02-20 22:09:20,121.477500,31.232300, 16, 22,1
126,2007-02-20 22:10:20,121.483800,31.232500, 48, 45,1
126,2007-02-20 22:11:21,121.483800,31.232500,  0, 45,1
126,2007-02-20 22:12:22,121.498500,31.239300, 58, 67,1
126,2007-02-20 22:13:24,121.504100,31.237300,  0, 45,1
126,2007-02-20 22:14:25,121.505500,31.239300, 62, 22,1
126,2007-02-20 22:15:26,121.510300,31.241000,  0, 45,1
126,2007-02-20 22:16:27,121.514500,31.242100, 54, 45,1
126,2007-02-20 22:17:11,121.517000,31.240500,  0, 67,0
126,2007-02-20 22:17:27,121.517000,31.240500,  0, 67,0
126,2007-02-20 22:18:07,121.517100,31.240100, 14, 22,1
126,2007-02-20 22:19:07,121.521000,31.238800,  2, 67,1
126,2007-02-20 22:20:09,121.522300,31.236000, 36, 67,1
126,2007-02-20 22:21:10,121.528100,31.234100, 52, 45,1
126,2007-02-20 22:22:11,121.537000,31.237000, 64, 45,1
126,2007-02-20 22:23:12,121.541800,31.238500, 62, 45,1
126,2007-02-20 22:24:12,121.545300,31.239800, 50, 22,1
126,2007-02-20 22:25:14,121.553800,31.243600,  8, 22,1
126,2007-02-20 22:26:15,121.560300,31.247500, 40, 22,1
126,2007-02-20 22:27:16,121.567300,31.251500,  0, 22,1
126,2007-02-20 22:28:17,121.570500,31.247100, 14,112,1
126,2007-02-20 22:28:57,121.570600,31.246300,  0, 67,0
126,2007-02-20 22:29:59,121.570600,31.246500,  0,157,0
126,2007-02-20 22:31:00,121.570600,31.247100, 22, 67,0
126,2007-02-20 22:31:16,121.571100,31.246000, 38,112,0
126,2007-02-20 22:31:32,121.569600,31.245300, 40,112,0
126,2007-02-20 22:31:47,121.568300,31.244500, 54,112,0
126,2007-02-20 22:32:04,121.566100,31.243500, 46,112,0
126,2007-02-20 22:32:20,121.565000,31.243000,  4,112,0
126,2007-02-20 22:32:42,121.565300,31.242000, 42, 67,0
126,2007-02-20 22:33:06,121.565500,31.242000, 16,157,1
126,2007-02-20 22:34:06,121.560800,31.245000, 42,112,1
126,2007-02-20 22:35:07,121.553600,31.240500, 50,112,1
126,2007-02-20 22:38:18,121.535500,31.233100, 32,112,1
126,2007-02-20 22:39:19,121.530000,31.233300, 58,157,1
126,2007-02-20 22:40:20,121.521600,31.232500, 76,135,1
126,2007-02-20 22:41:21,121.517500,31.237500, 30,135,1
126,2007-02-20 22:41:30,121.517000,31.237300,  0,112,0
126,2007-02-20 22:42:15,121.516300,31.237100, 44,112,0
126,2007-02-20 22:42:31,121.514500,31.236300, 46,112,0
126,2007-02-20 22:42:47,121.512600,31.235600, 22,135,0
126,2007-02-20 22:43:03,121.512100,31.237100, 54,  0,0
126,2007-02-20 22:43:24,121.511500,31.238000, 22,135,0
126,2007-02-20 22:43:40,121.509300,31.237100, 62,112,0
126,2007-02-20 22:43:56,121.507800,31.237300, 52,157,0
126,2007-02-20 22:44:31,121.506600,31.240000, 34, 22,0
126,2007-02-20 22:44:47,121.508300,31.240500, 26, 45,0
126,2007-02-20 22:45:03,121.508800,31.239600,  8,112,0
126,2007-02-20 22:46:04,121.508500,31.239600,  0,135,0
126,2007-02-20 22:46:32,121.508300,31.239500, 14,112,1
126,2007-02-20 22:47:32,121.508600,31.240100,  0,  0,1
126,2007-02-20 22:48:33,121.512800,31.241800, 68, 45,1
126,2007-02-20 22:49:34,121.519800,31.242600, 66, 45,1
126,2007-02-20 22:50:35,121.533300,31.245100, 86, 45,1
126,2007-02-20 22:51:36,121.540300,31.247800,  0, 22,1
126,2007-02-20 22:52:37,121.547000,31.252500,  0, 22,1
126,2007-02-20 22:53:38,121.547600,31.253300, 58, 22,1
126,2007-02-20 22:54:39,121.551000,31.256800, 14, 22,1
126,2007-02-20 22:55:40,121.556800,31.260600,  4, 22,1
126,2007-02-20 22:56:41,121.562000,31.264300, 72, 22,1
126,2007-02-20 22:57:42,121.566300,31.268300,  0, 22,1
126,2007-02-20 22:58:43,121.566300,31.268300,  0, 22,1
126,2007-02-20 22:59:44,121.569800,31.271100, 26, 22,1
126,2007-02-20 23:00:45,121.574300,31.274500, 40, 22,1
126,2007-02-20 23:01:46,121.579100,31.279100, 30,  0,1
126,2007-02-20 23:02:47,121.580500,31.286000, 40, 45,1
126,2007-02-20 23:03:48,121.582100,31.287300, 14,135,1
126,2007-02-20 23:04:22,121.581800,31.287600,  0,135,0
126,2007-02-20 23:05:13,121.582300,31.287300, 18, 45,0
126,2007-02-20 23:05:46,121.583500,31.287100,  8, 90,0
126,2007-02-20 23:06:04,121.583300,31.286100, 20, 90,0
126,2007-02-20 23:06:25,121.582600,31.285800, 44,135,0
126,2007-02-20 23:06:56,121.582500,31.285800, 20, 45,1
126,2007-02-20 23:07:56,121.584100,31.280300, 22, 67,1
126,2007-02-20 23:08:57,121.584000,31.276300, 24, 45,1
126,2007-02-20 23:09:58,121.587500,31.272600, 46, 67,1
126,2007-02-20 23:10:59,121.588800,31.268600, 22, 67,1
126,2007-02-20 23:11:25,121.588000,31.268000,  0,135,0
126,2007-02-20 23:11:41,121.588000,31.268000,  0,135,0
126,2007-02-20 23:12:39,121.587600,31.268000, 18, 45,0
126,2007-02-20 23:12:58,121.588800,31.268500, 18,  0,0
126,2007-02-20 23:13:24,121.589100,31.269100, 14, 22,0
126,2007-02-20 23:13:46,121.589600,31.268300, 22, 90,0
126,2007-02-20 23:14:02,121.588000,31.267600, 60,112,0
126,2007-02-20 23:14:18,121.586000,31.266800, 34,112,0
126,2007-02-20 23:14:47,121.584800,31.266600, 38,135,0
126,2007-02-20 23:15:03,121.583300,31.266600,  4,135,0
126,2007-02-20 23:15:54,121.582100,31.266800, 42,135,0
126,2007-02-20 23:16:10,121.580300,31.267000, 12,135,0
126,2007-02-20 23:16:32,121.580100,31.267000, 14,135,1
126,2007-02-20 23:17:32,121.573500,31.273100, 40,157,1
126,2007-02-20 23:19:34,121.570000,31.271500,  0,112,1
126,2007-02-20 23:20:35,121.566500,31.268600,  6,112,1
126,2007-02-20 23:21:36,121.563800,31.266300, 64,112,1
126,2007-02-20 23:22:45,121.556600,31.261100,  0,157,0
126,2007-02-20 23:23:45,121.556600,31.261300, 12,157,0
126,2007-02-20 23:26:08,121.561000,31.262500, 46, 67,0
126,2007-02-20 23:26:24,121.562000,31.260500, 50, 67,0
126,2007-02-20 23:26:40,121.561100,31.259600, 52,112,0
126,2007-02-20 23:26:56,121.559300,31.258600, 34,112,0
126,2007-02-20 23:27:21,121.559100,31.258000, 48, 67,0
126,2007-02-20 23:27:37,121.560600,31.256000, 60, 67,0
126,2007-02-20 23:27:53,121.561800,31.254100, 50, 67,0
126,2007-02-20 23:28:09,121.561500,31.253300, 54,112,0
126,2007-02-20 23:28:25,121.560100,31.252500, 14,112,0
126,2007-02-20 23:28:41,121.559000,31.251600, 36,112,0
126,2007-02-20 23:29:11,121.558000,31.251100, 20,112,0
126,2007-02-20 23:29:27,121.556500,31.250100, 42,112,0
126,2007-02-20 23:29:54,121.555600,31.249500, 44,112,0
126,2007-02-20 23:30:10,121.554100,31.248600, 32,112,0
126,2007-02-20 23:30:26,121.552600,31.247600, 52,112,0
126,2007-02-20 23:30:58,121.549800,31.247100, 24,157,0
126,2007-02-20 23:31:14,121.548300,31.248100, 62,157,0
126,2007-02-20 23:31:30,121.546600,31.249100, 32,157,0
126,2007-02-20 23:31:46,121.545100,31.250000, 20,157,0
126,2007-02-20 23:32:02,121.545300,31.250800, 48, 22,0
126,2007-02-20 23:32:18,121.546800,31.252300, 58, 22,0
126,2007-02-20 23:32:34,121.548100,31.253600, 50, 22,0
126,2007-02-20 23:32:50,121.549300,31.255000, 24, 22,0
126,2007-02-20 23:33:51,121.549300,31.255100,  0, 22,0
126,2007-02-20 23:34:12,121.550100,31.255800, 52, 22,0
126,2007-02-20 23:34:28,121.551500,31.257100, 34, 22,0
126,2007-02-20 23:34:44,121.552800,31.258300, 34, 22,0
126,2007-02-20 23:35:00,121.554600,31.259300, 58, 22,0
126,2007-02-20 23:35:16,121.556500,31.260300, 34, 22,0
126,2007-02-20 23:35:53,121.557300,31.260500, 42, 67,0
126,2007-02-20 23:36:09,121.558600,31.258800, 56, 67,0
126,2007-02-20 23:36:25,121.559800,31.257100, 54, 67,0
126,2007-02-20 23:36:41,121.561000,31.255500, 50, 67,0
126,2007-02-20 23:36:57,121.562300,31.253600, 58, 67,0
126,2007-02-20 23:37:13,121.563600,31.251500, 64, 67,0
126,2007-02-20 23:37:29,121.564100,31.250000, 48,112,0
126,2007-02-20 23:37:45,121.561800,31.248600, 70,112,0
126,2007-02-20 23:38:01,121.560600,31.247800, 28, 90,0
126,2007-02-20 23:38:17,121.561500,31.246600, 28, 67,0
126,2007-02-20 23:39:00,121.562100,31.245800, 40, 67,0
126,2007-02-20 23:39:16,121.563100,31.244600, 14, 67,0
126,2007-02-20 23:40:17,121.563300,31.244600,  0,157,0
126,2007-02-20 23:41:18,121.563300,31.244600,  0,157,0
126,2007-02-20 23:42:19,121.563300,31.244600,  0,157,0
126,2007-02-20 23:43:20,121.563300,31.244600,  0,157,0
126,2007-02-20 23:44:21,121.563300,31.244600,  0,157,0
126,2007-02-20 23:45:22,121.563300,31.244600,  0,157,0
126,2007-02-20 23:46:23,121.563300,31.244600,  0,157,0
126,2007-02-20 23:47:24,121.563300,31.244600,  0,157,0
126,2007-02-20 23:48:25,121.563300,31.244600,  0,157,0
126,2007-02-20 23:48:32,121.563300,31.244600, 16,157,1
126,2007-02-20 23:49:33,121.561500,31.245500, 48,112,1
126,2007-02-20 23:50:34,121.556100,31.242000, 26,112,1
126,2007-02-20 23:51:35,121.547800,31.237800, 48,112,1
126,2007-02-20 23:52:36,121.543800,31.242100, 40,112,1
126,2007-02-20 23:52:52,121.542800,31.241600,  0,112,0
126,2007-02-20 23:53:08,121.542800,31.241600,  0,112,0
126,2007-02-20 23:53:42,121.542100,31.241600, 42,157,0
126,2007-02-20 23:54:17,121.541100,31.243000, 14,157,1
126,2007-02-20 23:55:18,121.536300,31.246300, 68,112,1
126,2007-02-20 23:56:19,121.525100,31.243000,  0,135,1
126,2007-02-20 23:57:20,121.520300,31.242800, 48,135,1
126,2007-02-20 23:58:21,121.515800,31.242800,  0,135,1
126,2007-02-20 23:59:22,121.512500,31.241800, 74,135,1
