106,2007-02-20 00:00:36,121.487500,31.374500, 22,112,1
106,2007-02-20 00:01:37,121.490800,31.368800, 88, 67,1
106,2007-02-20 00:02:38,121.495800,31.356600, 94, 90,1
106,2007-02-20 00:03:39,121.494100,31.343500,106,112,1
106,2007-02-20 00:04:40,121.485500,31.331300, 86,112,1
106,2007-02-20 00:05:41,121.480600,31.319600, 92, 90,1
106,2007-02-20 00:06:42,121.480800,31.306500, 90, 90,1
106,2007-02-20 00:07:43,121.485000,31.295100, 64, 90,1
106,2007-02-20 00:08:44,121.473500,31.291500, 98,135,1
106,2007-02-20 00:09:45,121.459000,31.295800, 80,157,1
106,2007-02-20 00:11:47,121.433000,31.292300, 66,135,1
106,2007-02-20 00:12:48,121.424300,31.292100, 46,135,1
106,2007-02-20 00:13:49,121.423100,31.288300,  0, 90,1
106,2007-02-20 00:14:50,121.423600,31.285100, 36, 90,1
106,2007-02-20 00:17:31,121.423500,31.276500, 52,112,1
106,2007-02-20 00:18:32,121.419800,31.271300, 54, 90,1
106,2007-02-20 00:19:33,121.419600,31.269500,  0, 90,1
106,2007-02-20 00:20:34,121.419300,31.264500, 70, 90,1
106,2007-02-20 00:21:35,121.419100,31.260800, 16,112,1
106,2007-02-20 00:22:36,121.416600,31.259000, 26,112,1
106,2007-02-20 00:23:21,121.414800,31.258500,  0,135,0
106,2007-02-20 00:23:37,121.414800,31.258500,  0,135,0
106,2007-02-20 00:24:24,121.415800,31.258500, 36, 45,0
106,2007-02-20 00:24:40,121.417000,31.259000, 26, 22,0
106,2007-02-20 00:25:27,121.417300,31.259500, 32,157,0
106,2007-02-20 00:25:43,121.416600,31.260800, 40,157,0
106,2007-02-20 00:25:59,121.416000,31.261800, 28,157,0
106,2007-02-20 00:27:00,121.416300,31.262000,  0, 67,0
106,2007-02-20 00:27:57,121.417100,31.261100, 44, 67,0
106,2007-02-20 00:28:13,121.418000,31.259800, 16, 67,0
106,2007-02-20 00:28:56,121.418800,31.259600, 44, 22,0
106,2007-02-20 00:29:12,121.420000,31.260300, 28, 67,0
106,2007-02-20 00:29:28,121.420800,31.259100, 34, 90,0
106,2007-02-20 00:29:44,121.421300,31.258100, 30, 22,0
106,2007-02-20 00:30:00,121.422500,31.259000, 44, 22,0
106,2007-02-20 00:30:16,121.423500,31.259600, 32, 22,0
106,2007-02-20 00:30:33,121.424500,31.260300, 38, 22,0
106,2007-02-20 00:30:49,121.426100,31.261000, 34, 22,0
106,2007-02-20 00:31:05,121.426800,31.260300, 54, 90,0
106,2007-02-20 00:31:21,121.427300,31.259000, 14,112,0
106,2007-02-20 00:31:37,121.426300,31.258600, 30,112,0
106,2007-02-20 00:31:53,121.425300,31.258000, 16,112,0
106,2007-02-20 00:32:13,121.424300,31.258000, 30,157,0
106,2007-02-20 00:32:29,121.423500,31.259000, 22,157,0
106,2007-02-20 00:32:45,121.422500,31.259000, 38,112,0
106,2007-02-20 00:33:01,121.421300,31.258000, 32,112,0
106,2007-02-20 00:33:17,121.422000,31.256600, 38, 67,0
106,2007-02-20 00:33:33,121.423000,31.255500, 26, 67,0
106,2007-02-20 00:34:33,121.423500,31.254600, 44, 67,0
106,2007-02-20 00:34:49,121.424100,31.253300, 30, 67,0
106,2007-02-20 00:35:21,121.425600,31.250800, 10, 67,0
106,2007-02-20 00:36:22,121.426000,31.250500, 22, 67,0
106,2007-02-20 00:37:14,121.427300,31.251000, 42, 22,0
106,2007-02-20 00:37:46,121.428500,31.251100, 10, 22,0
106,2007-02-20 00:38:02,121.429600,31.252600, 44, 22,0
106,2007-02-20 00:38:18,121.431000,31.254100, 54, 22,0
106,2007-02-20 00:38:34,121.432300,31.254300, 24, 67,0
106,2007-02-20 00:39:44,121.439300,31.251300, 26, 67,0
106,2007-02-20 00:40:03,121.440300,31.251000, 10,  0,0
106,2007-02-20 00:40:20,121.441300,31.251500, 28, 45,0
106,2007-02-20 00:40:36,121.441800,31.251000, 30, 45,0
106,2007-02-20 00:41:37,121.441300,31.250000,  0, 67,0
106,2007-02-20 00:42:38,121.441300,31.250000,  0, 67,0
106,2007-02-20 00:43:29,121.441000,31.248800, 18,135,1
106,2007-02-20 00:45:30,121.428500,31.252500, 30,157,1
106,2007-02-20 00:46:31,121.424800,31.254500, 38,157,1
106,2007-02-20 00:47:32,121.423000,31.254300, 28,112,1
106,2007-02-20 00:48:33,121.419600,31.252100, 32,112,1
106,2007-02-20 00:50:35,121.410300,31.250000, 52,135,1
106,2007-02-20 00:52:37,121.405800,31.249500, 62,135,1
106,2007-02-20 00:53:58,121.401100,31.251000,  0,135,0
106,2007-02-20 00:54:55,121.401800,31.250800, 22, 45,0
106,2007-02-20 00:55:34,121.403000,31.250800, 24,  0,0
106,2007-02-20 00:55:51,121.402800,31.251800, 16,  0,0
106,2007-02-20 00:56:15,121.401300,31.252600, 36,  0,0
106,2007-02-20 00:56:31,121.401100,31.253600, 20,  0,0
106,2007-02-20 00:56:55,121.401100,31.254100, 28, 90,0
106,2007-02-20 00:57:11,121.401600,31.252600, 34, 90,0
106,2007-02-20 00:57:49,121.402300,31.250500, 26, 90,0
106,2007-02-20 00:58:07,121.402500,31.249500, 20, 90,0
106,2007-02-20 00:58:37,121.403500,31.248500, 12, 90,0
106,2007-02-20 00:58:50,121.404300,31.248500, 40, 45,0
106,2007-02-20 00:59:06,121.406000,31.248800, 40, 45,0
106,2007-02-20 00:59:22,121.407500,31.249300, 48, 45,0
106,2007-02-20 00:59:38,121.409100,31.249500, 32, 45,0
106,2007-02-20 00:59:54,121.409800,31.248100, 38, 90,0
106,2007-02-20 01:00:10,121.410300,31.246600, 36, 67,0
106,2007-02-20 01:00:28,121.411300,31.245800, 30, 67,0
106,2007-02-20 01:00:45,121.412300,31.245300, 28, 45,0
106,2007-02-20 01:01:01,121.413800,31.244500, 38, 67,0
106,2007-02-20 01:01:17,121.415000,31.243600, 22, 67,0
106,2007-02-20 01:02:09,121.415800,31.243000, 30, 67,0
106,2007-02-20 01:02:31,121.417100,31.242500, 26, 67,0
106,2007-02-20 01:02:47,121.418500,31.241600, 42, 67,0
106,2007-02-20 01:03:03,121.420100,31.240600, 34, 67,0
106,2007-02-20 01:03:21,121.420100,31.240000, 30,112,0
106,2007-02-20 01:03:37,121.419600,31.239100, 24,112,0
106,2007-02-20 01:03:53,121.419100,31.238000, 34,112,0
106,2007-02-20 01:04:34,121.419300,31.235800, 26, 67,0
106,2007-02-20 01:04:50,121.420000,31.234800, 30, 67,0
106,2007-02-20 01:05:22,121.420500,31.234500, 42, 45,0
106,2007-02-20 01:05:38,121.422100,31.234800, 24, 22,0
106,2007-02-20 01:05:54,121.423600,31.235500, 32, 22,0
106,2007-02-20 01:06:26,121.423500,31.237800, 36,157,0
106,2007-02-20 01:06:42,121.423300,31.238800, 30, 22,0
106,2007-02-20 01:06:58,121.424800,31.239600, 34, 22,0
106,2007-02-20 01:07:14,121.426100,31.240100, 36, 22,0
106,2007-02-20 01:07:30,121.427100,31.240600, 34, 67,0
106,2007-02-20 01:07:45,121.428600,31.239500, 50, 67,0
106,2007-02-20 01:08:01,121.430300,31.238100, 48, 67,0
106,2007-02-20 01:08:17,121.431800,31.236800, 28, 67,0
106,2007-02-20 01:09:18,121.432500,31.236500, 12, 45,0
106,2007-02-20 01:09:35,121.433600,31.237500, 48, 22,0
106,2007-02-20 01:09:51,121.434800,31.238100, 26, 45,0
106,2007-02-20 01:10:09,121.435600,31.238100, 38, 45,0
106,2007-02-20 01:10:25,121.437300,31.238500, 42, 45,0
106,2007-02-20 01:10:41,121.438800,31.239300, 36, 22,0
106,2007-02-20 01:10:57,121.440000,31.240100, 38, 22,0
106,2007-02-20 01:11:13,121.439800,31.240800, 28,157,0
106,2007-02-20 01:11:38,121.438800,31.241100, 24,157,0
106,2007-02-20 01:11:54,121.439500,31.242300, 32, 22,0
106,2007-02-20 01:12:10,121.440300,31.243100, 22, 22,0
106,2007-02-20 01:13:10,121.440300,31.243300, 14, 22,0
106,2007-02-20 01:13:26,121.441300,31.244000, 32, 22,0
106,2007-02-20 01:14:32,121.443100,31.245500, 38, 22,0
106,2007-02-20 01:15:05,121.445500,31.245100, 18, 67,0
106,2007-02-20 01:15:50,121.446300,31.244100, 36, 67,0
106,2007-02-20 01:16:05,121.447300,31.243300, 12, 67,0
106,2007-02-20 01:16:42,121.448300,31.242500, 26, 67,0
106,2007-02-20 01:16:58,121.449100,31.241800, 34, 67,0
106,2007-02-20 01:17:14,121.450500,31.240300, 44, 67,0
106,2007-02-20 01:17:45,121.452800,31.238800, 34, 22,0
106,2007-02-20 01:18:46,121.453800,31.239300,  0, 45,0
106,2007-02-20 01:19:23,121.455000,31.239600, 20, 22,0
106,2007-02-20 01:20:23,121.455500,31.239600,  8, 45,0
106,2007-02-20 01:20:41,121.455300,31.239500, 28,112,1
106,2007-02-20 01:21:42,121.458100,31.234000, 50, 67,1
106,2007-02-20 01:22:43,121.460000,31.231100, 22, 67,1
106,2007-02-20 01:23:44,121.461000,31.230000,  0, 67,1
106,2007-02-20 01:24:45,121.463000,31.230800,  0, 45,1
106,2007-02-20 01:25:38,121.466000,31.232500,  0, 45,0
106,2007-02-20 01:25:53,121.466500,31.232500, 26, 45,0
106,2007-02-20 01:26:08,121.466800,31.233300, 36,  0,0
106,2007-02-20 01:26:34,121.466300,31.234300, 22,  0,0
106,2007-02-20 01:26:51,121.465500,31.235600, 46,157,0
106,2007-02-20 01:27:52,121.465000,31.236800,  0,  0,0
106,2007-02-20 01:28:29,121.465100,31.238100, 26, 22,0
106,2007-02-20 01:28:44,121.466000,31.239000, 42, 22,0
106,2007-02-20 01:29:00,121.467600,31.239600, 46, 22,0
106,2007-02-20 01:29:17,121.469800,31.240000, 48, 45,0
106,2007-02-20 01:29:32,121.471000,31.240300, 24, 22,0
106,2007-02-20 01:30:08,121.472600,31.241300, 10, 22,0
106,2007-02-20 01:30:43,121.475100,31.240500, 28, 45,0
106,2007-02-20 01:30:59,121.475500,31.241100, 24,  0,0
106,2007-02-20 01:31:39,121.474800,31.243800, 22, 45,0
106,2007-02-20 01:32:40,121.475000,31.243600,  0, 45,0
106,2007-02-20 01:33:41,121.475000,31.243600,  0, 45,0
106,2007-02-20 01:34:41,121.476000,31.243500,  0, 45,0
106,2007-02-20 01:35:33,121.477100,31.243500, 46, 45,0
106,2007-02-20 01:35:50,121.479100,31.243600, 30, 45,0
106,2007-02-20 01:36:50,121.480000,31.243800,  0, 45,0
106,2007-02-20 01:38:53,121.480000,31.243800,  0, 45,0
106,2007-02-20 01:39:53,121.480000,31.243800,  0, 45,0
106,2007-02-20 01:40:26,121.481100,31.244000, 20,  0,0
106,2007-02-20 01:40:42,121.480600,31.245500, 34,  0,0
106,2007-02-20 01:40:58,121.480100,31.247000, 50,  0,0
106,2007-02-20 01:41:14,121.479300,31.248500, 50,157,0
106,2007-02-20 01:41:46,121.481500,31.250000, 42, 45,0
106,2007-02-20 01:42:02,121.483600,31.250500, 34, 45,0
106,2007-02-20 01:42:32,121.483800,31.251100, 48,157,0
106,2007-02-20 01:42:48,121.482800,31.252100, 20,157,0
106,2007-02-20 01:43:49,121.481300,31.254100, 42,157,0
106,2007-02-20 01:44:43,121.480600,31.255000, 34,157,0
106,2007-02-20 01:44:59,121.479800,31.255600, 22,157,0
106,2007-02-20 01:45:35,121.477800,31.256000, 18,135,0
106,2007-02-20 01:45:53,121.476300,31.256500, 10,  0,0
106,2007-02-20 01:46:53,121.475800,31.256100,  8,135,0
106,2007-02-20 01:47:10,121.475300,31.257000, 26,  0,0
106,2007-02-20 01:47:48,121.474600,31.257800, 30,157,0
106,2007-02-20 01:48:03,121.475000,31.258500, 38, 22,0
106,2007-02-20 01:48:22,121.476100,31.259100, 40, 22,0
106,2007-02-20 01:48:48,121.477300,31.259500, 10, 45,0
106,2007-02-20 01:49:30,121.478100,31.260000, 18, 22,0
106,2007-02-20 01:50:05,121.480000,31.261600, 26, 22,0
106,2007-02-20 01:50:21,121.481000,31.261300, 32, 67,0
106,2007-02-20 01:50:37,121.482000,31.260500, 38, 67,0
106,2007-02-20 01:50:53,121.483100,31.259500, 32, 67,0
106,2007-02-20 01:51:32,121.484000,31.260000, 44, 22,0
106,2007-02-20 01:51:48,121.485100,31.260300, 44, 67,0
106,2007-02-20 01:53:05,121.488800,31.262800,  0, 45,0
106,2007-02-20 01:54:06,121.485500,31.261600,  0, 67,0
106,2007-02-20 01:54:32,121.485600,31.261500, 36,  0,0
106,2007-02-20 01:54:48,121.485800,31.262300, 20,  0,0
106,2007-02-20 01:55:03,121.486000,31.263300, 30,  0,0
106,2007-02-20 01:55:21,121.486300,31.264500, 26,  0,0
106,2007-02-20 01:55:38,121.486000,31.265100, 24,  0,0
106,2007-02-20 01:55:55,121.486800,31.265300, 20, 22,0
106,2007-02-20 01:56:13,121.486800,31.266100, 34,  0,0
106,2007-02-20 01:56:28,121.486800,31.267300, 26,  0,0
106,2007-02-20 01:56:48,121.487500,31.268000, 16, 45,0
106,2007-02-20 01:57:05,121.489000,31.267600, 24, 45,0
106,2007-02-20 01:57:27,121.490600,31.267600, 28, 45,0
106,2007-02-20 01:57:43,121.491000,31.268500, 46,  0,0
106,2007-02-20 01:57:58,121.490000,31.269100, 34,157,0
106,2007-02-20 01:58:15,121.489500,31.270500, 24, 45,0
106,2007-02-20 01:58:31,121.491300,31.270000, 40, 45,0
106,2007-02-20 01:58:47,121.493000,31.269600, 42, 45,0
106,2007-02-20 01:59:03,121.495100,31.269800, 30, 22,0
106,2007-02-20 01:59:18,121.496000,31.270800, 40, 22,0
106,2007-02-20 01:59:35,121.496600,31.272100, 30,  0,0
106,2007-02-20 01:59:52,121.497100,31.272800, 20, 45,0
106,2007-02-20 02:00:12,121.498300,31.272800, 36, 45,0
106,2007-02-20 02:00:28,121.499000,31.273300, 36,  0,0
106,2007-02-20 02:00:43,121.498800,31.274600, 24,  0,0
106,2007-02-20 02:01:35,121.495500,31.275500, 46,135,0
106,2007-02-20 02:01:51,121.492800,31.276000, 46,135,0
106,2007-02-20 02:02:07,121.490500,31.276300, 46,135,0
106,2007-02-20 02:02:23,121.489000,31.277000, 18,  0,0
106,2007-02-20 02:02:38,121.488300,31.278600, 42,  0,0
106,2007-02-20 02:02:55,121.488100,31.280100, 24, 45,0
106,2007-02-20 02:03:11,121.489000,31.280500, 24, 45,0
106,2007-02-20 02:03:31,121.488500,31.281800, 36,  0,0
106,2007-02-20 02:03:47,121.488100,31.282800, 30,  0,0
106,2007-02-20 02:04:18,121.486500,31.284100, 36,135,0
106,2007-02-20 02:04:35,121.484800,31.284100, 34,135,0
106,2007-02-20 02:05:07,121.483000,31.285000,  0,  0,0
106,2007-02-20 02:06:35,121.478600,31.284000,  0,135,1
106,2007-02-20 02:07:36,121.478300,31.284000, 20,135,1
106,2007-02-20 02:08:37,121.476100,31.278300, 68,112,1
106,2007-02-20 02:09:38,121.475500,31.277100, 16, 90,1
106,2007-02-20 02:10:38,121.475300,31.269500, 62, 90,1
106,2007-02-20 02:11:40,121.475300,31.267600, 24, 90,1
106,2007-02-20 02:12:41,121.474000,31.261500,  0, 90,1
106,2007-02-20 02:13:42,121.472100,31.256500, 52, 90,1
106,2007-02-20 02:16:04,121.475500,31.251800,  4, 22,0
106,2007-02-20 02:16:20,121.476500,31.252300, 32, 22,0
106,2007-02-20 02:16:52,121.479000,31.253300, 48, 22,0
106,2007-02-20 02:17:13,121.479800,31.253300, 20,  0,0
106,2007-02-20 02:17:30,121.479500,31.255000, 46,  0,0
106,2007-02-20 02:17:46,121.478800,31.256800, 44,  0,0
106,2007-02-20 02:18:02,121.478600,31.258300, 36,  0,0
106,2007-02-20 02:18:35,121.478300,31.260500, 42,  0,0
106,2007-02-20 02:18:51,121.478800,31.261600, 16,  0,0
106,2007-02-20 02:19:07,121.479100,31.262600, 28,  0,0
106,2007-02-20 02:19:23,121.479300,31.263600, 18,  0,0
106,2007-02-20 02:19:56,121.479100,31.264600, 34,  0,0
106,2007-02-20 02:20:12,121.479300,31.265800, 34,157,0
106,2007-02-20 02:20:28,121.479300,31.266500, 28, 45,0
106,2007-02-20 02:20:45,121.480100,31.267000, 30,  0,0
106,2007-02-20 02:21:01,121.480100,31.268100, 12,  0,0
106,2007-02-20 02:22:02,121.480300,31.268300,  0,  0,0
106,2007-02-20 02:23:03,121.480300,31.268300,  0,  0,0
106,2007-02-20 02:23:40,121.480300,31.269300, 16,  0,0
106,2007-02-20 02:24:13,121.481300,31.269600, 24, 45,0
106,2007-02-20 02:24:32,121.482500,31.269800, 16, 45,0
106,2007-02-20 02:25:33,121.483500,31.270000,  8, 22,0
106,2007-02-20 02:25:50,121.483300,31.271100, 36,  0,0
106,2007-02-20 02:26:06,121.482800,31.272500, 38,157,0
106,2007-02-20 02:26:22,121.482600,31.273300, 20, 45,0
106,2007-02-20 02:26:55,121.485100,31.272800, 16, 45,0
106,2007-02-20 02:27:13,121.486300,31.272800, 30, 45,0
106,2007-02-20 02:28:03,121.487500,31.273800, 40,157,0
106,2007-02-20 02:28:20,121.486500,31.275500, 34,157,0
106,2007-02-20 02:28:51,121.486100,31.276300, 24,157,1
106,2007-02-20 02:29:51,121.491800,31.278300, 44, 45,1
106,2007-02-20 02:30:52,121.491600,31.283100, 46,  0,1
106,2007-02-20 02:31:53,121.496000,31.282300, 38, 67,1
106,2007-02-20 02:32:53,121.500500,31.281500, 52, 22,1
106,2007-02-20 02:33:55,121.501800,31.284100,  0, 22,1
106,2007-02-20 02:34:56,121.504100,31.288300, 52, 22,1
106,2007-02-20 02:35:57,121.506800,31.293600,  0, 22,1
106,2007-02-20 02:36:58,121.509500,31.298600,  2,  0,1
106,2007-02-20 02:37:58,121.511500,31.302600, 58,157,1
106,2007-02-20 02:39:00,121.506800,31.309600, 22,  0,1
106,2007-02-20 02:40:01,121.508800,31.311300, 50,  0,1
106,2007-02-20 02:40:28,121.509600,31.311600,  0, 22,0
106,2007-02-20 02:41:28,121.509600,31.311600,  0, 22,0
106,2007-02-20 02:42:23,121.510800,31.311600, 20,  0,0
106,2007-02-20 02:42:38,121.510800,31.312800, 36,  0,0
106,2007-02-20 02:43:11,121.510300,31.313500, 32,135,1
106,2007-02-20 02:44:12,121.505300,31.311600, 58, 67,1
106,2007-02-20 02:45:13,121.502600,31.310000, 20,135,1
106,2007-02-20 02:46:13,121.494000,31.310000, 36,135,1
106,2007-02-20 02:47:15,121.491600,31.307100, 58, 90,1
106,2007-02-20 02:48:16,121.486300,31.306300, 50,135,1
106,2007-02-20 02:49:17,121.485800,31.307800,  0,  0,1
106,2007-02-20 02:49:58,121.485600,31.308800, 34,  0,0
106,2007-02-20 02:50:46,121.485600,31.309800, 30,  0,0
106,2007-02-20 02:52:00,121.485500,31.313600, 26,  0,0
106,2007-02-20 02:52:16,121.485500,31.314800, 36,  0,0
106,2007-02-20 02:52:32,121.485600,31.316300, 44,  0,0
106,2007-02-20 02:52:48,121.485800,31.317600,  0,  0,0
106,2007-02-20 02:53:18,121.486000,31.318600, 48,  0,0
106,2007-02-20 02:53:33,121.486100,31.320000, 20,  0,0
106,2007-02-20 02:54:48,121.486500,31.322300, 14,157,0
106,2007-02-20 02:55:03,121.485300,31.322300, 26,135,0
106,2007-02-20 02:55:25,121.484100,31.322100, 20,135,0
106,2007-02-20 02:55:42,121.483000,31.322300, 26,135,0
106,2007-02-20 02:56:13,121.481800,31.323000, 20, 22,0
106,2007-02-20 02:57:15,121.482300,31.323300,  0,112,0
106,2007-02-20 02:58:16,121.482300,31.323300,  0,112,0
106,2007-02-20 02:58:41,121.482100,31.323800, 44,  0,0
106,2007-02-20 02:58:57,121.482600,31.325500, 40,  0,0
106,2007-02-20 02:59:13,121.483100,31.326800, 28,  0,0
106,2007-02-20 02:59:28,121.483500,31.327800, 28,  0,0
106,2007-02-20 02:59:45,121.484500,31.329800, 78, 22,0
106,2007-02-20 03:00:01,121.486500,31.332500, 90, 22,0
106,2007-02-20 03:00:17,121.488600,31.335300, 92, 22,0
106,2007-02-20 03:00:33,121.490800,31.338100, 92, 22,0
106,2007-02-20 03:01:05,121.494300,31.343600, 82, 22,0
106,2007-02-20 03:01:21,121.496100,31.346600, 80, 22,0
106,2007-02-20 03:01:37,121.497500,31.349000, 70,  0,0
106,2007-02-20 03:01:53,121.498000,31.351100, 50,  0,0
106,2007-02-20 03:02:08,121.497600,31.353000, 54,  0,0
106,2007-02-20 03:02:25,121.496500,31.355500, 66,157,0
106,2007-02-20 03:02:41,121.495500,31.357800, 70,  0,0
106,2007-02-20 03:02:57,121.494300,31.360500, 80,  0,0
106,2007-02-20 03:03:13,121.493300,31.363100, 68,  0,0
106,2007-02-20 03:03:28,121.492300,31.365500, 72,  0,0
106,2007-02-20 03:03:45,121.491100,31.368100, 76,  0,0
106,2007-02-20 03:04:01,121.490000,31.370600, 60,157,0
106,2007-02-20 03:04:17,121.489000,31.372800, 60,  0,0
106,2007-02-20 03:04:33,121.488800,31.373800,  0, 22,0
106,2007-02-20 03:05:03,121.489800,31.374500, 48, 22,0
106,2007-02-20 03:06:33,121.494100,31.380500, 54, 22,0
106,2007-02-20 03:06:48,121.495100,31.382100, 30, 22,0
106,2007-02-20 03:07:05,121.495600,31.383100, 36,  0,0
106,2007-02-20 03:07:21,121.496300,31.384500, 32, 22,0
106,2007-02-20 03:08:22,121.496600,31.385100,  0,157,0
106,2007-02-20 03:09:23,121.496600,31.385100,  0,157,0
106,2007-02-20 03:10:23,121.496600,31.385100,  0,157,0
106,2007-02-20 03:11:25,121.496600,31.385100,  0,157,0
106,2007-02-20 03:12:26,121.496600,31.385100,  0,157,0
106,2007-02-20 03:13:27,121.496600,31.385100,  0,157,0
106,2007-02-20 03:14:28,121.496600,31.385100,  0,157,0
106,2007-02-20 03:15:28,121.496600,31.385100,  0,157,0
106,2007-02-20 03:16:30,121.496600,31.385100,  0,157,0
106,2007-02-20 03:17:31,121.496600,31.385100,  0,157,0
106,2007-02-20 03:19:33,121.496600,31.385100,  0,157,0
106,2007-02-20 03:20:33,121.496600,31.385100,  0,157,0
106,2007-02-20 03:21:35,121.496600,31.385100,  0,157,0
106,2007-02-20 03:22:36,121.496600,31.385100,  0,157,0
106,2007-02-20 03:23:37,121.496600,31.385100,  0,157,0
106,2007-02-20 03:24:38,121.496600,31.385100,  0,157,0
106,2007-02-20 03:25:38,121.496600,31.385100,  0,157,0
106,2007-02-20 03:26:40,121.496600,31.385100,  0,157,0
106,2007-02-20 03:27:41,121.496600,31.385100,  0,157,0
106,2007-02-20 03:28:41,121.496600,31.385100,  0,157,0
106,2007-02-20 03:29:43,121.496600,31.385100,  0,157,0
106,2007-02-20 03:30:43,121.496600,31.385100,  0,157,0
106,2007-02-20 03:31:45,121.496600,31.385100,  0,157,0
106,2007-02-20 03:32:45,121.496600,31.385100,  0,157,0
106,2007-02-20 03:33:46,121.496600,31.385100,  0,157,0
106,2007-02-20 03:35:48,121.496600,31.385100,  0,157,0
106,2007-02-20 03:36:49,121.496600,31.385100,  0,157,0
106,2007-02-20 03:37:50,121.496600,31.385100,  0,157,0
106,2007-02-20 03:38:51,121.496600,31.385100,  0,157,0
106,2007-02-20 03:39:52,121.496600,31.385100,  0,157,0
106,2007-02-20 03:40:53,121.496600,31.385100,  0,157,0
106,2007-02-20 03:41:54,121.496600,31.385100,  0,157,0
106,2007-02-20 03:42:55,121.496600,31.385100,  0,157,0
106,2007-02-20 03:43:56,121.496600,31.385100,  0,157,0
106,2007-02-20 03:44:57,121.496600,31.385100,  0,157,0
106,2007-02-20 03:46:59,121.496600,31.385100,  0,157,0
106,2007-02-20 03:48:00,121.496600,31.385100,  0,157,0
106,2007-02-20 03:49:01,121.496600,31.385100,  0,157,0
106,2007-02-20 03:50:02,121.496600,31.385100,  0,157,0
106,2007-02-20 03:51:03,121.496600,31.385100,  0,157,0
106,2007-02-20 03:53:05,121.496600,31.385100,  0,157,0
106,2007-02-20 03:54:06,121.496600,31.385100,  0,157,0
106,2007-02-20 03:55:07,121.496600,31.385100,  0,157,0
106,2007-02-20 03:56:08,121.496600,31.385100,  0,157,0
106,2007-02-20 03:57:09,121.496600,31.385100,  0,157,0
106,2007-02-20 03:58:10,121.496600,31.385100,  0,157,0
106,2007-02-20 03:59:11,121.496600,31.385100,  0,157,0
106,2007-02-20 04:00:12,121.496600,31.385100,  0,157,0
106,2007-02-20 04:01:13,121.496600,31.385100,  0,157,0
106,2007-02-20 04:03:15,121.496600,31.385100,  0,157,0
106,2007-02-20 04:04:16,121.496600,31.385100,  0,157,0
106,2007-02-20 04:05:17,121.496600,31.385100,  0,157,0
106,2007-02-20 04:06:16,121.496100,31.384300, 46,112,0
106,2007-02-20 04:06:32,121.495300,31.382600, 50,112,0
106,2007-02-20 04:06:48,121.494500,31.381000, 52,112,0
106,2007-02-20 04:07:04,121.493500,31.379600, 30,135,0
106,2007-02-20 04:07:20,121.492600,31.380800, 40,  0,0
106,2007-02-20 04:07:39,121.493300,31.381500, 14, 45,0
106,2007-02-20 04:08:40,121.493500,31.381100,  0, 45,0
106,2007-02-20 04:09:41,121.493500,31.381000,  0, 45,0
106,2007-02-20 04:10:42,121.493500,31.381000,  0, 45,0
106,2007-02-20 04:11:43,121.493500,31.381000,  0, 45,0
106,2007-02-20 04:12:44,121.493500,31.381000,  0, 45,0
106,2007-02-20 04:13:45,121.493500,31.381000,  0, 45,0
106,2007-02-20 04:14:46,121.493500,31.381000,  0, 45,0
106,2007-02-20 04:15:47,121.493500,31.381000,  0, 45,0
106,2007-02-20 04:16:48,121.493500,31.381000,  0, 45,0
106,2007-02-20 04:17:49,121.493500,31.381000,  0, 45,0
106,2007-02-20 04:18:50,121.493300,31.381500,  0, 45,0
106,2007-02-20 04:19:51,121.493500,31.381500,  0, 45,0
106,2007-02-20 04:20:52,121.493500,31.381600,  0, 45,0
106,2007-02-20 04:21:53,121.493500,31.381600,  0, 45,0
106,2007-02-20 04:22:54,121.493500,31.381600,  0, 45,0
106,2007-02-20 04:23:55,121.493500,31.381600,  0, 45,0
106,2007-02-20 04:24:56,121.493500,31.381600,  0, 45,0
106,2007-02-20 04:26:58,121.493500,31.381600,  0, 45,0
106,2007-02-20 04:27:59,121.493500,31.381600,  0, 45,0
106,2007-02-20 04:29:00,121.493500,31.381600,  0, 45,0
106,2007-02-20 04:30:01,121.493500,31.381600,  0, 45,0
106,2007-02-20 04:31:02,121.493500,31.381600,  0, 45,0
106,2007-02-20 04:32:03,121.493500,31.381600,  0, 45,0
106,2007-02-20 04:33:04,121.493500,31.381600,  0, 45,0
106,2007-02-20 04:34:05,121.493500,31.381600,  0, 45,0
106,2007-02-20 04:35:06,121.493500,31.381600,  0, 45,0
106,2007-02-20 04:36:07,121.493500,31.381600,  0, 45,0
106,2007-02-20 04:37:08,121.493500,31.381600,  0, 45,0
106,2007-02-20 04:38:09,121.493500,31.381600,  0, 45,0
106,2007-02-20 04:39:10,121.493500,31.381600,  0, 45,0
106,2007-02-20 04:40:11,121.493500,31.381600,  0, 45,0
106,2007-02-20 04:41:12,121.493500,31.381600,  0, 45,0
106,2007-02-20 04:43:14,121.493500,31.381600,  0, 45,0
106,2007-02-20 04:44:15,121.493500,31.381600,  0, 45,0
106,2007-02-20 04:45:16,121.493500,31.381500,  0, 45,0
106,2007-02-20 04:46:17,121.493300,31.381600,  0, 45,0
106,2007-02-20 04:47:18,121.493300,31.381500,  0, 45,0
106,2007-02-20 04:48:19,121.493500,31.381500,  0, 45,0
106,2007-02-20 04:49:20,121.493300,31.381300,  0, 45,0
106,2007-02-20 04:50:21,121.493500,31.381500,  0, 45,0
106,2007-02-20 04:52:23,121.493300,31.381300,  0, 45,0
106,2007-02-20 04:53:24,121.493300,31.381500,  0, 45,0
106,2007-02-20 04:54:25,121.493500,31.381300,  0, 45,0
106,2007-02-20 04:55:26,121.493500,31.381300,  0, 45,0
106,2007-02-20 04:56:27,121.493500,31.381300,  0, 45,0
106,2007-02-20 04:57:28,121.493500,31.381300,  0, 45,0
106,2007-02-20 04:58:29,121.493500,31.381300,  0, 45,0
106,2007-02-20 04:59:30,121.493500,31.381300,  0, 45,0
106,2007-02-20 05:00:31,121.493500,31.381500,  0, 45,0
106,2007-02-20 05:01:32,121.493500,31.381300,  0, 45,0
106,2007-02-20 05:02:33,121.493500,31.381300,  0, 45,0
106,2007-02-20 05:03:34,121.493300,31.381500,  0, 45,0
106,2007-02-20 05:04:35,121.493500,31.381300,  0, 45,0
106,2007-02-20 05:05:36,121.493300,31.381500,  0, 45,0
106,2007-02-20 05:06:37,121.493300,31.381500,  0, 45,0
106,2007-02-20 05:07:38,121.493300,31.381500,  0, 45,0
106,2007-02-20 05:08:39,121.493800,31.381100,  0, 45,0
106,2007-02-20 05:09:40,121.493800,31.381100,  0, 45,0
106,2007-02-20 05:10:41,121.493800,31.381100,  0, 45,0
106,2007-02-20 05:11:42,121.493800,31.381100,  0, 45,0
106,2007-02-20 05:12:43,121.493800,31.381100,  0, 45,0
106,2007-02-20 05:13:44,121.493800,31.381100,  0, 45,0
106,2007-02-20 05:14:45,121.493800,31.381100,  0, 45,0
106,2007-02-20 05:15:46,121.493800,31.381100,  0, 45,0
106,2007-02-20 05:16:47,121.493800,31.381100,  0, 45,0
106,2007-02-20 05:17:48,121.493800,31.381100,  0, 45,0
106,2007-02-20 05:18:49,121.493800,31.381100,  0, 45,0
106,2007-02-20 05:19:50,121.493800,31.381100,  0, 45,0
106,2007-02-20 05:20:51,121.493600,31.381100,  0, 45,0
106,2007-02-20 05:21:52,121.493500,31.381300,  0, 45,0
106,2007-02-20 05:22:53,121.493500,31.381300,  0, 45,0
106,2007-02-20 05:23:54,121.493500,31.381300,  0, 45,0
106,2007-02-20 05:24:55,121.493500,31.381300,  0, 45,0
106,2007-02-20 05:25:56,121.493500,31.381300,  0, 45,0
106,2007-02-20 05:26:57,121.493500,31.381300,  0, 45,0
106,2007-02-20 05:28:59,121.493600,31.381800,  0, 45,0
106,2007-02-20 05:31:01,121.493600,31.381800,  0, 45,0
106,2007-02-20 05:33:03,121.493500,31.381600,  0, 45,0
106,2007-02-20 05:34:04,121.493500,31.381600,  0, 45,0
106,2007-02-20 05:35:05,121.493500,31.381600,  0, 45,0
106,2007-02-20 05:36:06,121.493500,31.381600,  0, 45,0
106,2007-02-20 05:37:07,121.493500,31.381600,  0, 45,0
106,2007-02-20 05:38:08,121.493500,31.381600,  0, 45,0
106,2007-02-20 05:39:09,121.493500,31.381600,  0, 45,0
106,2007-02-20 05:40:10,121.493500,31.381600,  0, 45,0
106,2007-02-20 05:41:11,121.493500,31.381600,  0, 45,0
106,2007-02-20 05:42:12,121.493500,31.381600,  0, 45,0
106,2007-02-20 05:43:13,121.493500,31.381600,  0, 45,0
106,2007-02-20 05:44:14,121.493500,31.381600,  0, 45,0
106,2007-02-20 05:45:15,121.493500,31.381600,  0, 45,0
106,2007-02-20 05:46:16,121.493500,31.381600,  0, 45,0
106,2007-02-20 05:47:17,121.493500,31.381600,  0, 45,0
106,2007-02-20 05:48:18,121.493500,31.381600,  0, 45,0
106,2007-02-20 05:50:20,121.493500,31.381600,  0, 45,0
106,2007-02-20 05:55:25,121.493500,31.381600,  0, 45,0
106,2007-02-20 05:56:26,121.493500,31.381600,  0, 45,0
106,2007-02-20 05:57:27,121.493500,31.381600,  0, 45,0
106,2007-02-20 05:58:28,121.493500,31.381600,  0, 45,0
106,2007-02-20 05:59:29,121.493500,31.381600,  0, 45,0
106,2007-02-20 06:00:30,121.493500,31.381600,  0, 45,0
106,2007-02-20 06:02:32,121.493500,31.381600,  0, 45,0
106,2007-02-20 06:03:32,121.493500,31.381600,  0, 45,0
106,2007-02-20 06:04:34,121.493500,31.381600,  0, 45,0
106,2007-02-20 06:06:35,121.493500,31.381600,  0, 45,0
106,2007-02-20 06:07:36,121.493500,31.381600,  0, 45,0
106,2007-02-20 06:08:37,121.493500,31.381600,  0, 45,0
106,2007-02-20 06:09:39,121.493500,31.381600,  0, 45,0
106,2007-02-20 06:10:39,121.493500,31.381600,  0, 45,0
106,2007-02-20 06:11:40,121.493500,31.381600,  0, 45,0
106,2007-02-20 06:12:41,121.493500,31.381600,  0, 45,0
106,2007-02-20 06:13:43,121.493300,31.381600,  0, 45,0
106,2007-02-20 06:14:44,121.493300,31.381600,  0, 45,0
106,2007-02-20 06:15:44,121.493300,31.381600,  0, 45,0
106,2007-02-20 06:16:45,121.493300,31.381600,  0, 45,0
106,2007-02-20 06:18:48,121.493300,31.381800,  0, 45,0
106,2007-02-20 06:19:49,121.493300,31.381500,  0, 45,0
106,2007-02-20 06:20:50,121.493300,31.381100,  0, 45,0
106,2007-02-20 06:21:51,121.493300,31.381500,  0, 45,0
106,2007-02-20 06:22:52,121.493300,31.381600,  0, 45,0
106,2007-02-20 06:23:52,121.493300,31.381600,  0, 45,0
106,2007-02-20 06:24:54,121.493300,31.381600,  0, 45,0
106,2007-02-20 06:25:55,121.493300,31.381600,  0, 45,0
106,2007-02-20 06:26:56,121.493300,31.381600,  0, 45,0
106,2007-02-20 06:27:57,121.493300,31.381600,  0, 45,0
106,2007-02-20 06:29:59,121.493300,31.381500,  0, 45,0
106,2007-02-20 06:31:00,121.493300,31.381500,  0, 45,0
106,2007-02-20 06:33:02,121.493300,31.381500,  0, 45,0
106,2007-02-20 06:34:03,121.493300,31.381600,  0, 45,0
106,2007-02-20 06:35:04,121.493300,31.381500,  0, 45,0
106,2007-02-20 06:36:05,121.493300,31.381500,  0, 45,0
106,2007-02-20 06:37:05,121.493100,31.381800,  0, 45,0
106,2007-02-20 06:38:06,121.493100,31.381800,  0, 45,0
106,2007-02-20 06:39:07,121.493100,31.381800,  0, 45,0
106,2007-02-20 06:40:09,121.493100,31.381600,  0, 45,0
106,2007-02-20 06:41:09,121.493100,31.381600,  0, 45,0
106,2007-02-20 06:42:10,121.493100,31.381600,  0, 45,0
106,2007-02-20 06:43:11,121.493100,31.381600,  0, 45,0
106,2007-02-20 06:44:12,121.493100,31.381600,  0, 45,0
106,2007-02-20 06:46:14,121.493100,31.381600,  0, 45,0
106,2007-02-20 06:47:15,121.493100,31.381600,  0, 45,0
106,2007-02-20 06:48:16,121.493100,31.381600,  0, 45,0
106,2007-02-20 06:49:17,121.493100,31.381600,  0, 45,0
106,2007-02-20 06:50:19,121.493500,31.381300,  0, 45,0
106,2007-02-20 06:51:19,121.493500,31.381300,  0, 45,0
106,2007-02-20 06:52:20,121.493600,31.381100,  0, 67,0
106,2007-02-20 06:54:22,121.493300,31.381600,  0, 67,0
106,2007-02-20 06:55:24,121.493300,31.381600,  0, 67,0
106,2007-02-20 06:56:24,121.493300,31.381600,  0, 67,0
106,2007-02-20 06:57:25,121.493300,31.381600,  0, 67,0
106,2007-02-20 06:58:26,121.493300,31.381600,  0, 67,0
106,2007-02-20 06:59:27,121.493300,31.381600,  0, 67,0
106,2007-02-20 07:00:29,121.493300,31.381600,  0, 67,0
106,2007-02-20 07:01:29,121.493300,31.381600,  0, 67,0
106,2007-02-20 07:02:30,121.493300,31.381600,  0, 67,0
106,2007-02-20 07:03:31,121.493300,31.381600,  0, 67,0
106,2007-02-20 07:04:32,121.493300,31.381600,  0, 67,0
106,2007-02-20 07:05:34,121.493300,31.381600,  0, 67,0
106,2007-02-20 07:07:35,121.493300,31.381600,  0, 67,0
106,2007-02-20 07:08:36,121.493300,31.381600,  0, 67,0
106,2007-02-20 07:09:37,121.493300,31.381600,  0, 67,0
106,2007-02-20 07:10:39,121.493300,31.381600,  0, 67,0
106,2007-02-20 07:11:39,121.493300,31.381600,  0, 67,0
106,2007-02-20 07:12:40,121.493300,31.381600,  0, 67,0
106,2007-02-20 07:13:41,121.493300,31.381600,  0, 67,0
106,2007-02-20 07:14:42,121.493300,31.381600,  0, 67,0
106,2007-02-20 07:15:44,121.493300,31.381600,  0, 67,0
106,2007-02-20 07:16:44,121.493300,31.381600,  0, 67,0
106,2007-02-20 07:17:45,121.493300,31.381600,  0, 67,0
106,2007-02-20 07:18:46,121.493300,31.381600,  0, 67,0
106,2007-02-20 07:19:47,121.493300,31.381600,  0, 67,0
106,2007-02-20 07:20:49,121.493300,31.381600,  0, 67,0
106,2007-02-20 07:21:49,121.493300,31.381600,  0, 67,0
106,2007-02-20 07:22:50,121.493300,31.381600,  0, 67,0
106,2007-02-20 07:23:51,121.493300,31.381600,  0, 67,0
106,2007-02-20 07:24:52,121.493300,31.381600,  0, 67,0
106,2007-02-20 07:25:53,121.493300,31.381600,  0, 67,0
106,2007-02-20 07:26:54,121.493300,31.381600,  0, 67,0
106,2007-02-20 07:27:55,121.493300,31.381600,  0, 67,0
106,2007-02-20 07:28:56,121.493300,31.381600,  0, 67,0
106,2007-02-20 07:29:57,121.493300,31.381600,  0, 67,0
106,2007-02-20 07:30:58,121.493300,31.381600,  0, 67,0
106,2007-02-20 07:31:59,121.493300,31.381600,  0, 67,0
106,2007-02-20 07:33:00,121.493300,31.381600,  0, 67,0
106,2007-02-20 07:34:01,121.493300,31.381800,  0, 67,0
106,2007-02-20 07:35:02,121.493300,31.381600,  0, 67,0
106,2007-02-20 07:36:03,121.493300,31.381600,  0, 67,0
106,2007-02-20 07:37:04,121.493300,31.381600,  0, 67,0
106,2007-02-20 07:38:05,121.493100,31.381500,  0, 67,0
106,2007-02-20 07:39:06,121.493100,31.381500,  0, 67,0
106,2007-02-20 07:40:07,121.493300,31.381100,  0,112,0
106,2007-02-20 07:41:08,121.493300,31.381100,  0,112,0
106,2007-02-20 07:42:09,121.493300,31.381100,  0,112,0
106,2007-02-20 07:44:11,121.493300,31.381100,  0,112,0
106,2007-02-20 07:45:12,121.493300,31.381100,  0,112,0
106,2007-02-20 07:46:13,121.492800,31.381300, 10,135,0
106,2007-02-20 07:47:14,121.492600,31.381000, 26, 90,0
106,2007-02-20 07:47:30,121.493300,31.379600, 54, 67,0
106,2007-02-20 07:47:46,121.494100,31.377800, 38,112,0
106,2007-02-20 07:48:02,121.492000,31.377000, 30,135,0
106,2007-02-20 07:48:18,121.491000,31.378300, 50,157,0
106,2007-02-20 07:48:56,121.490500,31.379000, 28, 67,0
106,2007-02-20 07:49:57,121.490600,31.378800,  0, 67,0
106,2007-02-20 07:50:58,121.490600,31.378800,  0, 67,0
106,2007-02-20 07:51:59,121.490600,31.379000,  0, 67,0
106,2007-02-20 07:53:00,121.490600,31.379000,  0, 67,0
106,2007-02-20 07:54:01,121.490600,31.379000,  0, 67,0
106,2007-02-20 07:55:02,121.490600,31.379000,  0, 67,0
106,2007-02-20 07:56:03,121.490600,31.379000,  0, 67,0
106,2007-02-20 07:56:49,121.491100,31.378000, 44, 67,0
106,2007-02-20 07:57:05,121.492000,31.376800, 36, 67,0
106,2007-02-20 07:57:21,121.492600,31.375800, 26, 45,0
106,2007-02-20 07:57:37,121.494600,31.376800, 52, 22,0
106,2007-02-20 07:57:53,121.496100,31.377300, 16, 22,0
106,2007-02-20 07:58:54,121.496100,31.377600,  0,  0,0
106,2007-02-20 07:59:20,121.496100,31.378600, 26,  0,0
106,2007-02-20 07:59:36,121.497000,31.380000, 48,  0,0
106,2007-02-20 07:59:52,121.497300,31.381500, 38,157,0
106,2007-02-20 08:00:08,121.496000,31.382100, 26,135,0
106,2007-02-20 08:00:26,121.495000,31.382100, 20,112,0
106,2007-02-20 08:00:42,121.494100,31.380500, 62,112,0
106,2007-02-20 08:00:58,121.492800,31.380100, 46,157,0
106,2007-02-20 08:01:14,121.492300,31.382500, 60,  0,0
106,2007-02-20 08:01:30,121.492000,31.384100, 40,  0,0
106,2007-02-20 08:01:47,121.491000,31.385800, 58,157,0
106,2007-02-20 08:02:03,121.490100,31.387100, 26, 22,0
106,2007-02-20 08:02:18,121.491600,31.388100, 46, 22,0
106,2007-02-20 08:02:34,121.492600,31.389000, 12,  0,0
106,2007-02-20 08:02:51,121.492000,31.390000, 34,157,0
106,2007-02-20 08:03:07,121.491000,31.391500, 34,157,0
106,2007-02-20 08:03:23,121.490300,31.392500,  4,157,0
106,2007-02-20 08:03:41,121.491000,31.393100, 40, 22,0
106,2007-02-20 08:04:13,121.495100,31.395100, 48, 22,0
106,2007-02-20 08:04:28,121.497100,31.395800, 56, 45,0
106,2007-02-20 08:04:45,121.499300,31.396500, 24, 45,0
106,2007-02-20 08:05:01,121.500300,31.396800, 36, 45,0
106,2007-02-20 08:05:17,121.501300,31.395800, 48, 67,0
106,2007-02-20 08:05:33,121.501800,31.394100, 46, 90,0
106,2007-02-20 08:05:48,121.502300,31.392300, 54, 90,0
106,2007-02-20 08:06:05,121.501500,31.390500, 28,135,0
106,2007-02-20 08:06:23,121.500500,31.390800, 36,157,0
106,2007-02-20 08:06:38,121.499300,31.390000, 32,112,0
106,2007-02-20 08:06:55,121.498600,31.391000, 48,157,0
106,2007-02-20 08:07:11,121.497500,31.392300,  4,157,0
106,2007-02-20 08:07:58,121.496800,31.393000, 38,157,0
106,2007-02-20 08:08:53,121.493500,31.397100, 26,157,0
106,2007-02-20 08:09:08,121.492500,31.398600, 60,157,0
106,2007-02-20 08:10:00,121.491100,31.401300, 36,  0,0
106,2007-02-20 08:11:01,121.491100,31.401600,  0,  0,0
106,2007-02-20 08:12:02,121.491100,31.401600,  0,  0,0
106,2007-02-20 08:13:03,121.491100,31.401600,  0,  0,0
106,2007-02-20 08:14:03,121.490600,31.402500, 22,157,0
106,2007-02-20 08:14:43,121.490300,31.403300, 48,  0,0
106,2007-02-20 08:14:58,121.489600,31.405500, 64,  0,0
106,2007-02-20 08:15:15,121.488800,31.407600, 62,157,0
106,2007-02-20 08:16:03,121.484100,31.408800, 34,112,0
106,2007-02-20 08:16:18,121.483100,31.408500, 32,112,0
106,2007-02-20 08:16:35,121.481500,31.407800, 38,112,0
106,2007-02-20 08:16:51,121.480000,31.407300, 48,112,0
106,2007-02-20 08:17:07,121.478100,31.406600, 42,112,0
106,2007-02-20 08:17:22,121.477100,31.407000, 10,157,0
106,2007-02-20 08:17:40,121.476800,31.406100, 48,135,0
106,2007-02-20 08:17:56,121.475000,31.405500, 46,112,0
106,2007-02-20 08:18:12,121.473300,31.404800, 34,135,0
106,2007-02-20 08:18:31,121.472300,31.404800, 22,157,0
106,2007-02-20 08:18:47,121.471500,31.406800, 56,157,0
106,2007-02-20 08:19:35,121.476000,31.409100, 10, 45,0
106,2007-02-20 08:20:11,121.477000,31.409500, 46, 22,0
106,2007-02-20 08:20:27,121.478300,31.410000, 42, 45,0
106,2007-02-20 08:20:45,121.479500,31.410300, 26, 22,0
106,2007-02-20 08:21:01,121.481500,31.411100, 58, 22,0
106,2007-02-20 08:21:17,121.483600,31.411800, 50, 22,0
106,2007-02-20 08:21:33,121.485800,31.412600, 50, 22,0
106,2007-02-20 08:21:50,121.487000,31.411600, 54, 90,0
106,2007-02-20 08:22:05,121.487600,31.410100, 24, 90,0
106,2007-02-20 08:22:37,121.484500,31.409000, 34,112,0
106,2007-02-20 08:23:02,121.483300,31.408600, 38,112,0
106,2007-02-20 08:23:18,121.481800,31.407800, 38,135,0
106,2007-02-20 08:23:35,121.479800,31.407100, 54,135,0
106,2007-02-20 08:23:50,121.478000,31.406500, 30,135,0
106,2007-02-20 08:24:08,121.476800,31.406100, 38,135,0
106,2007-02-20 08:24:40,121.473600,31.405000, 42,112,0
106,2007-02-20 08:24:56,121.472300,31.404800, 40,157,0
106,2007-02-20 08:25:28,121.469800,31.409100, 34,157,0
106,2007-02-20 08:25:49,121.470000,31.409800, 44, 22,0
106,2007-02-20 08:26:05,121.472300,31.410600, 64, 45,0
106,2007-02-20 08:26:21,121.474800,31.411500, 40, 45,0
106,2007-02-20 08:26:37,121.475800,31.410100, 54, 67,0
106,2007-02-20 08:26:53,121.476600,31.408500, 48, 67,0
106,2007-02-20 08:27:09,121.477300,31.406800, 26, 90,0
106,2007-02-20 08:28:04,121.477800,31.406000, 24, 67,0
106,2007-02-20 08:29:05,121.478100,31.405000,  0, 90,0
106,2007-02-20 08:30:06,121.478100,31.405000,  0, 90,0
106,2007-02-20 08:31:07,121.478100,31.405000,  0, 90,0
106,2007-02-20 08:32:08,121.478100,31.404800,  0, 90,0
106,2007-02-20 08:32:33,121.478600,31.404000, 32, 90,0
106,2007-02-20 08:32:49,121.479500,31.402500, 32, 67,0
106,2007-02-20 08:33:05,121.478100,31.401600, 64,135,0
106,2007-02-20 08:33:21,121.476500,31.400600, 48, 90,0
106,2007-02-20 08:33:37,121.477000,31.399100, 10, 90,0
106,2007-02-20 08:34:38,121.477100,31.399100, 28, 45,0
106,2007-02-20 08:34:54,121.479300,31.399800, 60, 45,0
106,2007-02-20 08:35:10,121.481100,31.399600, 30, 67,0
106,2007-02-20 08:35:29,121.481100,31.399300, 20, 67,1
106,2007-02-20 08:36:29,121.477600,31.394100, 42,112,1
106,2007-02-20 08:38:31,121.483000,31.384500,  0, 67,1
106,2007-02-20 08:39:31,121.483000,31.384500,  0, 67,1
106,2007-02-20 08:40:32,121.485100,31.381100, 80, 67,1
106,2007-02-20 08:41:33,121.491000,31.368100, 90, 90,1
106,2007-02-20 08:42:34,121.495600,31.357100, 84, 90,1
106,2007-02-20 08:43:35,121.497600,31.352000,  0, 90,1
106,2007-02-20 08:44:36,121.497600,31.352000,  0, 90,1
106,2007-02-20 08:45:37,121.497600,31.352000,  0, 90,1
106,2007-02-20 08:46:38,121.504100,31.350800, 76, 67,1
106,2007-02-20 08:47:39,121.514500,31.346500, 80, 67,1
106,2007-02-20 08:48:40,121.525800,31.341500, 64, 67,1
106,2007-02-20 08:49:41,121.535100,31.336500, 64, 67,1
106,2007-02-20 08:50:42,121.540500,31.330600, 38, 67,1
106,2007-02-20 08:51:43,121.541600,31.329500, 42, 67,1
106,2007-02-20 08:53:45,121.541500,31.314600, 36, 90,1
106,2007-02-20 08:54:46,121.541300,31.310100, 76, 90,1
106,2007-02-20 08:55:47,121.542300,31.298300, 92, 67,1
106,2007-02-20 08:56:48,121.550300,31.289300, 56, 67,1
106,2007-02-20 08:58:50,121.553800,31.281000, 34, 90,1
106,2007-02-20 08:59:34,121.551000,31.279500,  0,135,0
106,2007-02-20 08:59:50,121.551000,31.279500,  0,135,0
106,2007-02-20 09:00:14,121.550600,31.279500, 28,135,1
106,2007-02-20 09:01:15,121.547300,31.277600, 18,135,1
106,2007-02-20 09:02:16,121.540500,31.277300, 64,112,1
106,2007-02-20 09:03:17,121.536500,31.274500, 50,112,1
106,2007-02-20 09:04:18,121.534300,31.273300, 38,112,1
106,2007-02-20 09:05:19,121.526000,31.269600, 50,112,1
106,2007-02-20 09:06:20,121.519500,31.266600, 20,112,1
106,2007-02-20 09:06:50,121.517000,31.265500,  0,112,0
106,2007-02-20 09:07:06,121.517000,31.265500,  0,112,0
106,2007-02-20 09:07:22,121.515800,31.265000, 56,112,0
106,2007-02-20 09:07:38,121.513500,31.263800, 54,112,0
106,2007-02-20 09:07:54,121.511500,31.262500, 54,112,0
106,2007-02-20 09:08:10,121.510100,31.261300, 14,112,0
106,2007-02-20 09:08:29,121.509500,31.260600, 46,112,0
106,2007-02-20 09:09:13,121.508600,31.260000, 38,112,0
106,2007-02-20 09:09:29,121.507000,31.258500, 64,112,0
106,2007-02-20 09:09:45,121.505000,31.256600, 60,112,0
106,2007-02-20 09:10:01,121.503300,31.255800, 38,135,0
106,2007-02-20 09:10:17,121.501300,31.255100, 46,112,0
106,2007-02-20 09:10:33,121.499300,31.254300, 48,112,0
106,2007-02-20 09:10:49,121.497000,31.253300, 62,112,0
106,2007-02-20 09:11:44,121.493100,31.254800, 38,157,0
106,2007-02-20 09:12:00,121.492100,31.256300, 42,157,0
106,2007-02-20 09:12:16,121.493600,31.257600, 60, 22,0
106,2007-02-20 09:12:32,121.495800,31.258800, 58, 22,0
106,2007-02-20 09:12:48,121.497000,31.260100, 22,157,0
106,2007-02-20 09:13:08,121.496100,31.261000, 26,157,0
106,2007-02-20 09:13:24,121.495000,31.262000, 40,157,0
106,2007-02-20 09:13:40,121.493500,31.263000, 42,157,0
106,2007-02-20 09:13:56,121.493800,31.264300, 30, 22,0
106,2007-02-20 09:14:12,121.494600,31.265300, 40, 22,0
106,2007-02-20 09:14:28,121.495100,31.266800, 38,  0,0
106,2007-02-20 09:14:44,121.495800,31.268100, 40,  0,0
106,2007-02-20 09:15:00,121.496300,31.269500, 38,  0,0
106,2007-02-20 09:15:16,121.497000,31.270800, 18,  0,0
106,2007-02-20 09:15:51,121.496000,31.271300, 50,135,0
106,2007-02-20 09:16:07,121.493800,31.271800, 52,135,0
106,2007-02-20 09:16:25,121.492800,31.272000, 26,135,0
106,2007-02-20 09:16:41,121.491600,31.272000, 34,112,0
106,2007-02-20 09:16:57,121.490500,31.271000, 44,112,0
106,2007-02-20 09:17:29,121.488100,31.272600, 34,  0,0
106,2007-02-20 09:17:45,121.487500,31.274000, 46,157,0
106,2007-02-20 09:19:03,121.486000,31.278000,  0,  0,0
106,2007-02-20 09:19:19,121.486000,31.278000,  0,  0,0
106,2007-02-20 09:20:46,121.486000,31.279000, 50,  0,0
106,2007-02-20 09:21:02,121.486000,31.280500, 20,  0,0
106,2007-02-20 09:22:02,121.486100,31.280600,  0,  0,0
106,2007-02-20 09:22:37,121.487000,31.281100, 36, 45,0
106,2007-02-20 09:22:52,121.488100,31.281300, 22,  0,0
106,2007-02-20 09:23:17,121.488000,31.282500, 22,  0,0
106,2007-02-20 09:23:49,121.486800,31.284100, 36,135,0
106,2007-02-20 09:24:05,121.486100,31.284800, 46,  0,0
106,2007-02-20 09:24:21,121.486100,31.286800, 38,  0,0
106,2007-02-20 09:25:22,121.486100,31.287100,  0,  0,0
106,2007-02-20 09:26:02,121.486300,31.288100, 22,  0,0
106,2007-02-20 09:26:21,121.486300,31.289300, 36,  0,0
106,2007-02-20 09:26:37,121.486500,31.291500, 60,  0,0
106,2007-02-20 09:26:52,121.486100,31.293300, 50,  0,0
106,2007-02-20 09:27:08,121.485800,31.294300, 16,  0,0
106,2007-02-20 09:27:57,121.485600,31.294800, 22, 22,0
106,2007-02-20 09:28:16,121.487000,31.295500, 50, 22,0
106,2007-02-20 09:28:32,121.491600,31.296100, 80, 45,0
106,2007-02-20 09:28:47,121.493600,31.296300, 34, 90,0
106,2007-02-20 09:29:04,121.493800,31.294500, 42, 90,0
106,2007-02-20 09:29:20,121.493600,31.292800, 40, 90,0
106,2007-02-20 09:29:36,121.492100,31.292500, 44,135,0
106,2007-02-20 09:29:52,121.490300,31.292500, 48,135,0
106,2007-02-20 09:30:07,121.489000,31.292800, 32,157,0
106,2007-02-20 09:30:24,121.488000,31.293000, 38,135,0
106,2007-02-20 09:30:40,121.486500,31.292500, 26,135,0
106,2007-02-20 09:30:56,121.485800,31.293500, 24,  0,0
106,2007-02-20 09:31:57,121.485100,31.292800,  0, 90,0
106,2007-02-20 09:32:57,121.485100,31.292800,  0, 90,0
106,2007-02-20 09:34:59,121.485100,31.292800,  0, 90,0
106,2007-02-20 09:36:00,121.485100,31.292800,  0, 90,0
106,2007-02-20 09:37:01,121.485100,31.292800,  0, 90,0
106,2007-02-20 09:39:03,121.485100,31.292800,  0, 90,0
106,2007-02-20 09:40:04,121.485100,31.292800,  0, 90,0
106,2007-02-20 09:42:06,121.485100,31.292800,  0, 90,0
106,2007-02-20 09:42:23,121.485100,31.292800,  0, 90,1
106,2007-02-20 09:43:24,121.485100,31.292800,  0, 90,1
106,2007-02-20 09:45:26,121.478800,31.298000,  0, 90,1
106,2007-02-20 09:46:27,121.476300,31.302000, 32,  0,1
106,2007-02-20 09:47:29,121.474500,31.302500, 20,135,1
106,2007-02-20 09:49:31,121.469300,31.304500, 24, 45,1
106,2007-02-20 09:49:46,121.469600,31.304800,  0,  0,0
106,2007-02-20 09:50:47,121.469500,31.304800,  0,112,0
106,2007-02-20 09:51:42,121.469500,31.304500, 10,135,1
106,2007-02-20 09:52:42,121.470500,31.302500, 40, 45,1
106,2007-02-20 09:53:44,121.471800,31.299800, 38, 90,1
106,2007-02-20 09:54:45,121.472300,31.294500, 38, 90,1
106,2007-02-20 09:55:46,121.472600,31.289100,  0, 90,1
106,2007-02-20 09:56:47,121.472000,31.286300,  0, 90,1
106,2007-02-20 09:57:47,121.471000,31.281600, 76, 90,1
106,2007-02-20 09:58:49,121.470800,31.280000,  0, 90,1
106,2007-02-20 09:59:50,121.473100,31.278000, 22, 67,1
106,2007-02-20 10:00:51,121.473300,31.277800,  0, 67,1
106,2007-02-20 10:01:52,121.475100,31.276100, 54, 90,1
106,2007-02-20 10:02:52,121.475300,31.268000, 20, 90,1
106,2007-02-20 10:03:54,121.475100,31.263800, 42, 90,1
106,2007-02-20 10:04:55,121.473800,31.261300, 28,112,1
106,2007-02-20 10:05:56,121.472500,31.258100,  0, 90,1
106,2007-02-20 10:06:57,121.472300,31.254800, 36, 90,1
106,2007-02-20 10:07:57,121.476300,31.250100,  0, 67,1
106,2007-02-20 10:08:59,121.477000,31.248600,  4, 90,1
106,2007-02-20 10:10:00,121.477600,31.246000,  0, 90,1
106,2007-02-20 10:11:01,121.478500,31.243600, 22, 90,1
106,2007-02-20 10:12:01,121.480100,31.239800,  0, 67,1
106,2007-02-20 10:12:23,121.480100,31.239800,  0, 67,0
106,2007-02-20 10:13:23,121.480300,31.239100,  0, 67,0
106,2007-02-20 10:13:57,121.480100,31.239100, 12, 90,1
106,2007-02-20 10:14:57,121.480500,31.238300, 38, 90,1
106,2007-02-20 10:15:59,121.481800,31.234300, 36, 90,1
106,2007-02-20 10:16:59,121.482000,31.228800, 40, 90,1
106,2007-02-20 10:18:01,121.483100,31.232100,  4, 45,1
106,2007-02-20 10:19:01,121.482500,31.231500,  0, 67,1
106,2007-02-20 10:20:02,121.485300,31.231300,  8, 45,1
106,2007-02-20 10:20:50,121.485800,31.230000,  0, 90,0
106,2007-02-20 10:21:05,121.485800,31.230000,  4, 90,0
106,2007-02-20 10:21:30,121.485000,31.229800, 16,135,0
106,2007-02-20 10:22:07,121.483800,31.229600, 20,135,0
106,2007-02-20 10:22:31,121.483000,31.230000, 24,  0,0
106,2007-02-20 10:23:32,121.483000,31.230300,  0,  0,0
106,2007-02-20 10:24:23,121.482500,31.231300, 44,  0,0
106,2007-02-20 10:24:39,121.482100,31.233000, 42,  0,0
106,2007-02-20 10:24:55,121.481600,31.235000, 34,  0,0
106,2007-02-20 10:25:23,121.481300,31.236000, 50,  0,0
106,2007-02-20 10:25:39,121.480600,31.238100, 56,  0,0
106,2007-02-20 10:25:55,121.480100,31.239100,  0,157,0
106,2007-02-20 10:26:56,121.480000,31.239300, 10,157,0
106,2007-02-20 10:27:51,121.482300,31.240100, 32, 45,0
106,2007-02-20 10:28:07,121.483800,31.240500, 40, 45,0
106,2007-02-20 10:29:17,121.485800,31.242000, 46,  0,0
106,2007-02-20 10:29:49,121.485800,31.245800, 34,  0,0
106,2007-02-20 10:30:05,121.487100,31.246000, 46, 45,0
106,2007-02-20 10:30:38,121.489300,31.247300, 18,157,0
106,2007-02-20 10:31:39,121.489300,31.247500,  0,  0,0
106,2007-02-20 10:32:19,121.488500,31.246600, 46,112,0
106,2007-02-20 10:32:35,121.487100,31.245800, 30,112,0
106,2007-02-20 10:32:51,121.485800,31.245800, 14,112,0
106,2007-02-20 10:33:20,121.485300,31.245000, 14,112,0
106,2007-02-20 10:33:50,121.485800,31.246000,  0,112,1
106,2007-02-20 10:34:50,121.483300,31.246500, 14,135,1
106,2007-02-20 10:35:51,121.485300,31.241100, 36, 90,1
106,2007-02-20 10:37:38,121.480500,31.239500,  0,135,0
106,2007-02-20 10:39:05,121.479500,31.241100, 28,  0,0
106,2007-02-20 10:39:21,121.479000,31.242800, 48,  0,0
106,2007-02-20 10:39:37,121.478300,31.244100,  8,  0,0
106,2007-02-20 10:40:07,121.478000,31.245000, 30,  0,0
106,2007-02-20 10:40:26,121.477600,31.246000, 44,  0,0
106,2007-02-20 10:40:42,121.477600,31.247000, 28,  0,0
106,2007-02-20 10:41:43,121.477500,31.247600,  0,  0,0
106,2007-02-20 10:42:44,121.477500,31.247600,  0,  0,0
106,2007-02-20 10:42:51,121.477500,31.247600, 16,157,1
106,2007-02-20 10:43:51,121.476800,31.249500,  0,  0,1
106,2007-02-20 10:44:52,121.474500,31.252100, 60,157,1
106,2007-02-20 10:45:53,121.472600,31.254100,  0,157,1
106,2007-02-20 10:46:54,121.472300,31.257600, 28,  0,1
106,2007-02-20 10:47:55,121.473800,31.261300,  0, 22,1
106,2007-02-20 10:48:56,121.475100,31.265600, 38,  0,1
106,2007-02-20 10:49:57,121.473600,31.268300, 20,157,1
106,2007-02-20 10:50:58,121.470600,31.269600,  0,157,1
106,2007-02-20 10:54:01,121.467000,31.272300, 62,157,1
106,2007-02-20 10:54:38,121.467600,31.275000,  0, 22,0
106,2007-02-20 10:54:54,121.467600,31.275000,  0, 22,0
106,2007-02-20 10:55:04,121.467600,31.275000, 20, 22,1
106,2007-02-20 10:56:05,121.470600,31.279100,  0,  0,1
106,2007-02-20 10:57:06,121.471300,31.283000, 52,  0,1
106,2007-02-20 10:58:07,121.472300,31.288300, 32,  0,1
106,2007-02-20 10:59:08,121.472800,31.290600,  0,  0,1
106,2007-02-20 11:00:09,121.472800,31.291100,  0,  0,1
106,2007-02-20 11:01:10,121.471100,31.292800, 28,157,1
106,2007-02-20 11:02:11,121.462000,31.295300, 20,  0,1
106,2007-02-20 11:03:11,121.462300,31.296100,  0,  0,1
106,2007-02-20 11:04:13,121.457300,31.296500, 64,135,1
106,2007-02-20 11:05:14,121.445000,31.297600, 86,  0,1
106,2007-02-20 11:06:15,121.444100,31.309300, 78,  0,1
106,2007-02-20 11:07:16,121.444100,31.312000,  0,  0,1
106,2007-02-20 11:08:17,121.442800,31.312500, 42,135,1
106,2007-02-20 11:09:17,121.436100,31.312300, 48,135,1
106,2007-02-20 11:13:05,121.431500,31.315500,  0, 45,0
106,2007-02-20 11:14:16,121.432100,31.320500, 36,  0,1
106,2007-02-20 11:15:17,121.435300,31.322800, 40, 45,1
106,2007-02-20 11:16:17,121.433600,31.329500, 64,  0,1
106,2007-02-20 11:17:19,121.436500,31.332600,  0, 22,1
106,2007-02-20 11:19:21,121.445100,31.336600, 38, 22,1
106,2007-02-20 11:20:22,121.447300,31.337600,  0, 22,1
106,2007-02-20 11:20:58,121.447000,31.339500,  0,157,0
106,2007-02-20 11:21:14,121.447000,31.339500,  0,157,0
106,2007-02-20 11:21:55,121.446500,31.340300, 54,157,0
106,2007-02-20 11:22:11,121.445800,31.341600, 22, 22,0
106,2007-02-20 11:22:27,121.447100,31.342300, 30, 22,0
106,2007-02-20 11:22:59,121.450500,31.343500, 16, 45,0
106,2007-02-20 11:23:25,121.450300,31.344300, 54,157,0
106,2007-02-20 11:23:41,121.449300,31.346100, 10,157,0
106,2007-02-20 11:25:26,121.446600,31.342000, 58,112,1
106,2007-02-20 11:26:27,121.447800,31.337800, 12, 90,1
106,2007-02-20 11:27:27,121.440100,31.334500, 54,112,1
106,2007-02-20 11:28:29,121.438800,31.328100, 60, 90,1
106,2007-02-20 11:29:30,121.442500,31.320600, 90, 90,1
106,2007-02-20 11:30:31,121.444000,31.305800,102, 90,1
106,2007-02-20 11:31:32,121.445600,31.293500, 82, 90,1
106,2007-02-20 11:32:32,121.447000,31.283600, 70, 90,1
106,2007-02-20 11:33:34,121.447100,31.281600,  0, 90,1
106,2007-02-20 11:34:35,121.447600,31.278800, 46, 90,1
106,2007-02-20 11:35:23,121.446500,31.276500,  0,112,0
106,2007-02-20 11:35:39,121.446500,31.276500,  0,112,0
106,2007-02-20 11:36:22,121.445600,31.276000, 24,112,0
106,2007-02-20 11:36:39,121.444100,31.275100, 38,112,0
106,2007-02-20 11:36:55,121.442600,31.274100, 34,112,0
106,2007-02-20 11:37:29,121.441800,31.273500, 22, 67,0
106,2007-02-20 11:37:45,121.442800,31.273000, 12, 67,0
106,2007-02-20 11:38:46,121.443600,31.272800,  0,157,0
106,2007-02-20 11:39:47,121.443600,31.272800,  0,157,0
106,2007-02-20 11:40:47,121.443600,31.272800,  0,157,0
106,2007-02-20 11:41:49,121.443600,31.272800,  0,157,0
106,2007-02-20 11:42:50,121.443600,31.272800,  0,157,0
106,2007-02-20 11:43:51,121.443600,31.272800,  0,157,0
106,2007-02-20 11:44:52,121.443600,31.272800,  0,157,0
106,2007-02-20 11:48:02,121.443600,31.272800,  0,157,0
106,2007-02-20 11:49:04,121.443600,31.272800,  0,157,0
106,2007-02-20 11:50:05,121.443600,31.272800,  0,157,0
106,2007-02-20 11:51:06,121.443600,31.272800,  0,157,0
106,2007-02-20 11:52:07,121.443600,31.272800,  0,157,0
106,2007-02-20 11:53:07,121.443600,31.272800,  0,157,0
106,2007-02-20 11:54:09,121.443600,31.272800,  0,157,0
106,2007-02-20 11:55:10,121.443600,31.272800,  0,157,0
106,2007-02-20 11:56:11,121.443600,31.272800,  0,157,0
106,2007-02-20 11:57:12,121.443300,31.272800, 12,157,0
106,2007-02-20 11:57:29,121.442300,31.273300, 20,157,0
106,2007-02-20 11:57:59,121.442300,31.274000, 30, 22,0
106,2007-02-20 11:58:20,121.442800,31.274300, 26, 22,1
106,2007-02-20 12:00:22,121.447800,31.277500,  0, 22,1
106,2007-02-20 12:01:22,121.447800,31.277500,  0, 22,1
106,2007-02-20 12:02:24,121.447600,31.280500,  0,  0,1
106,2007-02-20 12:03:25,121.447000,31.287100, 72,  0,1
106,2007-02-20 12:04:26,121.444300,31.301000,106,  0,1
106,2007-02-20 12:05:27,121.444100,31.312000,  0,  0,1
106,2007-02-20 12:06:27,121.442600,31.312500, 28,135,1
106,2007-02-20 12:07:29,121.439000,31.312500, 36,135,1
106,2007-02-20 12:08:30,121.433600,31.312300,  8,157,1
106,2007-02-20 12:09:31,121.432500,31.312100,  8,  0,1
106,2007-02-20 12:09:55,121.432500,31.313300,  0,157,0
106,2007-02-20 12:10:11,121.432500,31.313300,  0,157,0
106,2007-02-20 12:11:12,121.432500,31.313300,  0,157,0
106,2007-02-20 12:11:58,121.432500,31.313100, 16, 90,1
106,2007-02-20 12:12:58,121.433100,31.315100, 38,  0,1
106,2007-02-20 12:13:59,121.432100,31.320300, 58,  0,1
106,2007-02-20 12:15:00,121.435500,31.322800,  0, 45,1
106,2007-02-20 12:16:01,121.437000,31.323000, 46, 45,1
106,2007-02-20 12:16:33,121.440500,31.323000,  0, 45,0
106,2007-02-20 12:16:48,121.440500,31.323000,  0, 45,0
106,2007-02-20 12:17:18,121.441500,31.322600, 20, 67,0
106,2007-02-20 12:17:34,121.442800,31.319600, 68, 90,0
106,2007-02-20 12:17:50,121.443500,31.317600, 50, 90,0
106,2007-02-20 12:18:07,121.443100,31.318100, 36, 90,0
106,2007-02-20 12:19:23,121.443000,31.315600,  4, 90,0
106,2007-02-20 12:19:50,121.443600,31.315100,  8, 90,0
106,2007-02-20 12:20:51,121.443600,31.315300,  0,  0,0
106,2007-02-20 12:21:09,121.444800,31.315100, 34, 45,0
106,2007-02-20 12:21:25,121.446300,31.315100, 48, 45,0
106,2007-02-20 12:21:41,121.447600,31.315100,  0, 45,0
106,2007-02-20 12:21:57,121.448600,31.315100, 48, 45,0
106,2007-02-20 12:22:29,121.452000,31.315100, 42, 45,0
106,2007-02-20 12:22:45,121.454000,31.315300, 42, 45,0
106,2007-02-20 12:23:01,121.455100,31.315300,  0, 45,0
106,2007-02-20 12:23:29,121.455300,31.316100, 26,  0,0
106,2007-02-20 12:23:45,121.455100,31.317300, 30,  0,0
106,2007-02-20 12:24:08,121.455300,31.318300, 22,  0,0
106,2007-02-20 12:25:00,121.455100,31.319300, 32,157,0
106,2007-02-20 12:25:16,121.453300,31.319000, 26,135,0
106,2007-02-20 12:25:32,121.452100,31.318600,  8,135,0
106,2007-02-20 12:25:58,121.450800,31.318500, 32,135,0
106,2007-02-20 12:26:14,121.449300,31.318100, 34,135,0
106,2007-02-20 12:26:30,121.447800,31.317600, 26,135,0
106,2007-02-20 12:26:46,121.445800,31.317300, 56,135,0
106,2007-02-20 12:27:19,121.444800,31.317000, 18,135,0
106,2007-02-20 12:27:35,121.443600,31.317100, 38,  0,0
106,2007-02-20 12:27:51,121.443100,31.319300, 60,  0,0
106,2007-02-20 12:28:07,121.442100,31.321300, 56,157,0
106,2007-02-20 12:28:23,121.441300,31.322600, 10,135,0
106,2007-02-20 12:29:04,121.440100,31.322100, 10,112,0
106,2007-02-20 12:30:05,121.440000,31.322100,  0,112,0
106,2007-02-20 12:31:06,121.439500,31.328800,  0,112,0
106,2007-02-20 12:31:40,121.438800,31.329600, 56,157,0
106,2007-02-20 12:31:56,121.437600,31.331800, 46,157,0
106,2007-02-20 12:32:12,121.437300,31.332800, 18,157,0
106,2007-02-20 12:32:28,121.438000,31.333300, 28, 22,0
106,2007-02-20 12:32:44,121.439500,31.334000, 62, 22,0
106,2007-02-20 12:33:00,121.442000,31.335100, 46, 22,0
106,2007-02-20 12:33:16,121.444100,31.336100, 60, 22,0
106,2007-02-20 12:33:32,121.446500,31.337100, 60, 22,0
106,2007-02-20 12:33:48,121.447600,31.337600,  0, 22,0
106,2007-02-20 12:34:14,121.447500,31.338500, 44,157,0
106,2007-02-20 12:34:30,121.446500,31.340500, 64,157,0
106,2007-02-20 12:34:46,121.445500,31.342100, 52,157,0
106,2007-02-20 12:35:02,121.444500,31.344000, 54,157,0
106,2007-02-20 12:35:18,121.443600,31.345500, 10,112,0
106,2007-02-20 12:35:54,121.444000,31.344800, 40, 67,1
106,2007-02-20 12:36:55,121.447600,31.338100, 56, 67,1
106,2007-02-20 12:38:57,121.460500,31.342500, 44, 45,1
106,2007-02-20 12:40:59,121.463300,31.324500, 36, 90,1
106,2007-02-20 12:42:00,121.463500,31.321500,  0, 90,1
106,2007-02-20 12:43:01,121.470600,31.322800,  0, 45,1
106,2007-02-20 12:44:02,121.479000,31.322300, 64, 45,1
106,2007-02-20 12:45:03,121.480600,31.319300, 84, 90,1
106,2007-02-20 12:46:04,121.481000,31.305300, 98, 90,1
106,2007-02-20 12:47:05,121.484800,31.294500, 50, 67,1
106,2007-02-20 12:48:06,121.496800,31.297500, 76, 45,1
106,2007-02-20 12:49:07,121.505500,31.300100, 38, 22,1
106,2007-02-20 12:50:08,121.512100,31.302100, 40, 22,1
106,2007-02-20 12:52:10,121.520000,31.304500, 14, 67,1
106,2007-02-20 12:52:51,121.518600,31.303500,  0,135,0
106,2007-02-20 12:53:06,121.518600,31.303500,  0,135,0
106,2007-02-20 12:54:07,121.518800,31.303600,  0, 45,0
106,2007-02-20 12:54:49,121.519100,31.303600, 14, 45,1
106,2007-02-20 12:55:50,121.524300,31.305800, 72, 45,1
106,2007-02-20 12:56:51,121.527100,31.308000, 14,  0,1
106,2007-02-20 12:57:52,121.521600,31.305500, 52,135,1
106,2007-02-20 12:58:53,121.515000,31.305000, 54,  0,1
106,2007-02-20 13:00:55,121.505000,31.300100, 80,135,1
106,2007-02-20 13:01:56,121.492000,31.296500, 90,135,1
106,2007-02-20 13:02:57,121.478300,31.292500, 86,135,1
106,2007-02-20 13:03:58,121.463500,31.294000, 96,135,1
106,2007-02-20 13:04:59,121.449800,31.295500, 92,135,1
106,2007-02-20 13:06:00,121.435300,31.292600, 68,135,1
106,2007-02-20 13:07:01,121.427300,31.291300, 28,135,1
106,2007-02-20 13:09:03,121.415500,31.290000,  0,135,1
106,2007-02-20 13:10:04,121.415500,31.290000, 10,135,1
106,2007-02-20 13:11:05,121.409800,31.289100, 30,135,1
106,2007-02-20 13:12:06,121.404800,31.288300, 30,135,1
106,2007-02-20 13:13:07,121.411300,31.281600, 56, 90,1
106,2007-02-20 13:14:08,121.410000,31.275600, 58, 90,1
106,2007-02-20 13:16:10,121.409600,31.267800, 42, 45,1
106,2007-02-20 13:17:11,121.412600,31.268300,  6,157,1
106,2007-02-20 13:18:12,121.412100,31.269600,  0,  0,1
106,2007-02-20 13:18:13,121.412100,31.269600,  0,  0,0
106,2007-02-20 13:19:13,121.412100,31.269300,  8,112,0
106,2007-02-20 13:19:32,121.412500,31.268500, 28, 67,0
106,2007-02-20 13:20:04,121.412600,31.268000, 26,  0,0
106,2007-02-20 13:20:22,121.413500,31.268600, 16, 22,0
106,2007-02-20 13:20:43,121.414300,31.268800,  8, 45,0
106,2007-02-20 13:21:05,121.414600,31.269600, 32,  0,0
106,2007-02-20 13:21:21,121.415000,31.271100, 28,  0,0
106,2007-02-20 13:21:38,121.415100,31.272100, 22,  0,0
106,2007-02-20 13:22:15,121.414500,31.272600, 32,157,0
106,2007-02-20 13:22:34,121.413600,31.273300, 12,157,0
106,2007-02-20 13:22:51,121.413300,31.274500, 40,  0,0
106,2007-02-20 13:23:07,121.414100,31.275800, 48, 22,0
106,2007-02-20 13:23:23,121.415300,31.276800, 20, 22,0
106,2007-02-20 13:23:42,121.416300,31.277000, 46, 67,0
106,2007-02-20 13:23:58,121.417800,31.276600, 38, 45,0
106,2007-02-20 13:24:17,121.418100,31.277300, 40,  0,0
106,2007-02-20 13:24:33,121.418100,31.278500, 26,  0,0
106,2007-02-20 13:24:49,121.418500,31.279800, 36,  0,0
106,2007-02-20 13:25:16,121.418100,31.280600,  8, 90,0
106,2007-02-20 13:26:17,121.418100,31.280600,  0, 67,0
106,2007-02-20 13:27:18,121.418100,31.280600,  0, 67,0
106,2007-02-20 13:28:19,121.418100,31.280600,  0, 67,0
106,2007-02-20 13:29:20,121.418100,31.280600,  0, 67,0
106,2007-02-20 13:30:21,121.418100,31.280600,  0, 67,0
106,2007-02-20 13:31:22,121.418100,31.280600,  0, 67,0
106,2007-02-20 13:32:23,121.418100,31.280600,  0, 67,0
106,2007-02-20 13:33:24,121.418100,31.280600,  0, 67,0
106,2007-02-20 13:33:54,121.417500,31.281100, 38,157,0
106,2007-02-20 13:34:10,121.417300,31.282600, 46,  0,0
106,2007-02-20 13:34:26,121.417800,31.284100, 30,  0,0
106,2007-02-20 13:34:43,121.418000,31.285000, 30,  0,0
106,2007-02-20 13:36:04,121.414100,31.291500,108,157,0
106,2007-02-20 13:36:20,121.412000,31.295000, 92,157,0
106,2007-02-20 13:36:36,121.411000,31.296800, 16,157,0
106,2007-02-20 13:37:37,121.410500,31.297500, 50,157,0
106,2007-02-20 13:38:09,121.409100,31.303100, 78,  0,0
106,2007-02-20 13:38:25,121.409500,31.304600, 34,157,0
106,2007-02-20 13:39:58,121.410500,31.297300,  0, 67,1
106,2007-02-20 13:40:59,121.413800,31.291600,  0, 67,1
106,2007-02-20 13:42:00,121.407800,31.289500, 88,135,1
106,2007-02-20 13:43:01,121.396500,31.283100, 96,112,1
106,2007-02-20 13:44:02,121.388800,31.271800, 78,112,1
106,2007-02-20 13:45:03,121.387600,31.259100, 78, 90,1
106,2007-02-20 13:46:04,121.383800,31.254000, 50,135,1
106,2007-02-20 13:47:05,121.378500,31.255300, 14,135,1
106,2007-02-20 13:48:06,121.375100,31.255800, 24,135,1
106,2007-02-20 13:48:32,121.375100,31.257100,  0,157,0
106,2007-02-20 13:48:48,121.375100,31.257100,  0,157,0
106,2007-02-20 13:49:36,121.375000,31.256100, 26, 90,0
106,2007-02-20 13:49:52,121.373600,31.256000, 42,135,0
106,2007-02-20 13:50:08,121.372300,31.256300, 28,135,0
106,2007-02-20 13:50:48,121.371100,31.256500, 48,135,0
106,2007-02-20 13:51:04,121.369100,31.256800, 34,135,0
106,2007-02-20 13:51:20,121.367500,31.257100, 42,135,0
106,2007-02-20 13:51:36,121.366000,31.257300, 16,135,0
106,2007-02-20 13:52:23,121.362600,31.258000,  6,135,0
106,2007-02-20 13:52:49,121.361500,31.258100, 48,135,0
106,2007-02-20 13:53:05,121.359600,31.258500, 38,135,0
106,2007-02-20 13:53:24,121.359300,31.259100, 32,  0,0
106,2007-02-20 13:53:40,121.359600,31.260500, 44,  0,0
106,2007-02-20 13:54:13,121.359800,31.261000, 24, 90,1
106,2007-02-20 13:55:14,121.358300,31.255600,  6,112,1
106,2007-02-20 13:56:15,121.356300,31.256100, 10,135,1
106,2007-02-20 13:57:16,121.351500,31.257600,  0,157,1
106,2007-02-20 13:58:17,121.351500,31.257600,  0,157,1
106,2007-02-20 14:00:19,121.337100,31.262300, 74,135,1
106,2007-02-20 14:01:20,121.334500,31.258300, 46, 67,1
106,2007-02-20 14:02:21,121.332800,31.256600, 36,135,1
106,2007-02-20 14:06:53,121.318000,31.261000,  0,157,0
106,2007-02-20 14:07:54,121.318000,31.261000,  0,157,0
106,2007-02-20 14:08:22,121.316800,31.261300, 52,135,0
106,2007-02-20 14:08:54,121.316000,31.258000, 66, 90,0
106,2007-02-20 14:09:10,121.317000,31.257000, 60, 45,0
106,2007-02-20 14:09:26,121.320100,31.256600, 82, 45,0
106,2007-02-20 14:09:42,121.323000,31.256100, 60, 45,0
106,2007-02-20 14:09:58,121.325500,31.256100, 58, 45,0
106,2007-02-20 14:10:14,121.327500,31.256100, 54, 45,0
106,2007-02-20 14:10:30,121.329600,31.256300, 48, 45,0
106,2007-02-20 14:10:46,121.331000,31.256500,  0, 45,0
106,2007-02-20 14:11:54,121.336000,31.255800,  0, 67,1
106,2007-02-20 14:12:55,121.340600,31.259000, 64, 22,1
106,2007-02-20 14:16:26,121.353800,31.256800, 56, 45,1
106,2007-02-20 14:17:27,121.363000,31.254500, 40, 45,1
106,2007-02-20 14:17:39,121.363600,31.254300,  0, 45,0
106,2007-02-20 14:18:32,121.364000,31.254100, 14, 45,0
106,2007-02-20 14:18:57,121.364600,31.255000, 12,  0,0
106,2007-02-20 14:19:15,121.365000,31.255800, 28,  0,0
106,2007-02-20 14:19:31,121.365300,31.257000, 22,  0,0
106,2007-02-20 14:19:48,121.364800,31.257500, 50,135,0
106,2007-02-20 14:20:14,121.363600,31.257800, 16,135,1
106,2007-02-20 14:21:14,121.358500,31.256000, 50, 90,1
106,2007-02-20 14:22:15,121.351600,31.257600,  0,157,1
106,2007-02-20 14:23:16,121.351600,31.257600,  0,157,1
106,2007-02-20 14:24:17,121.344600,31.260000, 88,135,1
106,2007-02-20 14:26:19,121.335000,31.257600,  0, 67,1
106,2007-02-20 14:27:20,121.333600,31.253000, 34, 90,1
106,2007-02-20 14:28:00,121.334800,31.249300,  0, 90,0
106,2007-02-20 14:28:16,121.334800,31.249300,  0, 90,0
106,2007-02-20 14:28:44,121.334600,31.249800, 36,  0,0
106,2007-02-20 14:29:16,121.333300,31.253500, 10,157,0
106,2007-02-20 14:29:32,121.334100,31.254100,  6, 22,0
106,2007-02-20 14:30:33,121.334300,31.254500,  6, 90,0
106,2007-02-20 14:30:40,121.334300,31.254300, 28,112,1
106,2007-02-20 14:31:41,121.326500,31.246800, 78,112,1
106,2007-02-20 14:32:42,121.321000,31.239100, 74, 90,1
106,2007-02-20 14:33:43,121.321100,31.232100, 38, 90,1
106,2007-02-20 14:34:44,121.323300,31.224500, 20, 90,1
106,2007-02-20 14:35:45,121.312600,31.222500, 58,112,1
106,2007-02-20 14:36:46,121.306300,31.219800,  0,112,1
106,2007-02-20 14:37:47,121.298500,31.220000,  0,135,1
106,2007-02-20 14:38:48,121.289600,31.216600, 64,112,1
106,2007-02-20 14:39:49,121.283000,31.214000,  0,112,1
106,2007-02-20 14:40:50,121.282500,31.213800, 40,112,1
106,2007-02-20 14:41:51,121.275000,31.211000,  0,112,1
106,2007-02-20 14:42:52,121.275000,31.211000,  0,112,1
106,2007-02-20 14:43:53,121.280500,31.204500, 54, 67,1
106,2007-02-20 14:44:39,121.278600,31.203600,  0,  0,0
106,2007-02-20 14:44:55,121.278600,31.203600,  0,  0,0
106,2007-02-20 14:45:56,121.279100,31.203000, 20, 67,0
106,2007-02-20 14:46:12,121.280500,31.203800, 24, 22,0
106,2007-02-20 14:46:44,121.281300,31.204500, 42, 22,0
106,2007-02-20 14:47:00,121.282800,31.206100, 68, 22,0
106,2007-02-20 14:47:16,121.284800,31.208100, 60, 22,0
106,2007-02-20 14:47:32,121.286000,31.209300, 34, 22,0
106,2007-02-20 14:47:48,121.286600,31.210100, 38, 22,0
106,2007-02-20 14:48:04,121.287500,31.210800, 18, 45,0
106,2007-02-20 14:48:20,121.289100,31.209800, 48, 67,0
106,2007-02-20 14:48:36,121.291300,31.208500, 60, 67,0
106,2007-02-20 14:48:52,121.292300,31.207800, 12, 67,0
106,2007-02-20 14:49:22,121.293300,31.207300, 28, 22,0
106,2007-02-20 14:49:38,121.294500,31.208600, 52, 22,0
106,2007-02-20 14:49:54,121.296500,31.209800, 56, 22,0
106,2007-02-20 14:50:10,121.298100,31.210500, 32, 22,0
106,2007-02-20 14:51:11,121.298500,31.210600,  0, 22,0
106,2007-02-20 14:52:12,121.298500,31.210600,  0, 22,0
106,2007-02-20 14:52:30,121.299300,31.211500, 54, 22,0
106,2007-02-20 14:52:46,121.301100,31.213000, 28, 22,0
106,2007-02-20 14:53:12,121.302000,31.213600, 52, 22,0
106,2007-02-20 14:53:27,121.303500,31.215600, 72, 22,0
106,2007-02-20 14:53:44,121.305000,31.218000, 60, 22,0
106,2007-02-20 14:53:59,121.305600,31.219100, 48, 22,0
106,2007-02-20 14:54:15,121.306800,31.220000, 48, 22,0
106,2007-02-20 14:54:32,121.309600,31.221100, 74, 22,0
106,2007-02-20 14:54:47,121.312000,31.222000, 28, 22,0
106,2007-02-20 14:55:23,121.313000,31.222500, 52, 22,0
106,2007-02-20 14:55:39,121.315500,31.223100, 62, 45,0
106,2007-02-20 14:55:55,121.318500,31.223500, 72, 45,0
106,2007-02-20 14:56:27,121.323100,31.224300,  0, 45,0
106,2007-02-20 14:57:28,121.323100,31.224300,  0, 45,0
106,2007-02-20 14:57:49,121.324100,31.224500, 64, 45,0
106,2007-02-20 14:58:05,121.327100,31.225000, 54, 45,0
106,2007-02-20 14:58:21,121.330300,31.225500, 78, 45,0
106,2007-02-20 14:58:37,121.332800,31.225600, 70, 45,0
106,2007-02-20 14:58:53,121.336100,31.225600, 86, 45,0
106,2007-02-20 14:59:09,121.339000,31.225500, 56, 45,0
106,2007-02-20 14:59:25,121.340500,31.225300,  8, 45,0
106,2007-02-20 15:00:12,121.341500,31.225100, 62, 45,0
106,2007-02-20 15:00:28,121.343100,31.225300,  0, 45,0
106,2007-02-20 15:01:29,121.343100,31.225300,  0, 45,0
106,2007-02-20 15:01:57,121.344500,31.225300, 60, 45,0
106,2007-02-20 15:02:13,121.347300,31.225300, 78, 45,0
106,2007-02-20 15:02:29,121.349300,31.225300,  0, 45,0
106,2007-02-20 15:03:23,121.350500,31.225500, 58, 45,0
106,2007-02-20 15:03:39,121.353500,31.225500, 66, 45,0
106,2007-02-20 15:03:55,121.356600,31.225600, 74, 45,0
106,2007-02-20 15:04:11,121.359800,31.225600, 58, 45,0
106,2007-02-20 15:04:27,121.360600,31.224600, 52, 90,0
106,2007-02-20 15:04:43,121.360000,31.222800, 54, 90,0
106,2007-02-20 15:05:11,121.360000,31.221600, 30, 90,0
106,2007-02-20 15:05:58,121.360300,31.219500, 40, 45,0
106,2007-02-20 15:06:14,121.362500,31.219500, 36, 45,0
106,2007-02-20 15:06:30,121.363600,31.219300, 40, 45,0
106,2007-02-20 15:06:46,121.365500,31.219100, 32, 45,0
106,2007-02-20 15:07:02,121.367600,31.218800, 48, 45,0
106,2007-02-20 15:07:18,121.369300,31.218500, 40, 45,0
106,2007-02-20 15:07:34,121.370500,31.218100,  4, 45,0
106,2007-02-20 15:07:51,121.371500,31.218000, 34, 45,0
106,2007-02-20 15:08:07,121.372600,31.218300, 48,  0,0
106,2007-02-20 15:08:23,121.372800,31.220300, 54,  0,0
106,2007-02-20 15:08:39,121.373500,31.221300, 36, 45,0
106,2007-02-20 15:08:55,121.375800,31.221100, 64, 45,0
106,2007-02-20 15:09:27,121.382600,31.220000, 84, 45,0
106,2007-02-20 15:09:43,121.385000,31.219800, 14, 45,0
106,2007-02-20 15:10:02,121.386000,31.219800, 54, 45,0
106,2007-02-20 15:10:18,121.389000,31.220000, 76, 45,0
106,2007-02-20 15:11:06,121.391100,31.215800,  0, 90,0
106,2007-02-20 15:11:48,121.392000,31.216000, 46, 45,0
106,2007-02-20 15:12:04,121.393600,31.216600, 38, 45,0
106,2007-02-20 15:12:20,121.395000,31.216800, 28, 45,0
106,2007-02-20 15:12:42,121.396100,31.216600, 28, 45,0
106,2007-02-20 15:13:02,121.397300,31.216500, 22, 45,0
106,2007-02-20 15:13:19,121.398500,31.216300, 20, 45,0
106,2007-02-20 15:13:49,121.398800,31.216100, 18, 45,1
106,2007-02-20 15:14:49,121.400000,31.216100, 38,  0,1
106,2007-02-20 15:19:44,121.412500,31.219600, 18,  0,0
106,2007-02-20 15:20:00,121.413800,31.220100, 44, 45,0
106,2007-02-20 15:20:16,121.415600,31.220600, 36, 45,0
106,2007-02-20 15:21:03,121.416800,31.221100, 28, 22,0
106,2007-02-20 15:21:19,121.418500,31.221800, 54, 22,0
106,2007-02-20 15:21:35,121.420500,31.223300, 38, 22,0
106,2007-02-20 15:21:51,121.422100,31.225000, 52, 22,0
106,2007-02-20 15:22:52,121.422600,31.225600,  0, 22,0
106,2007-02-20 15:23:26,121.422100,31.226500, 54,157,0
106,2007-02-20 15:23:42,121.420500,31.228300, 74,157,0
106,2007-02-20 15:23:57,121.419000,31.231000, 90,157,0
106,2007-02-20 15:24:14,121.417500,31.233800, 42,157,0
106,2007-02-20 15:24:37,121.417100,31.234600, 36,157,0
106,2007-02-20 15:24:54,121.416500,31.236000, 36,157,0
106,2007-02-20 15:25:10,121.415600,31.237300, 12,  0,0
106,2007-02-20 15:25:26,121.416800,31.237800, 38, 22,0
106,2007-02-20 15:27:05,121.419300,31.239800, 42,157,0
106,2007-02-20 15:28:06,121.418500,31.240500,  0,157,0
106,2007-02-20 15:28:36,121.417500,31.241300, 38,157,0
106,2007-02-20 15:28:51,121.416300,31.242100, 48,157,0
106,2007-02-20 15:29:11,121.415500,31.243000, 12,157,1
106,2007-02-20 15:32:19,121.408600,31.247000,  0,135,1
106,2007-02-20 15:34:49,121.404500,31.247500,  0,135,1
106,2007-02-20 15:35:50,121.404500,31.247500,  4,135,1
106,2007-02-20 15:36:51,121.397500,31.247800, 30,  0,1
106,2007-02-20 15:37:51,121.397300,31.250000,  0,  0,1
106,2007-02-20 15:38:34,121.395000,31.250100,  0,135,0
106,2007-02-20 15:38:50,121.395000,31.250100,  0,135,0
106,2007-02-20 15:39:07,121.393800,31.250100, 46,135,0
106,2007-02-20 15:39:22,121.392600,31.250300, 14,157,0
106,2007-02-20 15:39:38,121.392600,31.251800, 52,  0,0
106,2007-02-20 15:40:24,121.393000,31.257600, 34,  0,0
106,2007-02-20 15:40:26,121.393000,31.257800, 24,  0,0
106,2007-02-20 15:41:13,121.392600,31.258600, 46,  0,0
106,2007-02-20 15:41:46,121.392300,31.262000, 40, 45,0
106,2007-02-20 15:42:02,121.394000,31.262500, 26,  0,0
106,2007-02-20 15:42:17,121.393500,31.263500, 18,  0,0
106,2007-02-20 15:42:48,121.393100,31.264000, 22, 67,0
106,2007-02-20 15:43:50,121.393300,31.263500,  0, 67,0
106,2007-02-20 15:44:31,121.393800,31.262500, 24, 67,0
106,2007-02-20 15:44:46,121.395000,31.262600, 48, 22,0
106,2007-02-20 15:45:02,121.396500,31.263100, 22, 45,0
106,2007-02-20 15:45:18,121.397600,31.263500, 44, 45,0
106,2007-02-20 15:45:35,121.399500,31.262600, 52, 90,0
106,2007-02-20 15:45:51,121.400000,31.260600, 42, 90,0
106,2007-02-20 15:46:06,121.400600,31.259800, 36, 45,0
106,2007-02-20 15:46:22,121.402600,31.260300, 54, 22,0
106,2007-02-20 15:46:54,121.404800,31.263000, 46,  0,0
106,2007-02-20 15:47:10,121.405000,31.264600, 50,  0,0
106,2007-02-20 15:47:26,121.405300,31.266600, 50,  0,0
106,2007-02-20 15:48:22,121.405300,31.267600, 26,157,0
106,2007-02-20 15:48:39,121.403500,31.268000, 52,135,0
106,2007-02-20 15:48:55,121.401500,31.268000, 48,135,0
106,2007-02-20 15:49:11,121.400500,31.268500, 38,  0,0
106,2007-02-20 15:49:27,121.400500,31.270000, 40,  0,0
106,2007-02-20 15:49:42,121.401100,31.270800, 42, 45,0
106,2007-02-20 15:49:58,121.403600,31.270600, 58, 45,0
106,2007-02-20 15:50:32,121.405800,31.271100, 32,  0,0
106,2007-02-20 15:50:48,121.406000,31.273000, 62,  0,0
106,2007-02-20 15:51:04,121.406100,31.274600,  6,  0,0
106,2007-02-20 15:51:20,121.407600,31.274600, 56, 45,0
106,2007-02-20 15:51:36,121.409600,31.274500, 12, 45,0
106,2007-02-20 15:52:11,121.410000,31.275300, 40,  0,0
106,2007-02-20 15:52:27,121.409800,31.276600, 34,  0,0
106,2007-02-20 15:52:49,121.410000,31.277600, 28,  0,0
106,2007-02-20 15:53:05,121.410300,31.279000, 38,  0,0
106,2007-02-20 15:53:21,121.410800,31.280500, 36,  0,0
106,2007-02-20 15:54:11,121.411100,31.281300, 24,  0,0
106,2007-02-20 15:54:27,121.411500,31.282600, 46,  0,0
106,2007-02-20 15:54:43,121.412000,31.284500, 38,  0,0
106,2007-02-20 15:55:05,121.412000,31.285600, 32,  0,0
106,2007-02-20 15:55:21,121.411600,31.287500, 44,  0,0
106,2007-02-20 15:55:37,121.411500,31.289300, 26,  0,0
106,2007-02-20 15:55:52,121.413000,31.289600, 62, 45,0
106,2007-02-20 15:56:08,121.414800,31.289800, 28, 45,0
106,2007-02-20 15:56:25,121.414500,31.290800, 32,157,0
106,2007-02-20 15:56:41,121.413600,31.292100, 48,157,0
106,2007-02-20 15:56:56,121.412600,31.293800, 66,157,0
106,2007-02-20 15:57:12,121.411300,31.296000, 50,157,0
106,2007-02-20 15:58:13,121.411000,31.297000, 20,157,0
106,2007-02-20 15:58:29,121.409800,31.298500, 60,157,0
106,2007-02-20 15:58:45,121.409100,31.301100, 80,  0,0
106,2007-02-20 15:59:01,121.409100,31.303800, 40,  0,0
106,2007-02-20 15:59:17,121.409000,31.304800, 34,135,0
106,2007-02-20 15:59:34,121.409000,31.303800, 28, 90,0
106,2007-02-20 15:59:49,121.409100,31.302100, 50, 90,0
106,2007-02-20 16:00:06,121.409000,31.301300, 24,112,0
106,2007-02-20 16:00:21,121.407000,31.301300, 50,135,0
106,2007-02-20 16:00:37,121.405000,31.301300, 54,135,0
106,2007-02-20 16:06:22,121.383000,31.312800, 54,135,0
106,2007-02-20 16:06:38,121.380300,31.312600, 62,135,0
106,2007-02-20 16:06:55,121.378100,31.312600, 44,135,0
106,2007-02-20 16:07:26,121.376500,31.314100, 42,  0,0
106,2007-02-20 16:08:04,121.377000,31.316500, 18, 45,0
106,2007-02-20 16:08:21,121.378100,31.316500, 26, 45,0
106,2007-02-20 16:08:43,121.379500,31.316600, 24, 45,0
106,2007-02-20 16:08:59,121.380600,31.316600, 30, 45,0
106,2007-02-20 16:09:23,121.380500,31.316600, 14,135,0
106,2007-02-20 16:10:24,121.380300,31.316600,  0,135,0
106,2007-02-20 16:11:25,121.380300,31.316600,  0,135,0
106,2007-02-20 16:12:00,121.379100,31.316500, 38,135,0
106,2007-02-20 16:12:16,121.377300,31.316500, 26,135,0
106,2007-02-20 16:12:46,121.376600,31.317000, 28,  0,0
106,2007-02-20 16:13:03,121.376800,31.318800, 24,  0,0
106,2007-02-20 16:13:19,121.377000,31.320100, 48,  0,0
106,2007-02-20 16:13:35,121.377800,31.321000, 48, 45,0
106,2007-02-20 16:13:51,121.380000,31.321500, 52, 45,0
106,2007-02-20 16:14:06,121.382000,31.321800, 52, 45,0
106,2007-02-20 16:14:39,121.386000,31.322500, 40, 45,0
106,2007-02-20 16:14:55,121.387800,31.322600, 46, 45,0
106,2007-02-20 16:15:11,121.390000,31.322800, 52, 45,0
106,2007-02-20 16:15:59,121.397500,31.323100, 62, 45,0
106,2007-02-20 16:16:15,121.399800,31.323000, 44, 45,0
106,2007-02-20 16:16:31,121.402000,31.323000, 26, 45,0
106,2007-02-20 16:17:23,121.402300,31.326000, 72,  0,0
106,2007-02-20 16:17:39,121.402100,31.328300, 52,  0,0
106,2007-02-20 16:17:55,121.401500,31.330600, 60,  0,0
106,2007-02-20 16:18:11,121.400800,31.332600, 62,  0,0
106,2007-02-20 16:18:26,121.400300,31.334600, 60,  0,0
106,2007-02-20 16:18:59,121.397500,31.339500, 80,157,0
106,2007-02-20 16:19:15,121.395800,31.342100, 82,157,0
106,2007-02-20 16:19:31,121.393800,31.344100, 58,157,0
106,2007-02-20 16:19:46,121.394500,31.345000, 50, 22,0
106,2007-02-20 16:20:03,121.394800,31.345800, 12,  0,0
106,2007-02-20 16:21:04,121.394600,31.346100,  0,  0,0
106,2007-02-20 16:21:13,121.394500,31.346300, 26,  0,1
106,2007-02-20 16:22:14,121.394000,31.350600, 38, 45,1
106,2007-02-20 16:23:15,121.400500,31.353000, 30, 22,1
106,2007-02-20 16:24:16,121.406500,31.355800, 70, 22,1
106,2007-02-20 16:25:16,121.408100,31.360800, 38, 22,1
106,2007-02-20 16:25:36,121.408300,31.361500,  0,112,0
106,2007-02-20 16:26:38,121.408500,31.361500, 12, 67,0
106,2007-02-20 16:27:10,121.405800,31.359800,  8,112,0
106,2007-02-20 16:27:26,121.406100,31.359000, 54, 67,0
106,2007-02-20 16:27:41,121.407500,31.357000, 46, 67,0
106,2007-02-20 16:28:00,121.408300,31.356500, 42, 45,0
106,2007-02-20 16:28:16,121.411100,31.357500, 74, 22,0
106,2007-02-20 16:28:31,121.413800,31.358500, 68, 22,0
106,2007-02-20 16:28:47,121.415600,31.359100, 64, 22,0
106,2007-02-20 16:29:04,121.419000,31.360500, 74, 45,0
106,2007-02-20 16:29:20,121.421600,31.361300, 58, 45,0
106,2007-02-20 16:29:51,121.426000,31.363000, 54, 22,0
106,2007-02-20 16:30:08,121.428000,31.363600, 20, 22,0
106,2007-02-20 16:31:09,121.428000,31.363600,  0, 45,0
106,2007-02-20 16:32:11,121.431600,31.365000, 74, 22,0
106,2007-02-20 16:32:28,121.435000,31.366300, 90, 22,0
106,2007-02-20 16:32:44,121.438500,31.367600, 84, 22,0
106,2007-02-20 16:33:00,121.442000,31.368800, 80, 22,0
106,2007-02-20 16:33:16,121.445800,31.370300,104, 22,0
106,2007-02-20 16:33:31,121.450000,31.372000,116, 22,0
106,2007-02-20 16:33:48,121.454000,31.373500, 90, 22,0
106,2007-02-20 16:34:04,121.457600,31.374800, 66, 22,0
106,2007-02-20 16:34:20,121.459100,31.373500, 78, 67,0
106,2007-02-20 16:34:36,121.460500,31.370500, 88, 67,0
106,2007-02-20 16:35:41,121.468500,31.368800, 84, 45,0
106,2007-02-20 16:35:56,121.471800,31.369600, 62, 45,0
106,2007-02-20 16:36:11,121.473100,31.370100,  4, 45,0
106,2007-02-20 16:36:40,121.474300,31.370300, 50, 45,0
106,2007-02-20 16:36:56,121.477500,31.371300, 86, 45,0
106,2007-02-20 16:37:11,121.480800,31.372100, 70, 45,0
106,2007-02-20 16:37:28,121.482500,31.371600, 50, 67,0
106,2007-02-20 16:37:44,121.483500,31.370000, 46, 67,0
106,2007-02-20 16:38:16,121.487000,31.371300, 62, 22,0
106,2007-02-20 16:38:48,121.489600,31.373000, 34,157,0
106,2007-02-20 16:39:04,121.489300,31.374100, 32, 22,0
106,2007-02-20 16:39:20,121.490500,31.374600, 28, 22,0
106,2007-02-20 16:39:36,121.492500,31.375800, 38, 22,0
106,2007-02-20 16:40:01,121.492100,31.376500, 26,157,0
106,2007-02-20 16:40:16,121.491100,31.377800, 52,157,0
106,2007-02-20 16:40:32,121.490300,31.379300, 34,157,0
106,2007-02-20 16:40:49,121.489500,31.380500, 30,157,0
106,2007-02-20 16:41:05,121.489000,31.381300, 38,157,0
106,2007-02-20 16:41:21,121.488000,31.383000, 32,157,0
106,2007-02-20 16:41:39,121.487500,31.383800, 28,157,0
106,2007-02-20 16:41:55,121.486600,31.384800, 36,157,0
106,2007-02-20 16:42:29,121.486800,31.385600, 32, 22,0
106,2007-02-20 16:42:45,121.488500,31.386300, 46, 22,0
106,2007-02-20 16:43:01,121.489600,31.386800, 30, 22,0
106,2007-02-20 16:43:16,121.490800,31.387600, 26, 22,0
106,2007-02-20 16:43:33,121.492100,31.388500, 36, 22,0
106,2007-02-20 16:43:49,121.493100,31.388100, 44, 67,0
106,2007-02-20 16:44:05,121.494100,31.386600, 64, 67,0
106,2007-02-20 16:44:21,121.495600,31.384300, 38, 67,0
106,2007-02-20 16:45:14,121.496300,31.384500, 34, 22,0
106,2007-02-20 16:45:30,121.496800,31.385500, 14, 22,0
106,2007-02-20 16:46:31,121.496800,31.385600,  0, 90,0
106,2007-02-20 16:47:31,121.496800,31.385600,  0, 90,0
106,2007-02-20 16:48:32,121.496800,31.385600,  0, 90,0
106,2007-02-20 16:50:35,121.496800,31.385600,  0, 90,0
106,2007-02-20 16:51:36,121.496800,31.385600,  0, 90,0
106,2007-02-20 16:52:36,121.496800,31.385600,  0, 90,0
106,2007-02-20 16:53:37,121.496800,31.385600,  0, 90,0
106,2007-02-20 16:55:39,121.496800,31.385600,  0, 90,0
106,2007-02-20 16:56:40,121.496800,31.385600,  0, 90,0
106,2007-02-20 16:57:41,121.496800,31.385600,  0, 90,0
106,2007-02-20 16:58:42,121.496800,31.385600,  0, 90,0
106,2007-02-20 16:59:43,121.496800,31.385600,  0, 90,0
106,2007-02-20 17:00:44,121.496800,31.385600,  0, 90,0
106,2007-02-20 17:01:45,121.496800,31.385600,  0, 90,0
106,2007-02-20 17:02:46,121.496800,31.385600,  0, 90,0
106,2007-02-20 17:04:48,121.496800,31.385600,  0, 90,0
106,2007-02-20 17:05:49,121.496800,31.385600,  0, 90,0
106,2007-02-20 17:06:50,121.496800,31.385600,  0, 90,0
106,2007-02-20 17:07:51,121.496800,31.385600,  0, 90,0
106,2007-02-20 17:08:52,121.496800,31.385600,  0, 90,0
106,2007-02-20 17:09:53,121.496800,31.385600,  0, 90,0
106,2007-02-20 17:10:54,121.496800,31.385600,  0, 90,0
106,2007-02-20 17:12:56,121.496800,31.385600,  0, 90,0
106,2007-02-20 17:13:57,121.496800,31.385600,  0, 90,0
106,2007-02-20 17:14:58,121.496800,31.385600,  0, 90,0
106,2007-02-20 17:15:59,121.496800,31.385600,  0, 90,0
106,2007-02-20 17:17:00,121.496800,31.385600,  0, 90,0
106,2007-02-20 17:18:01,121.496800,31.385600,  0, 90,0
106,2007-02-20 17:19:02,121.496800,31.385600,  0, 90,0
106,2007-02-20 17:20:03,121.496800,31.385600,  0, 90,0
106,2007-02-20 17:21:04,121.496800,31.385600,  0, 90,0
106,2007-02-20 17:22:05,121.496800,31.385600,  0, 90,0
106,2007-02-20 17:23:06,121.496800,31.385600,  0, 90,0
106,2007-02-20 17:24:07,121.496800,31.385600,  0, 90,0
106,2007-02-20 17:25:08,121.496800,31.385600,  0, 90,0
106,2007-02-20 17:26:09,121.496800,31.385600,  0, 90,0
106,2007-02-20 17:29:12,121.496800,31.385600,  0, 90,0
106,2007-02-20 17:30:13,121.496800,31.385600,  0, 90,0
106,2007-02-20 17:31:14,121.496800,31.385600,  0, 90,0
106,2007-02-20 17:32:15,121.496800,31.385600,  0, 90,0
106,2007-02-20 17:33:16,121.496800,31.385600,  0, 90,0
106,2007-02-20 17:34:17,121.496800,31.385600,  0, 90,0
106,2007-02-20 17:35:18,121.496800,31.385600,  0, 90,0
106,2007-02-20 17:36:19,121.496800,31.385600,  0, 90,0
106,2007-02-20 17:38:21,121.496800,31.385600,  0, 90,0
106,2007-02-20 17:39:22,121.496800,31.385600,  0, 90,0
106,2007-02-20 17:40:23,121.496800,31.385600,  0, 90,0
106,2007-02-20 17:43:26,121.496800,31.385600,  0, 90,0
106,2007-02-20 17:44:27,121.496800,31.385600,  0, 90,0
106,2007-02-20 17:45:28,121.496800,31.385600,  0, 90,0
106,2007-02-20 17:46:29,121.496800,31.385600,  0, 90,0
106,2007-02-20 17:47:30,121.496800,31.385600,  0, 90,0
106,2007-02-20 17:48:31,121.496800,31.385600,  0, 90,0
106,2007-02-20 17:49:32,121.496800,31.385600,  0, 90,0
106,2007-02-20 17:50:33,121.496800,31.385600,  0, 90,0
106,2007-02-20 17:51:34,121.496800,31.385600,  0, 90,0
106,2007-02-20 17:52:35,121.496800,31.385600,  0, 90,0
106,2007-02-20 17:53:36,121.496800,31.385600,  0, 90,0
106,2007-02-20 17:54:37,121.496800,31.385600,  0, 90,0
106,2007-02-20 17:55:38,121.496800,31.385600,  0, 90,0
106,2007-02-20 17:57:40,121.496800,31.385600,  0, 90,0
106,2007-02-20 17:58:41,121.496800,31.385600,  0, 90,0
106,2007-02-20 17:59:42,121.496800,31.385600,  0, 90,0
106,2007-02-20 18:00:43,121.496800,31.385600,  0, 90,0
106,2007-02-20 18:02:45,121.496800,31.385600,  0, 90,0
106,2007-02-20 18:03:46,121.496800,31.385600,  0, 90,0
106,2007-02-20 18:04:47,121.496800,31.385600,  0, 90,0
106,2007-02-20 18:05:48,121.496800,31.385600,  0, 90,0
106,2007-02-20 18:06:49,121.496800,31.385600,  0, 90,0
106,2007-02-20 18:07:50,121.496800,31.385600,  0, 90,0
106,2007-02-20 18:08:51,121.496800,31.385600,  0, 90,0
106,2007-02-20 18:09:52,121.496800,31.385600,  0, 90,0
106,2007-02-20 18:10:53,121.496800,31.385600,  0, 90,0
106,2007-02-20 18:11:54,121.496800,31.385600,  0, 90,0
106,2007-02-20 18:12:55,121.496800,31.385600,  0, 90,0
106,2007-02-20 18:13:56,121.496800,31.385600,  0, 90,0
106,2007-02-20 18:14:57,121.496800,31.385600,  0, 90,0
106,2007-02-20 18:15:58,121.496800,31.385600,  0, 90,0
106,2007-02-20 18:16:59,121.496800,31.385600,  0, 90,0
106,2007-02-20 18:18:00,121.496800,31.385600,  0, 90,0
106,2007-02-20 18:20:02,121.496800,31.385600,  0, 90,0
106,2007-02-20 18:22:04,121.496800,31.385600,  0, 90,0
106,2007-02-20 18:23:23,121.496800,31.385600,  0, 90,0
106,2007-02-20 18:24:24,121.496800,31.385600,  0, 90,0
106,2007-02-20 18:25:25,121.496800,31.385600,  0, 90,0
106,2007-02-20 18:26:26,121.496800,31.385600,  0, 90,0
106,2007-02-20 18:27:27,121.496800,31.385600,  0, 90,0
106,2007-02-20 18:28:28,121.496800,31.385600,  0, 90,0
106,2007-02-20 18:29:29,121.496800,31.385600,  0, 90,0
106,2007-02-20 18:30:30,121.496800,31.385600,  0, 90,0
106,2007-02-20 18:31:31,121.496800,31.385600,  0, 90,0
106,2007-02-20 18:32:32,121.496800,31.385600,  0, 90,0
106,2007-02-20 18:33:33,121.496800,31.385600,  0, 90,0
106,2007-02-20 18:34:34,121.496800,31.385600,  0, 90,0
106,2007-02-20 18:35:35,121.496800,31.385600,  0, 90,0
106,2007-02-20 18:36:36,121.496800,31.385600,  0, 90,0
106,2007-02-20 18:37:37,121.496800,31.385600,  0, 90,0
106,2007-02-20 18:38:38,121.496800,31.385600,  0, 90,0
106,2007-02-20 18:39:39,121.496800,31.385600,  0, 90,0
106,2007-02-20 18:40:40,121.496800,31.385600,  0, 90,0
106,2007-02-20 18:41:41,121.496800,31.385600,  0, 90,0
106,2007-02-20 18:42:42,121.496800,31.385600,  0, 90,0
106,2007-02-20 18:43:43,121.496800,31.385600,  0, 90,0
106,2007-02-20 18:44:44,121.496800,31.385600,  0, 90,0
106,2007-02-20 18:45:45,121.496800,31.385600,  0, 90,0
106,2007-02-20 18:46:46,121.496800,31.385600,  0, 90,0
106,2007-02-20 18:47:47,121.496800,31.385600,  0, 90,0
106,2007-02-20 19:16:15,121.496800,31.385600,  0, 90,0
106,2007-02-20 19:42:16,121.496800,31.385600,  0, 90,0
106,2007-02-20 19:43:17,121.496800,31.385600,  0, 90,0
106,2007-02-20 19:44:18,121.496800,31.385600,  0, 90,0
106,2007-02-20 19:45:19,121.496800,31.385600,  0, 90,0
106,2007-02-20 19:46:20,121.496800,31.385600,  0, 90,0
106,2007-02-20 19:47:21,121.496800,31.385600,  0, 90,0
106,2007-02-20 19:48:22,121.496800,31.385600,  0, 90,0
106,2007-02-20 19:49:23,121.496800,31.385600,  0, 90,0
106,2007-02-20 19:50:24,121.496800,31.385600,  0, 90,0
106,2007-02-20 19:51:25,121.496800,31.385600,  0, 90,0
106,2007-02-20 19:52:26,121.496800,31.385600,  0, 90,0
106,2007-02-20 19:53:27,121.496800,31.385600,  0, 90,0
106,2007-02-20 19:54:28,121.496800,31.385600,  0, 90,0
106,2007-02-20 19:56:30,121.496800,31.385600,  0, 90,0
106,2007-02-20 19:57:31,121.496800,31.385600,  0, 90,0
106,2007-02-20 19:58:32,121.496800,31.385600,  0, 90,0
106,2007-02-20 20:00:34,121.496800,31.385600,  0, 90,0
106,2007-02-20 20:01:35,121.496800,31.385600,  0, 90,0
106,2007-02-20 20:02:36,121.496800,31.385600,  0, 90,0
106,2007-02-20 20:03:37,121.496800,31.385600,  0, 90,0
106,2007-02-20 20:04:38,121.496800,31.385600,  0, 90,0
106,2007-02-20 20:06:40,121.496800,31.385600,  0, 90,0
106,2007-02-20 20:07:41,121.496800,31.385600,  0, 90,0
106,2007-02-20 20:08:42,121.496800,31.385600,  0, 90,0
106,2007-02-20 20:09:43,121.496800,31.385600,  0, 90,0
106,2007-02-20 20:10:44,121.496800,31.385600,  0, 90,0
106,2007-02-20 20:11:45,121.496800,31.385600,  0, 90,0
106,2007-02-20 20:12:46,121.496800,31.385600,  0, 90,0
106,2007-02-20 20:14:48,121.496800,31.385600,  0, 90,0
106,2007-02-20 20:15:49,121.496800,31.385600,  0, 90,0
106,2007-02-20 20:16:50,121.496800,31.385600,  0, 90,0
106,2007-02-20 20:17:51,121.496800,31.385600,  0, 90,0
106,2007-02-20 20:18:52,121.496800,31.385600,  0, 90,0
106,2007-02-20 20:19:53,121.496800,31.385600,  0, 90,0
106,2007-02-20 20:20:54,121.496800,31.385600,  0, 90,0
106,2007-02-20 20:21:55,121.496800,31.385600,  0, 90,0
106,2007-02-20 20:22:56,121.496800,31.385600,  0, 90,0
106,2007-02-20 20:23:57,121.496800,31.385600,  0, 90,0
106,2007-02-20 20:24:58,121.496800,31.385600,  0, 90,0
106,2007-02-20 20:25:59,121.496800,31.385600,  0, 90,0
106,2007-02-20 20:27:00,121.496800,31.385600,  0, 90,0
106,2007-02-20 20:28:01,121.496800,31.385600,  0, 90,0
106,2007-02-20 20:29:02,121.496800,31.385600,  0, 90,0
106,2007-02-20 20:30:03,121.496800,31.385600,  0, 90,0
106,2007-02-20 20:31:04,121.496800,31.385600,  0, 90,0
106,2007-02-20 20:32:05,121.496800,31.385600,  0, 90,0
106,2007-02-20 20:33:06,121.496800,31.385600,  0, 90,0
106,2007-02-20 20:34:07,121.496800,31.385600,  0, 90,0
106,2007-02-20 20:35:08,121.496800,31.385600,  0, 90,0
106,2007-02-20 20:36:09,121.496800,31.385600,  0, 90,0
106,2007-02-20 20:37:10,121.496800,31.385600,  0, 90,0
106,2007-02-20 20:38:11,121.496800,31.385600,  0, 90,0
106,2007-02-20 20:39:12,121.496800,31.385600,  0, 90,0
106,2007-02-20 20:40:13,121.496800,31.385600,  0, 90,0
106,2007-02-20 20:41:14,121.496800,31.385600,  0, 90,0
106,2007-02-20 20:42:15,121.496800,31.385600,  0, 90,0
106,2007-02-20 20:43:16,121.496800,31.385600,  0, 90,0
106,2007-02-20 20:44:17,121.496800,31.385600,  0, 90,0
106,2007-02-20 20:45:18,121.496800,31.385600,  0, 90,0
106,2007-02-20 20:46:19,121.496800,31.385600,  0, 90,0
106,2007-02-20 20:47:20,121.496800,31.385600,  0, 90,0
106,2007-02-20 20:48:21,121.496800,31.385600,  0, 90,0
106,2007-02-20 20:49:21,121.496800,31.385600,  0, 90,0
106,2007-02-20 20:50:23,121.496800,31.385600,  0, 90,0
106,2007-02-20 20:51:24,121.496800,31.385600,  0, 90,0
106,2007-02-20 20:52:25,121.496800,31.385600,  0, 90,0
106,2007-02-20 20:53:26,121.496800,31.385600,  0, 90,0
106,2007-02-20 20:54:26,121.496800,31.385600,  0, 90,0
106,2007-02-20 20:55:28,121.496800,31.385600,  0, 90,0
106,2007-02-20 20:56:29,121.496800,31.385600,  0, 90,0
106,2007-02-20 20:57:30,121.496800,31.385600,  0, 90,0
106,2007-02-20 20:58:31,121.496800,31.385600,  0, 90,0
106,2007-02-20 20:59:31,121.496800,31.385600,  0, 90,0
106,2007-02-20 21:00:33,121.496800,31.385600,  0, 90,0
106,2007-02-20 21:01:33,121.496800,31.385600,  0, 90,0
106,2007-02-20 21:02:34,121.496800,31.385600,  0, 90,0
106,2007-02-20 21:03:35,121.496800,31.385600,  0, 90,0
106,2007-02-20 21:04:36,121.496800,31.385600,  0, 90,0
106,2007-02-20 21:05:37,121.496800,31.385600,  0, 90,0
106,2007-02-20 21:06:38,121.496800,31.385600,  0, 90,0
106,2007-02-20 21:07:39,121.496800,31.385600,  0, 90,0
106,2007-02-20 21:08:40,121.496800,31.385600,  0, 90,0
106,2007-02-20 21:09:41,121.496800,31.385600,  0, 90,0
106,2007-02-20 21:10:42,121.496800,31.385600,  0, 90,0
106,2007-02-20 21:11:43,121.496800,31.385600,  0, 90,0
106,2007-02-20 21:12:44,121.496800,31.385600,  0, 90,0
106,2007-02-20 21:13:45,121.496800,31.385600,  0, 90,0
106,2007-02-20 21:14:46,121.496800,31.385600,  0, 90,0
106,2007-02-20 21:15:47,121.496800,31.385600,  0, 90,0
106,2007-02-20 21:16:48,121.496800,31.385600,  0, 90,0
106,2007-02-20 21:17:49,121.496800,31.385600,  0, 90,0
106,2007-02-20 21:18:50,121.496800,31.385600,  0, 90,0
106,2007-02-20 21:19:51,121.496800,31.385600,  0, 90,0
106,2007-02-20 21:20:52,121.496800,31.385600,  0, 90,0
106,2007-02-20 21:21:53,121.496800,31.385600,  0, 90,0
106,2007-02-20 21:22:54,121.496800,31.385600,  0, 90,0
106,2007-02-20 21:23:55,121.496800,31.385600,  0, 90,0
106,2007-02-20 21:24:56,121.496800,31.385600,  0, 90,0
106,2007-02-20 21:25:57,121.496800,31.385600,  0, 90,0
106,2007-02-20 21:26:58,121.496800,31.385600,  0, 90,0
106,2007-02-20 21:27:59,121.496800,31.385600,  0, 90,0
106,2007-02-20 21:29:00,121.496800,31.385600,  0, 90,0
106,2007-02-20 21:30:01,121.496800,31.385600,  0, 90,0
106,2007-02-20 21:31:02,121.496800,31.385600,  0, 90,0
106,2007-02-20 21:32:03,121.496800,31.385600,  0, 90,0
106,2007-02-20 21:33:04,121.496800,31.385600,  0, 90,0
106,2007-02-20 21:34:05,121.496800,31.385600,  0, 90,0
106,2007-02-20 21:35:06,121.496800,31.385600,  0, 90,0
106,2007-02-20 21:36:07,121.496800,31.385600,  0, 90,0
106,2007-02-20 21:37:08,121.496800,31.385600,  0, 90,0
106,2007-02-20 21:38:09,121.496800,31.385600,  0, 90,0
106,2007-02-20 21:39:10,121.496800,31.385600,  0, 90,0
106,2007-02-20 21:40:11,121.496800,31.385600,  0, 90,0
106,2007-02-20 21:41:12,121.496800,31.385600,  0, 90,0
106,2007-02-20 21:42:13,121.496800,31.385600,  0, 90,0
106,2007-02-20 21:43:14,121.496800,31.385600,  0, 90,0
106,2007-02-20 21:44:15,121.496800,31.385600,  0, 90,0
106,2007-02-20 21:45:16,121.496800,31.385600,  0, 90,0
106,2007-02-20 21:46:17,121.496800,31.385600,  0, 90,0
106,2007-02-20 21:47:18,121.496800,31.385600,  0, 90,0
106,2007-02-20 21:48:19,121.496800,31.385600,  0, 90,0
106,2007-02-20 21:49:20,121.496800,31.385600,  0, 90,0
106,2007-02-20 21:50:21,121.496800,31.385600,  0, 90,0
106,2007-02-20 21:51:22,121.496800,31.385600,  0, 90,0
106,2007-02-20 21:53:24,121.496800,31.385600,  0, 90,0
106,2007-02-20 21:54:25,121.496800,31.385600,  0, 90,0
106,2007-02-20 21:57:28,121.496800,31.385600,  0, 90,0
106,2007-02-20 21:58:29,121.496800,31.385600,  0, 90,0
106,2007-02-20 21:59:30,121.496800,31.385600,  0, 90,0
106,2007-02-20 22:00:31,121.496800,31.385600,  0, 90,0
106,2007-02-20 22:01:32,121.496800,31.385600,  0, 90,0
106,2007-02-20 22:02:33,121.496800,31.385600,  0, 90,0
106,2007-02-20 22:03:34,121.496800,31.385600,  0, 90,0
106,2007-02-20 22:04:35,121.496800,31.385600,  0, 90,0
106,2007-02-20 22:05:36,121.496800,31.385600,  0, 90,0
106,2007-02-20 22:06:37,121.496800,31.385600,  0, 90,0
106,2007-02-20 22:07:38,121.496800,31.385600,  0, 90,0
106,2007-02-20 22:08:39,121.496800,31.385600,  0, 90,0
106,2007-02-20 22:09:40,121.496800,31.385600,  0, 90,0
106,2007-02-20 22:10:41,121.496800,31.385600,  0, 90,0
106,2007-02-20 22:11:42,121.496800,31.385600,  0, 90,0
106,2007-02-20 22:12:43,121.496800,31.385600,  0, 90,0
106,2007-02-20 22:13:44,121.496800,31.385600,  0, 90,0
106,2007-02-20 22:14:45,121.496800,31.385600,  0, 90,0
106,2007-02-20 22:15:46,121.496800,31.385600,  0, 90,0
106,2007-02-20 22:16:47,121.496800,31.385600,  0, 90,0
106,2007-02-20 22:17:48,121.496800,31.385600,  0, 90,0
106,2007-02-20 22:18:49,121.496800,31.385600,  0, 90,0
106,2007-02-20 22:20:51,121.496800,31.385600,  0, 90,0
106,2007-02-20 22:21:52,121.496800,31.385600,  0, 90,0
106,2007-02-20 22:22:54,121.496800,31.385600,  0, 90,0
106,2007-02-20 22:23:55,121.496800,31.385600,  0, 90,0
106,2007-02-20 22:24:56,121.496800,31.385600,  0, 90,0
106,2007-02-20 22:25:56,121.496800,31.385600,  0, 90,0
106,2007-02-20 22:26:57,121.496800,31.385600,  0, 90,0
106,2007-02-20 22:27:59,121.496800,31.385600,  0, 90,0
106,2007-02-20 22:28:59,121.496800,31.385600,  0, 90,0
106,2007-02-20 22:30:01,121.496800,31.385600,  0, 90,0
106,2007-02-20 22:31:01,121.496800,31.385600,  0, 90,0
106,2007-02-20 22:32:02,121.496800,31.385600,  0, 90,0
106,2007-02-20 22:33:03,121.496800,31.385600,  0, 90,0
106,2007-02-20 22:34:04,121.496800,31.385600,  0, 90,0
106,2007-02-20 22:35:05,121.496800,31.385600,  0, 90,0
106,2007-02-20 22:36:06,121.496800,31.385600,  0, 90,0
106,2007-02-20 22:37:07,121.496800,31.385600,  0, 90,0
106,2007-02-20 22:38:08,121.496800,31.385600,  0, 90,0
106,2007-02-20 22:39:09,121.496800,31.385600,  0, 90,0
106,2007-02-20 22:40:11,121.496800,31.385600,  0, 90,0
106,2007-02-20 22:41:11,121.496800,31.385600,  0, 90,0
106,2007-02-20 22:42:12,121.496800,31.385600,  0, 90,0
106,2007-02-20 22:43:13,121.496800,31.385600,  0, 90,0
106,2007-02-20 22:44:14,121.496800,31.385600,  0, 90,0
106,2007-02-20 22:45:15,121.496800,31.385600,  0, 90,0
106,2007-02-20 22:46:16,121.496800,31.385600,  0, 90,0
106,2007-02-20 22:47:17,121.496800,31.385600,  0, 90,0
106,2007-02-20 22:48:18,121.496800,31.385600,  0, 90,0
106,2007-02-20 22:49:19,121.496800,31.385600,  0, 90,0
106,2007-02-20 22:50:20,121.496800,31.385600,  0, 90,0
106,2007-02-20 22:51:21,121.496800,31.385600,  0, 90,0
106,2007-02-20 22:52:22,121.496800,31.385600,  0, 90,0
106,2007-02-20 22:53:22,121.496800,31.385600,  0, 90,0
106,2007-02-20 22:54:23,121.496800,31.385600,  0, 90,0
106,2007-02-20 22:55:24,121.496800,31.385600,  0, 90,0
106,2007-02-20 22:56:25,121.496800,31.385600,  0, 90,0
106,2007-02-20 22:57:26,121.496800,31.385600,  0, 90,0
106,2007-02-20 22:58:27,121.496800,31.385600,  0, 90,0
106,2007-02-20 22:59:28,121.496800,31.385600,  0, 90,0
106,2007-02-20 23:00:29,121.496800,31.385600,  0, 90,0
106,2007-02-20 23:01:30,121.496800,31.385600,  0, 90,0
106,2007-02-20 23:02:31,121.496800,31.385600,  0, 90,0
106,2007-02-20 23:03:32,121.496800,31.385600,  0, 90,0
106,2007-02-20 23:04:33,121.496800,31.385600,  0, 90,0
106,2007-02-20 23:05:34,121.496800,31.385600,  0, 90,0
106,2007-02-20 23:06:35,121.496800,31.385600,  0, 90,0
106,2007-02-20 23:07:36,121.496800,31.385600,  0, 90,0
106,2007-02-20 23:08:37,121.496800,31.385600,  0, 90,0
106,2007-02-20 23:09:38,121.496800,31.385600,  0, 90,0
106,2007-02-20 23:10:39,121.496800,31.385600,  0, 90,0
106,2007-02-20 23:11:40,121.496800,31.385600,  0, 90,0
106,2007-02-20 23:12:41,121.496800,31.385600,  0, 90,0
106,2007-02-20 23:13:42,121.496800,31.385600,  0, 90,0
106,2007-02-20 23:15:44,121.496800,31.385600,  0, 90,0
106,2007-02-20 23:16:45,121.496800,31.385600,  0, 90,0
106,2007-02-20 23:17:46,121.496800,31.385600,  0, 90,0
106,2007-02-20 23:18:47,121.496800,31.385600,  0, 90,0
106,2007-02-20 23:19:48,121.496800,31.385600,  0, 90,0
106,2007-02-20 23:20:49,121.496800,31.385600,  0, 90,0
106,2007-02-20 23:21:50,121.496800,31.385600,  0, 90,0
106,2007-02-20 23:22:51,121.496800,31.385600,  0, 90,0
106,2007-02-20 23:23:52,121.496800,31.385600,  0, 90,0
106,2007-02-20 23:25:54,121.496800,31.385600,  0, 90,0
106,2007-02-20 23:26:55,121.496800,31.385600,  0, 90,0
106,2007-02-20 23:27:56,121.496800,31.385600,  0, 90,0
106,2007-02-20 23:28:57,121.496800,31.385600,  0, 90,0
106,2007-02-20 23:29:58,121.496800,31.385600,  0, 90,0
106,2007-02-20 23:32:00,121.496800,31.385600,  0, 90,0
106,2007-02-20 23:33:01,121.496800,31.385600,  0, 90,0
106,2007-02-20 23:34:02,121.496800,31.385600,  0, 90,0
106,2007-02-20 23:35:03,121.496800,31.385600,  0, 90,0
106,2007-02-20 23:36:04,121.496800,31.385600,  0, 90,0
106,2007-02-20 23:37:05,121.496800,31.385600,  0, 90,0
106,2007-02-20 23:38:06,121.496800,31.385600,  0, 90,0
106,2007-02-20 23:39:07,121.496800,31.385600,  0, 90,0
106,2007-02-20 23:40:08,121.496800,31.385600,  0, 90,0
106,2007-02-20 23:41:09,121.496800,31.385600,  0, 90,0
106,2007-02-20 23:42:10,121.496800,31.385600,  0, 90,0
106,2007-02-20 23:43:11,121.496800,31.385600,  0, 90,0
106,2007-02-20 23:44:12,121.496800,31.385600,  0, 90,0
106,2007-02-20 23:45:13,121.496800,31.385600,  0, 90,0
106,2007-02-20 23:46:14,121.496800,31.385600,  0, 90,0
106,2007-02-20 23:47:15,121.496800,31.385600,  0, 90,0
106,2007-02-20 23:49:17,121.496800,31.385600,  0, 90,0
106,2007-02-20 23:50:18,121.496800,31.385600,  0, 90,0
106,2007-02-20 23:52:20,121.496800,31.385600,  0, 90,0
106,2007-02-20 23:53:21,121.496800,31.385600,  0, 90,0
106,2007-02-20 23:54:22,121.496800,31.385600,  0, 90,0
106,2007-02-20 23:55:23,121.496800,31.385600,  0, 90,0
106,2007-02-20 23:56:24,121.496800,31.385600,  0, 90,0
106,2007-02-20 23:57:25,121.496800,31.385600,  0, 90,0
106,2007-02-20 23:58:26,121.496800,31.385600,  0, 90,0
106,2007-02-20 23:59:27,121.496800,31.385600,  0, 90,0
