107,2007-02-20 00:00:42,121.469600,31.291600,  0, 67,1
107,2007-02-20 00:00:46,121.469600,31.291600,  0, 67,0
107,2007-02-20 00:01:46,121.472600,31.291100,  0, 22,0
107,2007-02-20 00:02:44,121.472800,31.292300,  6,  0,0
107,2007-02-20 00:03:07,121.472500,31.293500, 50,  0,0
107,2007-02-20 00:03:23,121.472100,31.295300, 56,  0,0
107,2007-02-20 00:03:39,121.471500,31.296500, 40,135,0
107,2007-02-20 00:03:55,121.469000,31.296300, 64,135,0
107,2007-02-20 00:04:11,121.466500,31.296500, 34,157,0
107,2007-02-20 00:04:27,121.466500,31.298100, 46,  0,0
107,2007-02-20 00:04:43,121.466500,31.299500, 58,  0,0
107,2007-02-20 00:04:59,121.466500,31.301600, 40,  0,0
107,2007-02-20 00:05:34,121.466500,31.302600, 46,  0,0
107,2007-02-20 00:05:50,121.466500,31.304100,  0,  0,0
107,2007-02-20 00:06:07,121.466500,31.304100,  6, 90,1
107,2007-02-20 00:07:07,121.466300,31.299100,  0, 90,1
107,2007-02-20 00:08:08,121.466500,31.294800, 38, 90,1
107,2007-02-20 00:09:09,121.466800,31.289000, 52, 45,1
107,2007-02-20 00:10:10,121.471800,31.285500, 50, 90,1
107,2007-02-20 00:10:46,121.472800,31.284600,  6, 45,0
107,2007-02-20 00:11:01,121.472800,31.284600,  0, 45,0
107,2007-02-20 00:11:34,121.474000,31.284600, 30, 45,0
107,2007-02-20 00:12:07,121.474500,31.284000, 36, 90,0
107,2007-02-20 00:12:23,121.474100,31.282300, 40, 90,0
107,2007-02-20 00:12:39,121.473500,31.280800, 36,112,0
107,2007-02-20 00:12:55,121.472500,31.279500, 50,112,0
107,2007-02-20 00:13:11,121.471300,31.278800, 32,157,0
107,2007-02-20 00:14:06,121.467300,31.280600, 48,135,0
107,2007-02-20 00:14:22,121.465500,31.281300, 32,135,0
107,2007-02-20 00:14:55,121.464500,31.281800, 30,  0,0
107,2007-02-20 00:15:11,121.464800,31.283300, 14,  0,0
107,2007-02-20 00:15:35,121.464800,31.283500, 14,  0,1
107,2007-02-20 00:16:36,121.465800,31.289000,  0,  0,1
107,2007-02-20 00:17:37,121.466500,31.292500,  0,  0,1
107,2007-02-20 00:18:38,121.466600,31.298100, 62,  0,1
107,2007-02-20 00:19:38,121.471600,31.299000,  0, 45,1
107,2007-02-20 00:20:37,121.472500,31.299800,  6,157,0
107,2007-02-20 00:20:53,121.472500,31.299800,  0,157,0
107,2007-02-20 00:21:53,121.472500,31.299800,  8, 67,0
107,2007-02-20 00:22:53,121.471800,31.299500, 16,  0,0
107,2007-02-20 00:23:10,121.471800,31.301300, 48,  0,0
107,2007-02-20 00:23:26,121.471000,31.301800, 26,135,0
107,2007-02-20 00:23:42,121.468800,31.302000, 62,135,0
107,2007-02-20 00:23:58,121.466500,31.302300, 34,157,0
107,2007-02-20 00:24:13,121.466500,31.304000, 62,  0,0
107,2007-02-20 00:24:30,121.466500,31.306000, 32,  0,0
107,2007-02-20 00:24:46,121.466800,31.307100, 24,  0,0
107,2007-02-20 00:25:47,121.466600,31.307600,  0,  0,0
107,2007-02-20 00:26:48,121.466600,31.307500,  0,  0,0
107,2007-02-20 00:29:06,121.466000,31.308500, 46,135,0
107,2007-02-20 00:29:22,121.463800,31.308300, 40,135,0
107,2007-02-20 00:29:41,121.462800,31.308100, 44,135,0
107,2007-02-20 00:30:13,121.457000,31.307600, 66,135,0
107,2007-02-20 00:30:28,121.454600,31.307600, 54,135,0
107,2007-02-20 00:30:45,121.452500,31.307500, 62,135,0
107,2007-02-20 00:31:01,121.449500,31.307100, 56,135,0
107,2007-02-20 00:31:17,121.447300,31.307300, 52,135,0
107,2007-02-20 00:31:33,121.445500,31.307500, 40,135,0
107,2007-02-20 00:32:27,121.444300,31.307500, 28,135,0
107,2007-02-20 00:32:43,121.442800,31.307500, 32,135,0
107,2007-02-20 00:33:57,121.440300,31.307300, 16,135,0
107,2007-02-20 00:34:13,121.438800,31.307100, 40,135,0
107,2007-02-20 00:34:28,121.437000,31.307000, 24,135,0
107,2007-02-20 00:34:53,121.436600,31.307800, 26,  0,0
107,2007-02-20 00:36:56,121.436600,31.308600,  0, 90,0
107,2007-02-20 00:37:57,121.436600,31.308600,  0, 90,0
107,2007-02-20 00:38:58,121.436600,31.308600,  0, 90,0
107,2007-02-20 00:39:58,121.436600,31.308600,  0, 90,0
107,2007-02-20 00:41:00,121.436600,31.308600,  0, 90,0
107,2007-02-20 00:42:01,121.436600,31.308600,  0, 90,0
107,2007-02-20 00:43:02,121.436600,31.308600,  0, 90,0
107,2007-02-20 00:44:03,121.436600,31.308600,  0, 90,0
107,2007-02-20 00:45:03,121.436600,31.308600,  0, 90,0
107,2007-02-20 00:46:05,121.436600,31.307800, 30, 90,0
107,2007-02-20 00:46:20,121.436600,31.306800, 18,135,0
107,2007-02-20 00:46:36,121.434600,31.306600, 60,135,0
107,2007-02-20 00:46:53,121.433000,31.306500,  8,  0,0
107,2007-02-20 00:47:53,121.432800,31.307300,  0, 45,0
107,2007-02-20 00:48:55,121.432800,31.307300,  0, 45,0
107,2007-02-20 00:49:56,121.432800,31.307300,  0, 45,0
107,2007-02-20 00:50:57,121.432800,31.307300,  0, 45,0
107,2007-02-20 00:51:58,121.432800,31.307300,  0, 45,0
107,2007-02-20 00:52:58,121.432800,31.307300,  0, 45,0
107,2007-02-20 00:54:00,121.432800,31.307100,  0, 45,0
107,2007-02-20 00:55:01,121.432800,31.307100,  0, 45,0
107,2007-02-20 00:56:02,121.432800,31.307100,  0, 45,0
107,2007-02-20 00:57:03,121.432800,31.307100,  0, 45,0
107,2007-02-20 00:58:03,121.432800,31.307100,  0, 45,0
107,2007-02-20 00:59:05,121.432800,31.307100,  0, 45,0
107,2007-02-20 01:00:05,121.432800,31.307100,  0, 45,0
107,2007-02-20 01:01:07,121.432800,31.307100,  0, 45,0
107,2007-02-20 01:02:07,121.432800,31.307100,  0, 45,0
107,2007-02-20 01:03:08,121.432800,31.307100,  0, 45,0
107,2007-02-20 01:04:09,121.432800,31.307100,  0, 45,0
107,2007-02-20 01:05:10,121.432800,31.307100,  0, 45,0
107,2007-02-20 01:06:11,121.432800,31.307100,  0, 45,0
107,2007-02-20 01:08:13,121.432800,31.307100,  0, 45,0
107,2007-02-20 01:09:14,121.432800,31.307100,  0, 45,0
107,2007-02-20 01:10:15,121.432800,31.307100,  0, 45,0
107,2007-02-20 01:11:16,121.432800,31.307100,  0, 45,0
107,2007-02-20 01:12:17,121.432800,31.307100,  0, 45,0
107,2007-02-20 01:13:18,121.432800,31.307100,  0, 45,0
107,2007-02-20 01:14:19,121.432800,31.307100,  0, 45,0
107,2007-02-20 01:15:20,121.432800,31.307100,  0, 45,0
107,2007-02-20 01:17:22,121.432800,31.307100,  0, 45,0
107,2007-02-20 01:18:23,121.432800,31.307100,  0, 45,0
107,2007-02-20 01:19:25,121.432800,31.307100,  0, 45,0
107,2007-02-20 01:20:25,121.432800,31.307100,  0, 45,0
107,2007-02-20 01:21:26,121.432800,31.307100,  0, 45,0
107,2007-02-20 01:22:27,121.432800,31.307100,  0, 45,0
107,2007-02-20 01:24:29,121.432800,31.307100,  0, 45,0
107,2007-02-20 01:25:30,121.432800,31.307100,  0, 45,0
107,2007-02-20 01:26:31,121.432800,31.307100,  0, 45,0
107,2007-02-20 01:27:32,121.432800,31.307100,  0, 45,0
107,2007-02-20 01:28:33,121.432800,31.307100,  0, 45,0
107,2007-02-20 01:31:36,121.432800,31.307100,  0, 45,0
107,2007-02-20 01:32:37,121.432800,31.307100,  0, 45,0
107,2007-02-20 01:33:38,121.432800,31.307100,  0, 45,0
107,2007-02-20 01:34:39,121.432800,31.307100,  0, 45,0
107,2007-02-20 01:35:40,121.432800,31.307100,  0, 45,0
107,2007-02-20 01:36:41,121.432800,31.307100,  0, 45,0
107,2007-02-20 01:37:42,121.432800,31.307100,  0, 45,0
107,2007-02-20 01:38:43,121.432800,31.307100,  0, 45,0
107,2007-02-20 01:39:44,121.432800,31.307100,  0, 45,0
107,2007-02-20 01:40:45,121.432800,31.307100,  0, 45,0
107,2007-02-20 01:41:46,121.432800,31.307100,  0, 45,0
107,2007-02-20 01:42:47,121.432800,31.307100,  0, 45,0
107,2007-02-20 01:44:49,121.432800,31.307100,  0, 45,0
107,2007-02-20 01:46:51,121.432800,31.307100,  0, 45,0
107,2007-02-20 01:47:52,121.432800,31.307100,  0, 45,0
107,2007-02-20 01:48:53,121.432800,31.307100,  0, 45,0
107,2007-02-20 01:49:54,121.432800,31.307100,  0, 45,0
107,2007-02-20 01:50:55,121.432800,31.307100,  0, 45,0
107,2007-02-20 01:51:56,121.432800,31.307100,  0, 45,0
107,2007-02-20 01:52:57,121.432800,31.307100,  0, 45,0
107,2007-02-20 01:53:58,121.432800,31.307300,  0, 45,0
107,2007-02-20 01:54:59,121.432800,31.307300,  0, 45,0
107,2007-02-20 01:56:00,121.432800,31.307300,  0, 45,0
107,2007-02-20 01:57:01,121.432800,31.307300,  0, 45,0
107,2007-02-20 01:58:02,121.432800,31.307300,  0, 45,0
107,2007-02-20 01:59:03,121.432800,31.307300,  0, 45,0
107,2007-02-20 02:00:04,121.432800,31.307300,  0, 45,0
107,2007-02-20 02:01:05,121.432800,31.307300,  0, 45,0
107,2007-02-20 02:02:06,121.432800,31.307300,  0, 45,0
107,2007-02-20 02:03:07,121.432800,31.307300,  0, 45,0
107,2007-02-20 02:04:08,121.432800,31.307300,  0, 45,0
107,2007-02-20 02:05:09,121.432800,31.307300,  0, 45,0
107,2007-02-20 02:06:10,121.432800,31.307300,  0, 45,0
107,2007-02-20 02:07:11,121.432800,31.307300,  0, 45,0
107,2007-02-20 02:08:12,121.432800,31.307300,  0, 45,0
107,2007-02-20 02:09:13,121.432800,31.307300,  0, 45,0
107,2007-02-20 02:10:14,121.432800,31.307300,  0, 45,0
107,2007-02-20 02:11:15,121.432800,31.307300,  0, 45,0
107,2007-02-20 02:12:16,121.432800,31.307300,  0, 45,0
107,2007-02-20 02:13:16,121.432800,31.307300,  0, 45,0
107,2007-02-20 02:14:17,121.433100,31.307500,  0, 45,0
107,2007-02-20 02:15:18,121.433100,31.307500,  0, 45,0
107,2007-02-20 02:16:19,121.433100,31.307500,  0, 45,0
107,2007-02-20 02:17:20,121.433100,31.307500,  0, 45,0
107,2007-02-20 02:18:21,121.433100,31.307500,  0, 45,0
107,2007-02-20 02:19:22,121.433100,31.307500,  0, 45,0
107,2007-02-20 02:20:23,121.433100,31.307500,  0, 45,0
107,2007-02-20 02:21:24,121.433100,31.307500,  0, 45,0
107,2007-02-20 02:22:25,121.433100,31.307500,  0, 45,0
107,2007-02-20 02:23:26,121.433100,31.307500,  0, 45,0
107,2007-02-20 02:24:27,121.433100,31.307500,  0, 45,0
107,2007-02-20 02:25:28,121.433100,31.307500,  0, 45,0
107,2007-02-20 02:26:29,121.433100,31.307500,  0, 45,0
107,2007-02-20 02:27:30,121.433100,31.307500,  0, 45,0
107,2007-02-20 02:28:31,121.433100,31.307500,  0, 45,0
107,2007-02-20 02:29:32,121.433100,31.307500,  0, 45,0
107,2007-02-20 02:30:33,121.433100,31.307500,  0, 45,0
107,2007-02-20 02:31:34,121.433100,31.307500,  0, 45,0
107,2007-02-20 02:32:35,121.433100,31.307500,  0, 45,0
107,2007-02-20 02:33:36,121.433100,31.307500,  0, 45,0
107,2007-02-20 02:35:38,121.433100,31.307500,  0, 45,0
107,2007-02-20 02:36:39,121.433100,31.307500,  0, 45,0
107,2007-02-20 02:37:40,121.433100,31.307500,  0, 45,0
107,2007-02-20 02:38:41,121.433100,31.307500,  0, 45,0
107,2007-02-20 02:39:42,121.433100,31.307500,  0, 45,0
107,2007-02-20 02:40:43,121.433100,31.307500,  0, 45,0
107,2007-02-20 02:41:44,121.433100,31.307500,  0, 45,0
107,2007-02-20 02:42:45,121.433100,31.307500,  0, 45,0
107,2007-02-20 02:43:46,121.433100,31.307500,  0, 45,0
107,2007-02-20 02:44:47,121.433100,31.307500,  0, 45,0
107,2007-02-20 02:45:48,121.433100,31.307500,  0, 45,0
107,2007-02-20 02:46:49,121.433100,31.307500,  0, 45,0
107,2007-02-20 02:47:50,121.433100,31.307500,  0, 45,0
107,2007-02-20 02:48:55,121.433100,31.307500,  0, 45,0
107,2007-02-20 02:51:57,121.433100,31.307500,  0, 45,0
107,2007-02-20 02:52:59,121.433100,31.307500,  0, 45,0
107,2007-02-20 02:54:00,121.433100,31.307500,  0, 45,0
107,2007-02-20 02:55:01,121.433100,31.307500,  0, 45,0
107,2007-02-20 02:56:02,121.433100,31.307500,  0, 45,0
107,2007-02-20 02:57:02,121.433100,31.307500,  0, 45,0
107,2007-02-20 02:59:05,121.433100,31.307500,  0, 45,0
107,2007-02-20 03:00:06,121.433100,31.307500,  0, 45,0
107,2007-02-20 03:01:07,121.433100,31.307500,  0, 45,0
107,2007-02-20 03:03:09,121.433100,31.307500,  0, 45,0
107,2007-02-20 03:05:11,121.433100,31.307500,  0, 45,0
107,2007-02-20 03:06:12,121.433100,31.307500,  0, 45,0
107,2007-02-20 03:07:12,121.433100,31.307500,  0, 45,0
107,2007-02-20 03:08:14,121.433100,31.307500,  0, 45,0
107,2007-02-20 03:09:15,121.433100,31.307500,  0, 45,0
107,2007-02-20 03:11:17,121.433100,31.307500,  0, 45,0
107,2007-02-20 03:12:17,121.433100,31.307500,  0, 45,0
107,2007-02-20 03:13:19,121.433100,31.307500,  0, 45,0
107,2007-02-20 03:14:20,121.433100,31.307500,  0, 45,0
107,2007-02-20 03:15:21,121.433100,31.307500,  0, 45,0
107,2007-02-20 03:16:22,121.433100,31.307500,  0, 45,0
107,2007-02-20 03:17:22,121.433100,31.307500,  0, 45,0
107,2007-02-20 03:18:24,121.433100,31.307500,  0, 45,0
107,2007-02-20 03:19:25,121.433100,31.307500,  0, 45,0
107,2007-02-20 03:20:26,121.433100,31.307500,  0, 45,0
107,2007-02-20 03:21:27,121.433100,31.307500,  0, 45,0
107,2007-02-20 03:22:27,121.433100,31.307500,  0, 45,0
107,2007-02-20 03:23:29,121.433100,31.307500,  0, 45,0
107,2007-02-20 03:24:30,121.433100,31.307500,  0, 45,0
107,2007-02-20 03:25:31,121.433100,31.307500,  0, 45,0
107,2007-02-20 03:26:32,121.433100,31.307500,  0, 45,0
107,2007-02-20 03:27:32,121.433100,31.307500,  0, 45,0
107,2007-02-20 03:28:34,121.433100,31.307500,  0, 45,0
107,2007-02-20 03:29:35,121.433100,31.307500,  0, 45,0
107,2007-02-20 03:30:36,121.433100,31.307500,  0, 45,0
107,2007-02-20 03:31:37,121.433100,31.307500,  0, 45,0
107,2007-02-20 03:32:37,121.433100,31.307500,  0, 45,0
107,2007-02-20 03:33:39,121.433100,31.307500,  0, 45,0
107,2007-02-20 03:34:40,121.433100,31.307500,  0, 45,0
107,2007-02-20 03:35:41,121.433100,31.307500,  0, 45,0
107,2007-02-20 03:36:42,121.433100,31.307500,  0, 45,0
107,2007-02-20 03:37:42,121.433100,31.307500,  0, 45,0
107,2007-02-20 03:38:44,121.433100,31.307500,  0, 45,0
107,2007-02-20 03:40:46,121.433100,31.307500,  0, 45,0
107,2007-02-20 03:41:47,121.433100,31.307500,  0, 45,0
107,2007-02-20 03:42:47,121.433100,31.307500,  0, 45,0
107,2007-02-20 03:43:49,121.433100,31.307500,  0, 45,0
107,2007-02-20 03:44:50,121.433100,31.307500,  0, 45,0
107,2007-02-20 03:45:51,121.433100,31.307500,  0, 45,0
107,2007-02-20 03:46:52,121.433100,31.307500,  0, 45,0
107,2007-02-20 03:47:52,121.433100,31.307500,  0, 45,0
107,2007-02-20 03:48:54,121.433100,31.307500,  0, 45,0
107,2007-02-20 03:49:55,121.433100,31.307500,  0, 45,0
107,2007-02-20 03:50:56,121.433100,31.307500,  0, 45,0
107,2007-02-20 03:51:57,121.433100,31.307500,  0, 45,0
107,2007-02-20 03:52:57,121.433100,31.307500,  0, 45,0
107,2007-02-20 03:53:59,121.433100,31.307500,  0, 45,0
107,2007-02-20 03:55:00,121.433100,31.307500,  0, 45,0
107,2007-02-20 03:56:01,121.433100,31.307500,  0, 45,0
107,2007-02-20 03:57:02,121.433100,31.307500,  0, 45,0
107,2007-02-20 03:58:02,121.433100,31.307500,  0, 45,0
107,2007-02-20 04:00:05,121.433100,31.307500,  0, 45,0
107,2007-02-20 04:01:06,121.433100,31.307500,  0, 45,0
107,2007-02-20 04:02:07,121.433100,31.307500,  0, 45,0
107,2007-02-20 04:03:07,121.433100,31.307500,  0, 45,0
107,2007-02-20 04:06:11,121.433100,31.307500,  0, 45,0
107,2007-02-20 04:07:12,121.433100,31.307500,  0, 45,0
107,2007-02-20 04:08:12,121.433100,31.307500,  0, 45,0
107,2007-02-20 04:09:14,121.433000,31.307500,  0, 45,0
107,2007-02-20 04:11:16,121.433000,31.307500,  0, 45,0
107,2007-02-20 04:12:17,121.433000,31.307500,  0, 45,0
107,2007-02-20 04:13:17,121.433000,31.307500,  0, 45,0
107,2007-02-20 04:15:20,121.433000,31.307500,  0, 45,0
107,2007-02-20 04:16:21,121.433000,31.307500,  0, 45,0
107,2007-02-20 04:17:22,121.433000,31.307500,  0, 45,0
107,2007-02-20 04:18:22,121.433000,31.307500,  0, 45,0
107,2007-02-20 04:19:24,121.433000,31.307500,  0, 45,0
107,2007-02-20 04:20:25,121.433000,31.307500,  0, 45,0
107,2007-02-20 04:21:26,121.433000,31.307500,  0, 45,0
107,2007-02-20 04:22:27,121.433000,31.307500,  0, 45,0
107,2007-02-20 04:23:27,121.433000,31.307500,  0, 45,0
107,2007-02-20 04:24:29,121.433000,31.307500,  0, 45,0
107,2007-02-20 04:25:30,121.433000,31.307500,  0, 45,0
107,2007-02-20 04:26:31,121.433000,31.307500,  0, 45,0
107,2007-02-20 04:27:32,121.433000,31.307500,  0, 45,0
107,2007-02-20 04:28:32,121.433000,31.307500,  0, 45,0
107,2007-02-20 04:29:34,121.433000,31.307500,  0, 45,0
107,2007-02-20 04:30:35,121.433000,31.307500,  0, 45,0
107,2007-02-20 04:31:36,121.433000,31.307500,  0, 45,0
107,2007-02-20 04:32:37,121.433000,31.307500,  0, 45,0
107,2007-02-20 04:33:37,121.433000,31.307500,  0, 45,0
107,2007-02-20 04:34:39,121.433000,31.307500,  0, 45,0
107,2007-02-20 04:36:41,121.433000,31.307500,  0, 45,0
107,2007-02-20 04:37:42,121.433000,31.307500,  0, 45,0
107,2007-02-20 04:39:44,121.433000,31.307500,  0, 45,0
107,2007-02-20 04:40:45,121.433000,31.307500,  0, 45,0
107,2007-02-20 04:41:46,121.433000,31.307500,  0, 45,0
107,2007-02-20 04:42:47,121.433000,31.307500,  0, 45,0
107,2007-02-20 04:43:47,121.433000,31.307500,  0, 45,0
107,2007-02-20 04:44:49,121.433000,31.307500,  0, 45,0
107,2007-02-20 04:45:50,121.433000,31.307300,  0, 45,0
107,2007-02-20 04:46:51,121.433000,31.307300,  0, 45,0
107,2007-02-20 04:47:52,121.433000,31.307300,  0, 45,0
107,2007-02-20 04:48:52,121.433000,31.307300,  0, 45,0
107,2007-02-20 04:49:54,121.433000,31.307300,  0, 45,0
107,2007-02-20 04:50:55,121.433000,31.307300,  0, 45,0
107,2007-02-20 04:51:56,121.433000,31.307300,  0, 45,0
107,2007-02-20 04:52:57,121.433000,31.307300,  0, 45,0
107,2007-02-20 04:53:57,121.433000,31.307300,  0, 45,0
107,2007-02-20 04:54:59,121.433000,31.307300,  0, 45,0
107,2007-02-20 04:56:00,121.433000,31.307300,  0, 45,0
107,2007-02-20 04:57:01,121.433000,31.307300,  0, 45,0
107,2007-02-20 04:58:02,121.433000,31.307300,  0, 45,0
107,2007-02-20 04:59:02,121.433000,31.307300,  0, 45,0
107,2007-02-20 05:00:04,121.433000,31.307300,  0, 45,0
107,2007-02-20 05:01:05,121.433000,31.307300,  0, 45,0
107,2007-02-20 05:02:06,121.433000,31.307300,  0, 45,0
107,2007-02-20 05:03:07,121.433000,31.307300,  0, 45,0
107,2007-02-20 05:04:07,121.433000,31.307300,  0, 45,0
107,2007-02-20 05:05:09,121.433000,31.307300,  0, 45,0
107,2007-02-20 05:06:10,121.433000,31.307300,  0, 45,0
107,2007-02-20 05:07:11,121.433000,31.307300,  0, 45,0
107,2007-02-20 05:08:12,121.433000,31.307300,  0, 45,0
107,2007-02-20 05:09:12,121.433000,31.307300,  0, 45,0
107,2007-02-20 05:10:14,121.433000,31.307300,  0, 45,0
107,2007-02-20 05:11:15,121.433000,31.307300,  0, 45,0
107,2007-02-20 05:12:16,121.433000,31.307300,  0, 45,0
107,2007-02-20 05:13:17,121.433000,31.307300,  0, 45,0
107,2007-02-20 05:14:17,121.433000,31.307300,  0, 45,0
107,2007-02-20 05:15:19,121.433000,31.307300,  0, 45,0
107,2007-02-20 05:16:20,121.433000,31.307300,  0, 45,0
107,2007-02-20 05:17:21,121.433000,31.307300,  0, 45,0
107,2007-02-20 05:18:22,121.433000,31.307300,  0, 45,0
107,2007-02-20 05:19:22,121.433000,31.307300,  0, 45,0
107,2007-02-20 05:20:24,121.433000,31.307300,  0, 45,0
107,2007-02-20 05:21:25,121.433000,31.307300,  0, 45,0
107,2007-02-20 05:22:26,121.433000,31.307300,  0, 45,0
107,2007-02-20 05:23:27,121.433000,31.307300,  0, 45,0
107,2007-02-20 05:24:27,121.433000,31.307300,  0, 45,0
107,2007-02-20 05:25:29,121.432800,31.307100,  0, 45,0
107,2007-02-20 05:26:30,121.432800,31.307100,  0, 45,0
107,2007-02-20 05:27:31,121.432800,31.307100,  0, 45,0
107,2007-02-20 05:28:32,121.432800,31.307100,  0, 45,0
107,2007-02-20 05:29:32,121.432800,31.307100,  0, 45,0
107,2007-02-20 05:30:34,121.432800,31.307100,  0, 45,0
107,2007-02-20 05:31:35,121.432800,31.307100,  0, 45,0
107,2007-02-20 05:32:36,121.432800,31.307100,  0, 45,0
107,2007-02-20 05:33:37,121.432800,31.307100,  0, 45,0
107,2007-02-20 05:34:37,121.432800,31.307100,  0, 45,0
107,2007-02-20 05:35:39,121.432800,31.307100,  0, 45,0
107,2007-02-20 05:36:40,121.432800,31.307100,  0, 45,0
107,2007-02-20 05:37:41,121.432800,31.307100,  0, 45,0
107,2007-02-20 05:38:42,121.432800,31.307100,  0, 45,0
107,2007-02-20 05:39:42,121.432800,31.307100,  0, 45,0
107,2007-02-20 05:40:44,121.432800,31.307100,  0, 45,0
107,2007-02-20 05:41:45,121.432800,31.307100,  0, 45,0
107,2007-02-20 05:42:46,121.432800,31.307100,  0, 45,0
107,2007-02-20 05:43:47,121.432800,31.307100,  0, 45,0
107,2007-02-20 05:44:47,121.432800,31.307100,  0, 45,0
107,2007-02-20 05:45:49,121.432800,31.307100,  0, 45,0
107,2007-02-20 05:46:50,121.432800,31.307100,  0, 45,0
107,2007-02-20 05:47:51,121.432800,31.307100,  0, 45,0
107,2007-02-20 05:49:52,121.432800,31.307100,  0, 45,0
107,2007-02-20 05:50:54,121.432800,31.307100,  0, 45,0
107,2007-02-20 05:51:55,121.432800,31.307100,  0, 45,0
107,2007-02-20 05:52:56,121.432800,31.307100,  0, 45,0
107,2007-02-20 05:53:57,121.432800,31.307100,  0, 45,0
107,2007-02-20 05:54:57,121.432800,31.307100,  0, 45,0
107,2007-02-20 05:55:59,121.432800,31.307100,  0, 45,0
107,2007-02-20 05:57:00,121.432800,31.307100,  0, 45,0
107,2007-02-20 05:58:01,121.432800,31.307100,  0, 45,0
107,2007-02-20 05:59:01,121.432800,31.307100,  0, 45,0
107,2007-02-20 06:00:02,121.432800,31.307100,  0, 45,0
107,2007-02-20 06:01:04,121.432800,31.307100,  0, 45,0
107,2007-02-20 06:02:04,121.432800,31.307100,  0, 45,0
107,2007-02-20 06:03:05,121.432800,31.307100,  0, 45,0
107,2007-02-20 06:04:06,121.432800,31.307100,  0, 45,0
107,2007-02-20 06:06:08,121.432800,31.307100,  0, 45,0
107,2007-02-20 06:07:09,121.432800,31.307100,  0, 45,0
107,2007-02-20 06:08:10,121.432800,31.307100,  0, 45,0
107,2007-02-20 06:09:11,121.432800,31.307100,  0, 45,0
107,2007-02-20 06:10:12,121.432800,31.307300,  0, 45,0
107,2007-02-20 06:11:13,121.432800,31.307300,  0, 45,0
107,2007-02-20 06:12:14,121.432800,31.307300,  0, 45,0
107,2007-02-20 06:13:15,121.432800,31.307300,  0, 45,0
107,2007-02-20 06:14:17,121.432800,31.307300,  0, 45,0
107,2007-02-20 06:15:17,121.432800,31.307300,  0, 45,0
107,2007-02-20 06:16:19,121.432800,31.307300,  0, 45,0
107,2007-02-20 06:17:20,121.432800,31.307300,  0, 45,0
107,2007-02-20 06:18:21,121.432800,31.307300,  0, 45,0
107,2007-02-20 06:19:22,121.432800,31.307300,  0, 45,0
107,2007-02-20 06:20:22,121.432800,31.307100,  0, 45,0
107,2007-02-20 06:21:23,121.432600,31.307100,  0, 45,0
107,2007-02-20 06:22:24,121.432800,31.307100,  0, 45,0
107,2007-02-20 06:23:26,121.433100,31.307100,  0, 45,0
107,2007-02-20 06:24:26,121.432600,31.307100,  0, 45,0
107,2007-02-20 06:25:27,121.433000,31.307300,  0, 45,0
107,2007-02-20 06:26:28,121.432600,31.307100,  0, 45,0
107,2007-02-20 06:27:29,121.432600,31.307100,  0, 45,0
107,2007-02-20 06:28:30,121.432600,31.307100,  0, 45,0
107,2007-02-20 06:29:31,121.432600,31.307100,  0, 45,0
107,2007-02-20 06:31:33,121.432600,31.307100,  0, 45,0
107,2007-02-20 06:32:34,121.432600,31.307100,  0, 45,0
107,2007-02-20 06:33:35,121.432600,31.307100,  0, 45,0
107,2007-02-20 06:34:36,121.432600,31.307100,  0, 45,0
107,2007-02-20 06:36:38,121.432600,31.307100,  0, 45,0
107,2007-02-20 06:37:39,121.432600,31.307100,  0, 45,0
107,2007-02-20 06:38:40,121.432600,31.307100,  0, 45,0
107,2007-02-20 06:39:41,121.432500,31.307500,  0, 45,0
107,2007-02-20 06:40:42,121.432500,31.307300,  0, 45,0
107,2007-02-20 06:41:43,121.432500,31.307300,  0, 45,0
107,2007-02-20 06:42:44,121.432500,31.307300,  0, 45,0
107,2007-02-20 06:43:44,121.432500,31.307300,  0, 45,0
107,2007-02-20 06:44:45,121.432500,31.307300,  0, 45,0
107,2007-02-20 06:45:46,121.432500,31.307300,  0, 45,0
107,2007-02-20 06:46:47,121.432800,31.307300,  0, 45,0
107,2007-02-20 06:47:48,121.432800,31.307300,  0, 45,0
107,2007-02-20 06:48:49,121.433000,31.307100,  0, 45,0
107,2007-02-20 06:49:50,121.433000,31.307100,  0, 45,0
107,2007-02-20 06:50:51,121.433000,31.307100,  0, 45,0
107,2007-02-20 06:51:52,121.433000,31.307100,  0, 45,0
107,2007-02-20 06:52:53,121.433000,31.307100,  0, 45,0
107,2007-02-20 06:53:54,121.433000,31.307100,  0, 45,0
107,2007-02-20 06:54:55,121.433000,31.307100,  0, 45,0
107,2007-02-20 06:55:56,121.433000,31.307100,  0, 45,0
107,2007-02-20 06:56:57,121.433000,31.307100,  0, 45,0
107,2007-02-20 06:57:58,121.433000,31.307100,  0, 45,0
107,2007-02-20 06:58:59,121.433000,31.307100,  0, 45,0
107,2007-02-20 07:00:00,121.433000,31.307100,  0, 45,0
107,2007-02-20 07:01:39,121.433000,31.307100,  0, 45,0
107,2007-02-20 07:02:40,121.433000,31.307100,  0, 45,0
107,2007-02-20 07:03:41,121.433000,31.307100,  0, 45,0
107,2007-02-20 07:04:41,121.433000,31.307100,  0, 45,0
107,2007-02-20 07:05:43,121.433000,31.307100,  0, 45,0
107,2007-02-20 07:06:44,121.433000,31.307100,  0, 45,0
107,2007-02-20 07:07:45,121.433000,31.307100,  0, 45,0
107,2007-02-20 07:09:46,121.433000,31.307100,  0, 45,0
107,2007-02-20 07:10:48,121.433000,31.307100,  0, 45,0
107,2007-02-20 07:11:49,121.433000,31.307100,  0, 45,0
107,2007-02-20 07:12:50,121.433000,31.307100,  0, 45,0
107,2007-02-20 07:13:51,121.432800,31.307300,  0, 45,0
107,2007-02-20 07:15:11,121.434100,31.306500, 38, 45,0
107,2007-02-20 07:15:26,121.435800,31.306800, 38, 45,0
107,2007-02-20 07:15:45,121.437100,31.306800, 32, 45,0
107,2007-02-20 07:16:01,121.439100,31.307000, 54, 45,0
107,2007-02-20 07:16:16,121.441000,31.307100, 38, 45,0
107,2007-02-20 07:16:33,121.443000,31.307300, 28, 45,0
107,2007-02-20 07:17:29,121.443800,31.307000, 40, 90,0
107,2007-02-20 07:17:45,121.443800,31.304800, 54, 90,0
107,2007-02-20 07:18:01,121.444000,31.303000, 56, 90,0
107,2007-02-20 07:18:16,121.444100,31.300500, 82, 90,0
107,2007-02-20 07:18:33,121.444800,31.297000, 96, 90,0
107,2007-02-20 07:18:49,121.445800,31.293000,114, 90,0
107,2007-02-20 07:19:05,121.446500,31.289300, 90, 90,0
107,2007-02-20 07:19:36,121.447100,31.282500,114, 90,0
107,2007-02-20 07:19:53,121.447600,31.278600,112, 90,0
107,2007-02-20 07:20:25,121.452500,31.271000,100, 67,0
107,2007-02-20 07:20:41,121.454100,31.267800, 86, 90,0
107,2007-02-20 07:20:56,121.455300,31.264800, 92, 90,0
107,2007-02-20 07:21:13,121.457000,31.262100, 94, 67,0
107,2007-02-20 07:21:29,121.458800,31.259100, 88, 90,0
107,2007-02-20 07:21:45,121.459000,31.255600, 88, 90,0
107,2007-02-20 07:22:01,121.458800,31.252600, 84, 90,0
107,2007-02-20 07:22:16,121.458300,31.249600, 74, 90,0
107,2007-02-20 07:22:33,121.457600,31.246300,108, 90,0
107,2007-02-20 07:22:49,121.458500,31.242600, 88, 90,0
107,2007-02-20 07:23:05,121.459800,31.239600, 88, 67,0
107,2007-02-20 07:23:21,121.461500,31.236600, 82, 90,0
107,2007-02-20 07:23:36,121.462100,31.233800, 80, 90,0
107,2007-02-20 07:23:53,121.462500,31.231100, 78, 90,0
107,2007-02-20 07:24:09,121.462800,31.228300, 78, 90,0
107,2007-02-20 07:24:56,121.466500,31.219000, 92, 90,0
107,2007-02-20 07:25:18,121.466000,31.214800, 86, 90,0
107,2007-02-20 07:25:29,121.467300,31.212600, 88, 67,0
107,2007-02-20 07:25:45,121.468600,31.209600,100, 90,0
107,2007-02-20 07:26:01,121.470000,31.206000, 94, 90,0
107,2007-02-20 07:26:16,121.471100,31.202800, 88, 90,0
107,2007-02-20 07:26:33,121.472100,31.200300, 56, 90,0
107,2007-02-20 07:26:49,121.472300,31.198600, 44, 67,0
107,2007-02-20 07:27:05,121.473800,31.199300, 52, 22,0
107,2007-02-20 07:27:21,121.476300,31.200100, 62, 45,0
107,2007-02-20 07:27:36,121.478600,31.201000, 66, 45,0
107,2007-02-20 07:28:09,121.485100,31.203300, 80, 22,0
107,2007-02-20 07:28:25,121.487800,31.205000, 74, 22,0
107,2007-02-20 07:28:41,121.490300,31.207000, 90, 22,0
107,2007-02-20 07:28:56,121.493100,31.209000, 74, 22,0
107,2007-02-20 07:29:13,121.496000,31.209500, 58, 67,0
107,2007-02-20 07:29:29,121.498500,31.209500, 64, 22,0
107,2007-02-20 07:29:44,121.496800,31.211000, 74,135,0
107,2007-02-20 07:30:01,121.496800,31.208800, 72, 67,0
107,2007-02-20 07:30:16,121.500000,31.207600, 90, 45,0
107,2007-02-20 07:30:49,121.507000,31.205100, 80, 67,0
107,2007-02-20 07:31:05,121.510500,31.204000, 74, 45,0
107,2007-02-20 07:31:36,121.517300,31.202500, 88, 45,0
107,2007-02-20 07:31:53,121.521300,31.201600, 84, 45,0
107,2007-02-20 07:32:41,121.534600,31.199300,102, 45,0
107,2007-02-20 07:32:57,121.538800,31.200000, 96, 45,0
107,2007-02-20 07:33:14,121.542100,31.201300, 50, 22,0
107,2007-02-20 07:33:30,121.543800,31.202300, 66, 22,0
107,2007-02-20 07:33:46,121.547000,31.203800, 96, 22,0
107,2007-02-20 07:34:01,121.550300,31.205300, 78, 45,0
107,2007-02-20 07:34:18,121.553100,31.206000, 62, 45,0
107,2007-02-20 07:34:49,121.558100,31.205800, 68, 45,0
107,2007-02-20 07:35:21,121.562100,31.206800, 82, 22,0
107,2007-02-20 07:35:38,121.565500,31.208300, 88, 22,0
107,2007-02-20 07:35:54,121.569300,31.210000, 94, 22,0
107,2007-02-20 07:36:26,121.577300,31.213100,104, 45,0
107,2007-02-20 07:36:57,121.583000,31.214100, 46, 67,0
107,2007-02-20 07:37:14,121.583600,31.211800, 58, 90,0
107,2007-02-20 07:37:29,121.583800,31.209600, 68, 90,0
107,2007-02-20 07:37:45,121.584100,31.207300, 44, 90,0
107,2007-02-20 07:38:46,121.583600,31.207000,  0,  0,0
107,2007-02-20 07:39:47,121.583600,31.207000,  0,  0,0
107,2007-02-20 07:40:49,121.583500,31.207000,  0, 67,0
107,2007-02-20 07:41:50,121.583600,31.206800,  0, 90,0
107,2007-02-20 07:42:51,121.583600,31.206800,  0, 90,0
107,2007-02-20 07:43:51,121.583600,31.206800,  0, 90,0
107,2007-02-20 07:44:53,121.583600,31.206800,  0, 90,0
107,2007-02-20 07:45:54,121.583600,31.206800,  0, 90,0
107,2007-02-20 07:46:55,121.583600,31.206800,  0, 90,0
107,2007-02-20 07:47:56,121.583600,31.206800,  0, 90,0
107,2007-02-20 07:49:57,121.583500,31.206800,  0,112,0
107,2007-02-20 07:50:58,121.583500,31.206800,  0,112,0
107,2007-02-20 07:51:59,121.583300,31.206800,  0,112,0
107,2007-02-20 07:53:00,121.583300,31.206600,  0, 90,0
107,2007-02-20 07:54:01,121.583600,31.206500,  0,112,0
107,2007-02-20 07:55:02,121.583600,31.206500,  0,112,0
107,2007-02-20 07:56:03,121.583500,31.206500,  0,112,0
107,2007-02-20 07:58:05,121.583600,31.206600,  0,112,0
107,2007-02-20 07:59:06,121.583600,31.206600,  0,112,0
107,2007-02-20 08:00:07,121.583000,31.206300,  0,112,0
107,2007-02-20 08:01:08,121.583100,31.206500,  0,112,0
107,2007-02-20 08:02:09,121.583100,31.206500,  0,112,0
107,2007-02-20 08:03:10,121.583100,31.206600,  0,112,0
107,2007-02-20 08:04:11,121.583100,31.206600,  0,112,0
107,2007-02-20 08:05:12,121.584000,31.207000,  0, 45,0
107,2007-02-20 08:06:13,121.583800,31.207000,  0, 45,0
107,2007-02-20 08:07:14,121.583800,31.207000,  0, 45,0
107,2007-02-20 08:10:17,121.583800,31.207000,  0, 45,0
107,2007-02-20 08:11:18,121.583600,31.207000,  0,135,0
107,2007-02-20 08:12:19,121.583600,31.207000,  0,135,0
107,2007-02-20 08:13:20,121.583600,31.207000,  0,135,0
107,2007-02-20 08:13:58,121.584300,31.207500, 34,  0,0
107,2007-02-20 08:14:14,121.584000,31.209100, 50,  0,0
107,2007-02-20 08:14:30,121.583800,31.210600,  0,  0,0
107,2007-02-20 08:15:06,121.583600,31.211600, 44,  0,0
107,2007-02-20 08:15:22,121.583300,31.213100, 28,  0,0
107,2007-02-20 08:15:38,121.583000,31.214100, 30,157,0
107,2007-02-20 08:16:39,121.582800,31.214300,  0,157,0
107,2007-02-20 08:17:27,121.581800,31.214500, 48,135,0
107,2007-02-20 08:17:43,121.579300,31.213800, 52,135,0
107,2007-02-20 08:17:59,121.577300,31.213300, 56,135,0
107,2007-02-20 08:18:15,121.574600,31.212500, 68,112,0
107,2007-02-20 08:18:31,121.571800,31.211300, 72,112,0
107,2007-02-20 08:18:47,121.569000,31.210000, 76,112,0
107,2007-02-20 08:19:03,121.566000,31.208600, 76,112,0
107,2007-02-20 08:19:19,121.563000,31.207300, 72,112,0
107,2007-02-20 08:19:35,121.560600,31.206500, 44,135,0
107,2007-02-20 08:19:51,121.559600,31.207600, 48,  0,0
107,2007-02-20 08:20:07,121.559000,31.209800, 40,  0,0
107,2007-02-20 08:20:45,121.558600,31.210600, 46,  0,0
107,2007-02-20 08:21:01,121.558000,31.212800, 66,  0,0
107,2007-02-20 08:21:17,121.557300,31.215300, 52,  0,0
107,2007-02-20 08:21:33,121.555800,31.215500, 56,135,0
107,2007-02-20 08:21:49,121.553100,31.214800, 62,135,0
107,2007-02-20 08:22:05,121.550800,31.214100, 40,135,0
107,2007-02-20 08:22:21,121.548800,31.213600, 66,135,0
107,2007-02-20 08:22:37,121.546500,31.213000, 14,135,0
107,2007-02-20 08:23:26,121.545300,31.212600, 50,135,0
107,2007-02-20 08:23:42,121.542600,31.212800, 66,135,0
107,2007-02-20 08:23:58,121.539800,31.213600, 68,135,0
107,2007-02-20 08:24:14,121.537800,31.214300, 18,135,0
107,2007-02-20 08:24:45,121.536800,31.214600, 46,135,0
107,2007-02-20 08:25:01,121.534500,31.215300, 60,135,0
107,2007-02-20 08:25:17,121.531800,31.216000, 64,135,0
107,2007-02-20 08:25:33,121.529800,31.216500, 36,135,0
107,2007-02-20 08:25:49,121.528000,31.216500, 36,135,0
107,2007-02-20 08:26:05,121.526300,31.216500, 42,135,0
107,2007-02-20 08:27:06,121.525100,31.216500,  0,135,0
107,2007-02-20 08:27:45,121.524100,31.216500, 34,135,0
107,2007-02-20 08:28:01,121.522000,31.216500, 52,135,0
107,2007-02-20 08:28:17,121.519500,31.216500, 60,135,0
107,2007-02-20 08:28:33,121.518500,31.217100, 44,  0,0
107,2007-02-20 08:28:49,121.518600,31.218800, 36,  0,0
107,2007-02-20 08:29:05,121.518500,31.219800, 26,  0,0
107,2007-02-20 08:29:22,121.518300,31.220800, 12,  0,0
107,2007-02-20 08:30:23,121.518300,31.221000, 12,  0,0
107,2007-02-20 08:30:39,121.517800,31.222000, 46,  0,0
107,2007-02-20 08:30:55,121.517100,31.223500, 42,157,0
107,2007-02-20 08:31:11,121.516300,31.225000, 38,157,0
107,2007-02-20 08:32:12,121.515800,31.225600,  0,157,0
107,2007-02-20 08:32:47,121.515500,31.226600, 42,157,0
107,2007-02-20 08:33:19,121.514000,31.229300, 28,157,0
107,2007-02-20 08:34:20,121.514000,31.229600,  0,157,0
107,2007-02-20 08:34:43,121.513000,31.229600, 30,112,0
107,2007-02-20 08:35:27,121.511600,31.229100, 32,112,0
107,2007-02-20 08:35:43,121.509800,31.228300, 58,112,0
107,2007-02-20 08:35:59,121.507300,31.227500, 60,112,0
107,2007-02-20 08:37:00,121.507000,31.227300,  0,112,0
107,2007-02-20 08:37:57,121.492000,31.223800, 52,135,0
107,2007-02-20 08:38:29,121.487800,31.224000, 18,135,0
107,2007-02-20 08:38:47,121.487600,31.225000, 34,  0,0
107,2007-02-20 08:39:03,121.487600,31.226300, 26,  0,0
107,2007-02-20 08:39:26,121.487500,31.227100, 20,135,0
107,2007-02-20 08:39:43,121.486300,31.227000, 28,135,0
107,2007-02-20 08:39:59,121.485000,31.226500, 38,112,0
107,2007-02-20 08:40:18,121.483800,31.226300, 24,157,0
107,2007-02-20 08:40:34,121.483300,31.227500, 28,  0,0
107,2007-02-20 08:41:29,121.482500,31.229600, 36,  0,0
107,2007-02-20 08:42:18,121.482500,31.230600, 28, 22,0
107,2007-02-20 08:42:34,121.482500,31.231600, 34,  0,0
107,2007-02-20 08:42:50,121.482100,31.233000, 30,  0,0
107,2007-02-20 08:43:06,121.481800,31.234800, 40,  0,0
107,2007-02-20 08:43:22,121.481300,31.236100, 36,  0,0
107,2007-02-20 08:43:38,121.480800,31.237800, 40,  0,0
107,2007-02-20 08:43:54,121.480300,31.239100, 28,157,0
107,2007-02-20 08:44:13,121.479800,31.240100, 22,  0,0
107,2007-02-20 08:45:00,121.479800,31.240000, 32,  0,0
107,2007-02-20 08:45:16,121.479500,31.241100, 36,  0,0
107,2007-02-20 08:45:32,121.479000,31.242600, 42,  0,0
107,2007-02-20 08:45:48,121.478300,31.244000, 26,157,0
107,2007-02-20 08:46:09,121.477600,31.243600, 26,112,0
107,2007-02-20 08:46:25,121.476600,31.242600, 34,112,0
107,2007-02-20 08:47:26,121.476000,31.243000, 14,  0,0
107,2007-02-20 08:47:49,121.475800,31.244000, 12,  0,0
107,2007-02-20 08:48:08,121.475600,31.245000, 28,  0,0
107,2007-02-20 08:49:09,121.474600,31.245300, 26,135,0
107,2007-02-20 08:49:28,121.473500,31.245300, 34,135,0
107,2007-02-20 08:49:44,121.471800,31.245000, 36,135,0
107,2007-02-20 08:50:00,121.472000,31.244000, 36, 90,0
107,2007-02-20 08:50:16,121.471800,31.242800, 26, 90,0
107,2007-02-20 08:50:32,121.472000,31.241500, 28, 90,0
107,2007-02-20 08:51:05,121.472000,31.240300, 26,135,0
107,2007-02-20 08:51:28,121.470600,31.240000, 30,135,0
107,2007-02-20 08:51:44,121.469000,31.239600, 38,112,0
107,2007-02-20 08:52:00,121.467500,31.238800, 44,112,0
107,2007-02-20 08:52:32,121.464800,31.237500, 44,112,0
107,2007-02-20 08:52:48,121.462800,31.237000, 46,112,0
107,2007-02-20 08:53:04,121.461600,31.236300, 24,112,0
107,2007-02-20 08:53:20,121.461800,31.234600, 50, 90,0
107,2007-02-20 08:53:36,121.462100,31.232800, 56, 90,0
107,2007-02-20 08:53:52,121.462300,31.230300, 66, 90,0
107,2007-02-20 08:54:08,121.462100,31.228600, 20, 90,0
107,2007-02-20 08:54:54,121.462500,31.227500,  8,135,0
107,2007-02-20 08:55:55,121.462500,31.227500,  0,135,0
107,2007-02-20 08:56:56,121.462500,31.227500,  0,135,0
107,2007-02-20 08:57:57,121.462500,31.227500,  0,135,0
107,2007-02-20 08:58:58,121.462500,31.227500,  0,135,0
107,2007-02-20 08:59:59,121.462500,31.227500,  0,135,0
107,2007-02-20 09:01:00,121.462500,31.227500,  0,135,0
107,2007-02-20 09:02:01,121.462500,31.227500,  0,135,0
107,2007-02-20 09:03:02,121.462300,31.227500,  0,135,0
107,2007-02-20 09:06:05,121.462300,31.227500,  0,135,0
107,2007-02-20 09:07:06,121.462300,31.227500,  0,135,0
107,2007-02-20 09:08:07,121.462300,31.227500,  0,135,0
107,2007-02-20 09:09:08,121.462300,31.227500,  0,135,0
107,2007-02-20 09:11:10,121.462300,31.227500,  0,135,0
107,2007-02-20 09:12:11,121.462300,31.227500,  0,135,0
107,2007-02-20 09:13:12,121.462300,31.227500,  0,135,0
107,2007-02-20 09:14:13,121.462500,31.227500,  0, 90,0
107,2007-02-20 09:15:14,121.462100,31.228100,  0, 90,0
107,2007-02-20 09:16:15,121.462300,31.227800,  0, 90,0
107,2007-02-20 09:17:16,121.462300,31.227600,  0, 90,0
107,2007-02-20 09:18:17,121.462300,31.227600,  0, 90,0
107,2007-02-20 09:19:13,121.462600,31.227300, 22, 45,1
107,2007-02-20 09:20:13,121.463300,31.225600,  0, 90,1
107,2007-02-20 09:21:14,121.463300,31.225600,  0, 90,1
107,2007-02-20 09:22:15,121.466100,31.214300, 76, 67,1
107,2007-02-20 09:23:16,121.471500,31.202100, 80, 90,1
107,2007-02-20 09:24:17,121.476600,31.190500, 78, 90,1
107,2007-02-20 09:25:18,121.479500,31.179500, 88,112,1
107,2007-02-20 09:26:19,121.475300,31.168800,100, 90,1
107,2007-02-20 09:27:20,121.481000,31.155000, 98, 90,1
107,2007-02-20 09:28:21,121.486000,31.141000,100, 90,1
107,2007-02-20 09:29:22,121.488600,31.132300, 72, 45,1
107,2007-02-20 09:31:24,121.519600,31.138500, 94, 45,1
107,2007-02-20 09:32:25,121.534600,31.141000,102, 45,1
107,2007-02-20 09:33:26,121.551800,31.145100,108, 45,1
107,2007-02-20 09:35:28,121.563000,31.137000, 12, 90,1
107,2007-02-20 09:36:29,121.562300,31.130800, 90, 90,1
107,2007-02-20 09:37:30,121.562600,31.122500, 58, 90,1
107,2007-02-20 09:38:31,121.563100,31.116600, 40, 90,1
107,2007-02-20 09:39:32,121.563800,31.113600, 48, 90,1
107,2007-02-20 09:41:31,121.566800,31.102800, 70, 90,1
107,2007-02-20 09:42:32,121.574500,31.094500, 58, 67,1
107,2007-02-20 09:43:33,121.579600,31.088000,  0, 90,1
107,2007-02-20 09:44:34,121.581000,31.080600, 90, 90,1
107,2007-02-20 09:45:35,121.582100,31.069600,  6, 90,1
107,2007-02-20 09:46:36,121.583800,31.063300, 70, 90,1
107,2007-02-20 09:47:37,121.585100,31.053100, 10, 90,1
107,2007-02-20 09:48:38,121.588000,31.047800, 20, 67,1
107,2007-02-20 09:50:40,121.593500,31.028800, 48, 67,1
107,2007-02-20 09:51:41,121.604600,31.028500, 78, 45,1
107,2007-02-20 09:52:42,121.612800,31.029000, 74, 45,1
107,2007-02-20 09:53:43,121.628800,31.028000,100, 45,1
107,2007-02-20 09:54:44,121.634600,31.028600, 18, 45,1
107,2007-02-20 09:56:46,121.639500,31.026000, 16, 90,1
107,2007-02-20 09:57:47,121.641100,31.020300, 38, 90,1
107,2007-02-20 09:58:48,121.643000,31.014100, 36, 90,1
107,2007-02-20 09:59:49,121.643300,31.009600,  6, 90,1
107,2007-02-20 10:00:50,121.647000,31.009500, 18, 45,1
107,2007-02-20 10:01:51,121.649000,31.010100, 14,  0,1
107,2007-02-20 10:02:07,121.649000,31.010300,  0,  0,0
107,2007-02-20 10:04:09,121.649000,31.010300,  0,  0,0
107,2007-02-20 10:05:10,121.649000,31.010300,  0, 45,0
107,2007-02-20 10:06:11,121.649000,31.010300,  0, 45,0
107,2007-02-20 10:07:11,121.648600,31.009500, 12,135,0
107,2007-02-20 10:07:31,121.647500,31.009500, 34,135,0
107,2007-02-20 10:08:03,121.644600,31.009600, 32,135,0
107,2007-02-20 10:08:23,121.643500,31.009600, 20,135,0
107,2007-02-20 10:08:42,121.643100,31.010500, 40,  0,0
107,2007-02-20 10:08:58,121.643300,31.012000, 46,  0,0
107,2007-02-20 10:09:14,121.643100,31.013600, 40,  0,0
107,2007-02-20 10:09:30,121.642600,31.015300, 44,  0,0
107,2007-02-20 10:09:48,121.642300,31.016300,  8,  0,0
107,2007-02-20 10:10:19,121.642000,31.017300, 38,  0,0
107,2007-02-20 10:10:35,121.641600,31.018800, 46,  0,0
107,2007-02-20 10:10:51,121.641100,31.020100, 38,  0,0
107,2007-02-20 10:11:26,121.640500,31.022300, 30,  0,0
107,2007-02-20 10:11:42,121.640100,31.023500, 32,  0,0
107,2007-02-20 10:11:58,121.639800,31.024600, 30,  0,0
107,2007-02-20 10:12:15,121.639600,31.025600, 22,  0,0
107,2007-02-20 10:12:32,121.639300,31.026600, 28,  0,0
107,2007-02-20 10:12:52,121.639000,31.027600, 28,  0,0
107,2007-02-20 10:13:10,121.638600,31.028600, 26,  0,0
107,2007-02-20 10:14:04,121.638300,31.029600, 22,135,0
107,2007-02-20 10:14:20,121.636300,31.029100, 56,135,0
107,2007-02-20 10:14:36,121.633800,31.028500, 64,135,0
107,2007-02-20 10:14:52,121.630600,31.028100, 78,135,0
107,2007-02-20 10:15:08,121.627300,31.027800, 76,135,0
107,2007-02-20 10:15:24,121.623800,31.027500, 80,135,0
107,2007-02-20 10:15:40,121.620100,31.027800, 86,135,0
107,2007-02-20 10:15:56,121.616500,31.028500, 80,135,0
107,2007-02-20 10:16:12,121.613100,31.029100, 88,135,0
107,2007-02-20 10:16:28,121.609100,31.029300, 80,135,0
107,2007-02-20 10:16:44,121.607100,31.029000, 30,135,0
107,2007-02-20 10:17:00,121.605000,31.028600, 68,135,0
107,2007-02-20 10:17:16,121.602100,31.028000, 60,135,0
107,2007-02-20 10:17:32,121.600000,31.027600, 34,135,0
107,2007-02-20 10:17:56,121.598800,31.027600, 32,135,0
107,2007-02-20 10:18:12,121.596800,31.027800, 50,135,0
107,2007-02-20 10:18:28,121.594800,31.028300, 42,135,0
107,2007-02-20 10:18:44,121.593500,31.029000, 28,  0,0
107,2007-02-20 10:19:00,121.593600,31.030500, 56,  0,0
107,2007-02-20 10:19:16,121.593800,31.033000, 66,  0,0
107,2007-02-20 10:19:32,121.593300,31.035300, 44,  0,0
107,2007-02-20 10:20:05,121.593000,31.036300, 34,  0,0
107,2007-02-20 10:20:21,121.592100,31.038500, 74,  0,0
107,2007-02-20 10:20:37,121.591500,31.040600, 72,  0,0
107,2007-02-20 10:20:53,121.590600,31.043000, 38,  0,0
107,2007-02-20 10:21:09,121.589800,31.045300, 88,  0,0
107,2007-02-20 10:21:25,121.588300,31.047600, 58,157,0
107,2007-02-20 10:21:41,121.586100,31.049800, 80,157,0
107,2007-02-20 10:21:57,121.585100,31.052600, 46,  0,0
107,2007-02-20 10:22:33,121.585000,31.053600, 48,  0,0
107,2007-02-20 10:22:49,121.585000,31.054800,  0,  0,0
107,2007-02-20 10:23:01,121.585000,31.055000, 22,  0,1
107,2007-02-20 10:24:01,121.583600,31.064000, 76,  0,1
107,2007-02-20 10:25:02,121.582300,31.069600,  4,  0,1
107,2007-02-20 10:26:03,121.585100,31.070000, 36, 45,1
107,2007-02-20 10:27:04,121.589800,31.070100, 34, 45,1
107,2007-02-20 10:28:05,121.595600,31.070000, 22, 90,1
107,2007-02-20 10:28:54,121.597000,31.068500,  0, 45,0
107,2007-02-20 10:29:09,121.597000,31.068500,  2, 45,0
107,2007-02-20 10:30:10,121.597000,31.068500,  0,135,0
107,2007-02-20 10:30:54,121.596000,31.068600, 24,  0,0
107,2007-02-20 10:31:13,121.595600,31.069600, 30,  0,0
107,2007-02-20 10:31:30,121.595000,31.070100, 34,135,0
107,2007-02-20 10:31:46,121.593000,31.070100, 48,135,0
107,2007-02-20 10:32:07,121.590600,31.070100, 16,135,0
107,2007-02-20 10:32:23,121.589800,31.070100, 32,135,0
107,2007-02-20 10:32:39,121.588500,31.070100, 24,135,0
107,2007-02-20 10:32:56,121.587300,31.070300, 28,135,0
107,2007-02-20 10:33:41,121.586600,31.070100, 28,135,0
107,2007-02-20 10:33:57,121.585100,31.070000, 30,135,0
107,2007-02-20 10:34:13,121.583600,31.069800, 32,135,0
107,2007-02-20 10:34:29,121.582500,31.069600, 20,135,0
107,2007-02-20 10:34:48,121.582100,31.070300, 46,  0,0
107,2007-02-20 10:35:04,121.581800,31.072600, 72,  0,0
107,2007-02-20 10:35:20,121.581500,31.075600, 86,  0,0
107,2007-02-20 10:35:36,121.581100,31.078800, 80,  0,0
107,2007-02-20 10:35:52,121.580800,31.081800, 82,  0,0
107,2007-02-20 10:36:08,121.580500,31.084800, 78,  0,0
107,2007-02-20 10:36:24,121.579800,31.087500, 54,  0,0
107,2007-02-20 10:37:13,121.578800,31.090500, 64,157,0
107,2007-02-20 10:37:30,121.578100,31.091500, 14,157,0
107,2007-02-20 10:37:46,121.576800,31.092800, 66,157,0
107,2007-02-20 10:38:02,121.574600,31.094500, 60,157,0
107,2007-02-20 10:38:18,121.572300,31.096100, 74,157,0
107,2007-02-20 10:38:34,121.570500,31.097500, 10,157,0
107,2007-02-20 10:39:06,121.569600,31.098300, 52,157,0
107,2007-02-20 10:39:22,121.567800,31.100300, 76,157,0
107,2007-02-20 10:39:38,121.566600,31.103100, 74,  0,0
107,2007-02-20 10:39:54,121.566100,31.105300, 30,  0,0
107,2007-02-20 10:40:20,121.566000,31.106100, 40,  0,0
107,2007-02-20 10:40:36,121.565300,31.108100, 60,  0,0
107,2007-02-20 10:40:52,121.564600,31.111000, 62,  0,0
107,2007-02-20 10:41:08,121.564000,31.113500, 70,  0,0
107,2007-02-20 10:41:40,121.563000,31.118300, 56,  0,0
107,2007-02-20 10:41:56,121.562800,31.120000, 44,  0,0
107,2007-02-20 10:42:12,121.562600,31.122100, 62,  0,0
107,2007-02-20 10:42:28,121.562500,31.124100,  4,  0,0
107,2007-02-20 10:43:12,121.562300,31.125100, 52,  0,0
107,2007-02-20 10:43:28,121.562100,31.127600, 68,  0,0
107,2007-02-20 10:43:44,121.562300,31.130300, 78,  0,0
107,2007-02-20 10:44:00,121.562600,31.133000, 76,  0,0
107,2007-02-20 10:44:16,121.563000,31.135600, 58,  0,0
107,2007-02-20 10:44:47,121.563000,31.136800, 30,  0,0
107,2007-02-20 10:45:03,121.563100,31.139000, 58,  0,0
107,2007-02-20 10:45:19,121.563100,31.140300, 40,  0,0
107,2007-02-20 10:45:35,121.563100,31.142000, 38,  0,0
107,2007-02-20 10:46:36,121.563100,31.142600,  0,  0,0
107,2007-02-20 10:47:03,121.563100,31.143600, 40,  0,0
107,2007-02-20 10:47:19,121.563100,31.145800, 62,  0,0
107,2007-02-20 10:47:35,121.563100,31.148300, 74,  0,0
107,2007-02-20 10:47:51,121.562500,31.150500, 48,  0,0
107,2007-02-20 10:48:07,121.561800,31.152500, 44,  0,0
107,2007-02-20 10:48:49,121.561500,31.153500, 20,  0,0
107,2007-02-20 10:49:05,121.561000,31.154800, 44,  0,0
107,2007-02-20 10:49:21,121.560500,31.156500, 34,  0,0
107,2007-02-20 10:49:49,121.560100,31.157500, 34,  0,0
107,2007-02-20 10:50:05,121.559800,31.158500, 14,  0,0
107,2007-02-20 10:50:21,121.559600,31.159800, 58,  0,0
107,2007-02-20 10:50:37,121.559300,31.162500, 72,  0,0
107,2007-02-20 10:50:53,121.559000,31.165000, 52,  0,0
107,2007-02-20 10:51:09,121.558300,31.167100, 58,  0,0
107,2007-02-20 10:51:44,121.557100,31.169600, 38,157,0
107,2007-02-20 10:52:00,121.556100,31.171300, 44,157,0
107,2007-02-20 10:52:47,121.555600,31.172100, 44,157,0
107,2007-02-20 10:53:03,121.554600,31.174000, 64,157,0
107,2007-02-20 10:53:19,121.554100,31.175100,  0,  0,0
107,2007-02-20 10:54:36,121.552800,31.179100, 56,  0,1
107,2007-02-20 10:55:37,121.550500,31.185000,  4,157,1
107,2007-02-20 10:56:38,121.550100,31.187300, 12, 22,1
107,2007-02-20 10:57:39,121.547500,31.187500, 14,135,1
107,2007-02-20 10:58:40,121.540500,31.187100, 14,135,1
107,2007-02-20 10:59:35,121.538100,31.187000,  0,135,0
107,2007-02-20 11:04:56,121.516100,31.181600, 30,135,1
107,2007-02-20 11:05:57,121.517800,31.178100, 28, 67,1
107,2007-02-20 11:08:46,121.510300,31.194100,  0,  0,0
107,2007-02-20 11:09:29,121.509800,31.195600, 26,157,0
107,2007-02-20 11:09:45,121.509000,31.196600, 22,157,0
107,2007-02-20 11:10:28,121.508100,31.197500, 32,157,0
107,2007-02-20 11:10:44,121.507300,31.198800, 36,157,0
107,2007-02-20 11:11:31,121.506600,31.199600, 14,157,0
107,2007-02-20 11:11:51,121.506600,31.200300, 32, 22,0
107,2007-02-20 11:12:36,121.507300,31.201000, 18, 67,0
107,2007-02-20 11:12:49,121.507500,31.201100, 16, 22,1
107,2007-02-20 11:13:49,121.508800,31.204500, 34,  0,1
107,2007-02-20 11:14:50,121.513500,31.213600, 70, 22,1
107,2007-02-20 11:15:51,121.514100,31.215500, 22,  0,1
107,2007-02-20 11:16:52,121.513800,31.223600, 66,  0,1
107,2007-02-20 11:17:53,121.512300,31.228800,  0,  0,1
107,2007-02-20 11:18:24,121.512600,31.229300, 22, 45,0
107,2007-02-20 11:18:47,121.513000,31.229500, 22, 45,0
107,2007-02-20 11:19:10,121.514000,31.229100, 18, 90,0
107,2007-02-20 11:19:26,121.514600,31.228000, 30, 90,0
107,2007-02-20 11:19:42,121.515100,31.226800, 38, 90,0
107,2007-02-20 11:19:58,121.516100,31.225600, 40, 67,0
107,2007-02-20 11:20:14,121.514500,31.225300, 34,135,0
107,2007-02-20 11:20:30,121.512600,31.225000, 46,135,0
107,2007-02-20 11:21:35,121.511000,31.223500, 48, 90,0
107,2007-02-20 11:21:51,121.511600,31.221000, 78, 90,0
107,2007-02-20 11:22:07,121.512600,31.219500, 36, 45,0
107,2007-02-20 11:22:24,121.513800,31.220000, 10, 45,0
107,2007-02-20 11:22:40,121.515100,31.220300, 48, 45,0
107,2007-02-20 11:22:56,121.517800,31.221000, 62, 45,0
107,2007-02-20 11:23:12,121.520100,31.221500, 56, 45,0
107,2007-02-20 11:23:28,121.521300,31.222100, 26,  0,0
107,2007-02-20 11:23:44,121.520600,31.223600, 48,  0,0
107,2007-02-20 11:24:16,121.519600,31.226500,  0,  0,0
107,2007-02-20 11:25:09,121.519100,31.227500, 36,  0,0
107,2007-02-20 11:25:25,121.518500,31.229600, 56,  0,0
107,2007-02-20 11:25:41,121.518000,31.230600,  0,157,0
107,2007-02-20 11:26:42,121.518000,31.230600, 10,157,0
107,2007-02-20 11:27:00,121.517100,31.231100, 32,135,0
107,2007-02-20 11:27:16,121.515600,31.230600, 38,135,0
107,2007-02-20 11:27:47,121.514600,31.230100, 28,135,0
107,2007-02-20 11:28:03,121.513100,31.229600, 26,135,0
107,2007-02-20 11:29:46,121.508600,31.228100, 66,112,0
107,2007-02-20 11:30:02,121.506500,31.227300,  0,112,0
107,2007-02-20 11:31:03,121.506500,31.227300,  0,112,0
107,2007-02-20 11:31:43,121.492300,31.223600, 58,157,0
107,2007-02-20 11:31:59,121.489500,31.224100, 64,135,0
107,2007-02-20 11:32:15,121.487800,31.224100, 12,157,0
107,2007-02-20 11:32:49,121.488100,31.225500, 20,  0,0
107,2007-02-20 11:33:46,121.487800,31.226600,  4,  0,0
107,2007-02-20 11:35:31,121.486000,31.227000, 12,135,1
107,2007-02-20 11:36:32,121.484300,31.226300, 10,112,1
107,2007-02-20 11:37:33,121.483000,31.228800, 14,  0,1
107,2007-02-20 11:38:34,121.482300,31.231600, 30,  0,1
107,2007-02-20 11:39:35,121.481800,31.233000, 26,157,1
107,2007-02-20 11:41:37,121.471100,31.234500, 32,157,1
107,2007-02-20 11:42:38,121.470600,31.235100,  0,157,1
107,2007-02-20 11:43:39,121.469300,31.235500, 34,135,1
107,2007-02-20 11:44:40,121.466800,31.235000, 24,112,1
107,2007-02-20 11:44:52,121.466600,31.234800,  4,135,0
107,2007-02-20 11:45:16,121.466500,31.234100, 24, 90,0
107,2007-02-20 11:45:32,121.466100,31.233100, 20,112,0
107,2007-02-20 11:46:04,121.465800,31.232500, 14, 22,0
107,2007-02-20 11:46:20,121.466500,31.231300, 36, 67,0
107,2007-02-20 11:46:36,121.466100,31.230100, 30,112,0
107,2007-02-20 11:47:11,121.465100,31.229800, 24,135,0
107,2007-02-20 11:47:27,121.463600,31.229500, 28,135,0
107,2007-02-20 11:48:28,121.463000,31.228800,  0, 90,0
107,2007-02-20 11:49:29,121.463000,31.228800,  0, 90,0
107,2007-02-20 11:50:30,121.462800,31.228300,  0, 90,0
107,2007-02-20 11:51:31,121.462300,31.227500,  0, 90,0
107,2007-02-20 11:52:32,121.462300,31.227500,  0, 90,0
107,2007-02-20 11:53:33,121.462300,31.227500,  0, 90,0
107,2007-02-20 11:54:34,121.462500,31.227800,  0, 90,0
107,2007-02-20 11:55:35,121.462600,31.227800,  0, 90,0
107,2007-02-20 11:56:36,121.462600,31.227800,  0, 90,0
107,2007-02-20 11:57:24,121.462800,31.227800, 22, 45,1
107,2007-02-20 11:58:24,121.466100,31.224500, 58, 67,1
107,2007-02-20 11:59:25,121.465800,31.216000, 86, 90,1
107,2007-02-20 12:00:26,121.470600,31.204500, 86, 90,1
107,2007-02-20 12:01:27,121.476000,31.191800, 92, 90,1
107,2007-02-20 12:02:28,121.480000,31.180500, 78, 90,1
107,2007-02-20 12:03:29,121.474000,31.172300, 72, 90,1
107,2007-02-20 12:04:30,121.479100,31.160000,102, 90,1
107,2007-02-20 12:05:31,121.484500,31.145000,116, 90,1
107,2007-02-20 12:06:32,121.486600,31.133100, 72, 90,1
107,2007-02-20 12:07:33,121.500500,31.135300, 94, 45,1
107,2007-02-20 12:08:34,121.517300,31.138100,102, 45,1
107,2007-02-20 12:09:35,121.533800,31.140800,120, 45,1
107,2007-02-20 12:10:36,121.551500,31.145000,112, 45,1
107,2007-02-20 12:11:37,121.569300,31.147300,114, 45,1
107,2007-02-20 12:12:38,121.588300,31.149100,128, 45,1
107,2007-02-20 12:13:39,121.606100,31.153500,108, 45,1
107,2007-02-20 12:14:40,121.622800,31.155800,100, 45,1
107,2007-02-20 12:15:41,121.638800,31.157100,100, 45,1
107,2007-02-20 12:16:42,121.655600,31.158100,112, 45,1
107,2007-02-20 12:17:43,121.671300,31.162300,104, 45,1
107,2007-02-20 12:18:44,121.687300,31.168000,104, 22,1
107,2007-02-20 12:19:45,121.702000,31.173100, 94, 22,1
107,2007-02-20 12:20:46,121.717000,31.178500,100, 45,1
107,2007-02-20 12:21:47,121.732000,31.183800,106, 22,1
107,2007-02-20 12:22:48,121.745600,31.188100, 82, 45,1
107,2007-02-20 12:23:49,121.755100,31.182800, 94, 90,1
107,2007-02-20 12:24:50,121.758600,31.171500,102, 90,1
107,2007-02-20 12:25:51,121.762000,31.156600,104, 90,1
107,2007-02-20 12:26:52,121.767000,31.143100,108, 90,1
107,2007-02-20 12:27:53,121.772000,31.130100, 36, 67,1
107,2007-02-20 12:28:54,121.775500,31.120800,114, 90,1
107,2007-02-20 12:29:55,121.780500,31.102100,152, 90,1
107,2007-02-20 12:30:56,121.783500,31.081800,142, 90,1
107,2007-02-20 12:31:57,121.785800,31.061100,138, 90,1
107,2007-02-20 12:32:58,121.786600,31.041000,140, 90,1
107,2007-02-20 12:33:59,121.786100,31.020800,144, 90,1
107,2007-02-20 12:35:00,121.785600,31.000600,122, 90,1
107,2007-02-20 12:36:01,121.783600,30.988300, 76, 90,1
107,2007-02-20 12:37:02,121.789000,30.987500, 20, 45,1
107,2007-02-20 12:38:03,121.801600,30.987100, 98, 45,1
107,2007-02-20 12:40:05,121.828300,30.982500, 98, 45,1
107,2007-02-20 12:41:06,121.844000,30.981500,108, 45,1
107,2007-02-20 12:42:07,121.856600,30.978100, 76, 45,1
107,2007-02-20 12:43:08,121.862000,30.973300, 56, 90,1
107,2007-02-20 12:44:09,121.861000,30.964500, 64, 90,1
107,2007-02-20 12:46:11,121.861300,30.946800, 78, 90,1
107,2007-02-20 12:47:12,121.862100,30.937800, 56, 90,1
107,2007-02-20 12:48:13,121.862600,30.930000, 32, 90,1
107,2007-02-20 12:49:14,121.860800,30.923300, 24, 90,1
107,2007-02-20 12:50:15,121.861300,30.919500, 38, 67,1
107,2007-02-20 12:51:16,121.866100,30.917500,  0, 67,1
107,2007-02-20 12:51:18,121.866100,30.917500,  0, 67,0
107,2007-02-20 12:52:18,121.866100,30.917500,  0, 67,0
107,2007-02-20 12:53:10,121.865100,30.917800, 22,157,0
107,2007-02-20 12:53:27,121.864100,30.918300, 26,157,0
107,2007-02-20 12:53:43,121.863000,30.918800, 30,157,0
107,2007-02-20 12:53:59,121.861600,30.919300, 38,157,0
107,2007-02-20 12:54:15,121.860100,30.920000, 32,157,0
107,2007-02-20 12:54:31,121.860300,30.920800, 50,  0,0
107,2007-02-20 12:54:47,121.860800,30.922800, 48,  0,0
107,2007-02-20 12:55:03,121.861100,30.924500, 42,  0,0
107,2007-02-20 12:55:19,121.861600,30.926300, 52,  0,0
107,2007-02-20 12:55:35,121.862100,30.928100, 46,  0,0
107,2007-02-20 12:55:51,121.862500,30.929300, 28,  0,0
107,2007-02-20 12:56:12,121.862600,30.930300, 40,  0,0
107,2007-02-20 12:56:28,121.862600,30.932100, 56,  0,0
107,2007-02-20 12:56:44,121.862500,30.934300, 60,  0,0
107,2007-02-20 12:57:16,121.862100,30.938600, 62,  0,0
107,2007-02-20 12:57:32,121.861800,30.940800, 62,  0,0
107,2007-02-20 12:57:48,121.861600,30.943300, 64,  0,0
107,2007-02-20 12:58:04,121.861500,30.945600, 54,  0,0
107,2007-02-20 12:58:20,121.861300,30.947500, 54,  0,0
107,2007-02-20 12:58:36,121.861100,30.949800, 52,  0,0
107,2007-02-20 12:58:52,121.861000,30.951300, 52,  0,0
107,2007-02-20 12:59:08,121.861000,30.953300, 44,  0,0
107,2007-02-20 12:59:24,121.861000,30.954800, 50,  0,0
107,2007-02-20 12:59:56,121.860800,30.958800, 52,  0,0
107,2007-02-20 13:00:39,121.860600,30.961500, 18,  0,0
107,2007-02-20 13:00:55,121.860800,30.962800, 48,  0,0
107,2007-02-20 13:01:11,121.861000,30.965000, 62,  0,0
107,2007-02-20 13:01:27,121.861300,30.967300, 58,  0,0
107,2007-02-20 13:01:43,121.861600,30.970000, 68,  0,0
107,2007-02-20 13:01:59,121.861800,30.972100, 44,  0,0
107,2007-02-20 13:02:15,121.862000,30.974100, 62,  0,0
107,2007-02-20 13:02:31,121.862300,30.975800, 34,  0,0
107,2007-02-20 13:03:05,121.862000,30.976600, 38,135,0
107,2007-02-20 13:03:21,121.859600,30.977300, 60,157,0
107,2007-02-20 13:03:37,121.857000,30.978100, 66,135,0
107,2007-02-20 13:03:53,121.854600,30.978800, 54,135,0
107,2007-02-20 13:04:09,121.852100,30.979100, 64,135,0
107,2007-02-20 13:04:25,121.849100,30.980000, 72,135,0
107,2007-02-20 13:04:41,121.846100,30.981000, 76,135,0
107,2007-02-20 13:04:57,121.842800,30.981800, 82,135,0
107,2007-02-20 13:05:13,121.839500,30.982600, 78,135,0
107,2007-02-20 13:05:29,121.836000,30.983000, 82,135,0
107,2007-02-20 13:06:01,121.829300,30.982600, 76,135,0
107,2007-02-20 13:06:17,121.825600,30.982500, 94,135,0
107,2007-02-20 13:06:33,121.821100,30.983000, 98,135,0
107,2007-02-20 13:06:49,121.817300,30.984000, 82,135,0
107,2007-02-20 13:07:24,121.816100,30.984300, 26,135,0
107,2007-02-20 13:07:40,121.814000,30.984600, 62,135,0
107,2007-02-20 13:07:56,121.811000,30.985300, 68,135,0
107,2007-02-20 13:08:12,121.808000,30.986100, 76,135,0
107,2007-02-20 13:08:28,121.805000,30.986800, 74,135,0
107,2007-02-20 13:08:44,121.801100,30.987300, 90,135,0
107,2007-02-20 13:09:00,121.797100,30.987600, 92,135,0
107,2007-02-20 13:09:16,121.793300,30.987800, 76,135,0
107,2007-02-20 13:09:32,121.790600,30.988000, 40,135,0
107,2007-02-20 13:10:11,121.790800,30.987800, 14,135,0
107,2007-02-20 13:10:27,121.789300,30.987800, 30,135,0
107,2007-02-20 13:10:51,121.788100,30.988100, 46,157,0
107,2007-02-20 13:11:07,121.786100,30.989800, 80,157,0
107,2007-02-20 13:11:23,121.785600,30.993100, 94,  0,0
107,2007-02-20 13:11:55,121.785800,31.001500,122,  0,0
107,2007-02-20 13:12:11,121.786000,31.006100,130,  0,0
107,2007-02-20 13:12:27,121.786000,31.011100,130,  0,0
107,2007-02-20 13:12:43,121.786100,31.016100,138,  0,0
107,2007-02-20 13:12:59,121.786300,31.021300,140,  0,0
107,2007-02-20 13:14:18,121.786800,31.045800,132,  0,0
107,2007-02-20 13:14:34,121.787000,31.050800,130,  0,0
107,2007-02-20 13:14:50,121.786500,31.055800,136,  0,0
107,2007-02-20 13:15:06,121.786000,31.061000,146,  0,0
107,2007-02-20 13:15:22,121.785300,31.066800,162,  0,0
107,2007-02-20 13:15:38,121.784600,31.072800,166,  0,0
107,2007-02-20 13:15:54,121.784000,31.079100,142,  0,0
107,2007-02-20 13:16:10,121.783500,31.083500,110,  0,0
107,2007-02-20 13:16:26,121.783000,31.087300, 88,  0,0
107,2007-02-20 13:16:42,121.782500,31.090600, 98,  0,0
107,2007-02-20 13:16:58,121.781800,31.094500,110,  0,0
107,2007-02-20 13:17:14,121.781100,31.098600,106,  0,0
107,2007-02-20 13:17:30,121.780600,31.102600,108,  0,0
107,2007-02-20 13:17:46,121.780000,31.106500, 98,  0,0
107,2007-02-20 13:18:02,121.779500,31.110300,100,  0,0
107,2007-02-20 13:18:18,121.778300,31.113600, 96,  0,0
107,2007-02-20 13:18:34,121.776800,31.117600,112,  0,0
107,2007-02-20 13:18:50,121.775300,31.121600,114,  0,0
107,2007-02-20 13:19:06,121.773800,31.125800,118,  0,0
107,2007-02-20 13:19:22,121.772500,31.129300, 60,157,0
107,2007-02-20 13:20:09,121.771300,31.132100, 68,  0,0
107,2007-02-20 13:20:25,121.770300,31.135000, 88,  0,0
107,2007-02-20 13:20:57,121.767800,31.141800, 96,  0,0
107,2007-02-20 13:21:13,121.766500,31.145000, 82,  0,0
107,2007-02-20 13:21:29,121.765300,31.148100, 98,  0,0
107,2007-02-20 13:21:45,121.764100,31.151500, 74,  0,0
107,2007-02-20 13:22:01,121.763100,31.154000, 86,  0,0
107,2007-02-20 13:22:17,121.761800,31.157300,102,  0,0
107,2007-02-20 13:22:33,121.761000,31.161100,104,  0,0
107,2007-02-20 13:22:49,121.760100,31.165000,100,  0,0
107,2007-02-20 13:23:05,121.759500,31.168600,100,  0,0
107,2007-02-20 13:23:21,121.758600,31.172500,108,  0,0
107,2007-02-20 13:23:37,121.757800,31.176300, 92,  0,0
107,2007-02-20 13:23:53,121.757000,31.179000, 56,  0,0
107,2007-02-20 13:24:09,121.756000,31.181500, 84,  0,0
107,2007-02-20 13:24:25,121.754800,31.184300, 86,  0,0
107,2007-02-20 13:24:41,121.754300,31.185800,  0,  0,0
107,2007-02-20 13:25:08,121.754600,31.185800, 40,  0,0
107,2007-02-20 13:25:24,121.754100,31.188000, 68,157,0
107,2007-02-20 13:25:40,121.751600,31.189800, 84,135,0
107,2007-02-20 13:25:56,121.748100,31.189000, 76,112,0
107,2007-02-20 13:26:12,121.744800,31.188300, 86,135,0
107,2007-02-20 13:26:28,121.740800,31.187100,100,135,0
107,2007-02-20 13:26:44,121.736600,31.185800,104,112,0
107,2007-02-20 13:27:00,121.732600,31.184300, 96,112,0
107,2007-02-20 13:27:16,121.728500,31.182800,108,112,0
107,2007-02-20 13:27:32,121.724100,31.181300,112,112,0
107,2007-02-20 13:27:48,121.719600,31.179600,108,112,0
107,2007-02-20 13:28:04,121.715300,31.178100,112,112,0
107,2007-02-20 13:28:20,121.710800,31.176600,102,112,0
107,2007-02-20 13:28:36,121.706800,31.175100, 90,112,0
107,2007-02-20 13:28:52,121.703100,31.173800, 96,112,0
107,2007-02-20 13:29:08,121.699100,31.172500,104,112,0
107,2007-02-20 13:29:24,121.695100,31.171000, 96,112,0
107,2007-02-20 13:29:40,121.691100,31.169600,104,135,0
107,2007-02-20 13:29:56,121.687000,31.168100, 98,112,0
107,2007-02-20 13:30:12,121.683000,31.166600, 90,112,0
107,2007-02-20 13:30:44,121.675100,31.164000, 90,135,0
107,2007-02-20 13:31:00,121.671500,31.162600, 94,135,0
107,2007-02-20 13:31:16,121.667600,31.161500, 96,135,0
107,2007-02-20 13:31:32,121.664000,31.160500, 82,135,0
107,2007-02-20 13:31:48,121.660500,31.159500, 90,135,0
107,2007-02-20 13:32:04,121.657000,31.158600, 72,135,0
107,2007-02-20 13:32:20,121.653600,31.158100, 80,135,0
107,2007-02-20 13:32:36,121.650100,31.158000, 72,135,0
107,2007-02-20 13:32:52,121.646800,31.158100, 78,135,0
107,2007-02-20 13:33:08,121.644100,31.159600, 84,157,0
107,2007-02-20 13:33:24,121.643300,31.162500, 52,  0,0
107,2007-02-20 13:33:40,121.643300,31.165300, 88,  0,0
107,2007-02-20 13:33:56,121.643100,31.168800, 92,  0,0
107,2007-02-20 13:34:12,121.643000,31.172300, 96,  0,0
107,2007-02-20 13:34:28,121.642800,31.175800, 96,  0,0
107,2007-02-20 13:34:44,121.642800,31.179300, 90,  0,0
107,2007-02-20 13:35:00,121.642600,31.182800, 92,  0,0
107,2007-02-20 13:35:16,121.642500,31.186000, 94,  0,0
107,2007-02-20 13:35:32,121.642000,31.189600, 90,  0,0
107,2007-02-20 13:35:48,121.641600,31.193100, 94,  0,0
107,2007-02-20 13:36:04,121.641300,31.196800, 96,  0,0
107,2007-02-20 13:36:20,121.640800,31.199800, 80,  0,0
107,2007-02-20 13:36:36,121.640600,31.203000, 74,  0,0
107,2007-02-20 13:36:52,121.640500,31.205500, 72,  0,0
107,2007-02-20 13:37:50,121.636800,31.207600, 72,112,0
107,2007-02-20 13:38:06,121.633600,31.206300, 82,112,0
107,2007-02-20 13:38:22,121.630500,31.205500, 68,135,0
107,2007-02-20 13:38:38,121.627500,31.204600, 56,135,0
107,2007-02-20 13:38:54,121.626300,31.204300,  0,135,0
107,2007-02-20 13:39:12,121.625300,31.204100, 56,135,0
107,2007-02-20 13:39:28,121.622600,31.203300, 58,135,0
107,2007-02-20 13:39:44,121.621000,31.203000, 32,135,0
107,2007-02-20 13:40:00,121.618800,31.202300, 68,135,0
107,2007-02-20 13:40:16,121.615800,31.201500, 70,135,0
107,2007-02-20 13:40:32,121.614000,31.201000,  8,135,0
107,2007-02-20 13:41:13,121.612800,31.200600, 56,135,0
107,2007-02-20 13:41:45,121.611600,31.200500, 20,135,0
107,2007-02-20 13:42:01,121.609600,31.200300, 56,135,0
107,2007-02-20 13:42:17,121.606800,31.200300, 70,135,0
107,2007-02-20 13:42:33,121.604600,31.200300, 20,135,0
107,2007-02-20 13:42:54,121.603500,31.200300, 54,135,0
107,2007-02-20 13:43:10,121.600500,31.200300, 78,135,0
107,2007-02-20 13:43:26,121.597000,31.200300, 82,135,0
107,2007-02-20 13:43:42,121.593100,31.199800, 86,135,0
107,2007-02-20 13:43:58,121.589800,31.199300, 80,135,0
107,2007-02-20 13:44:14,121.586300,31.198600, 78,135,0
107,2007-02-20 13:44:30,121.583100,31.198000, 76,135,0
107,2007-02-20 13:44:46,121.580800,31.197300, 40,135,0
107,2007-02-20 13:45:02,121.578500,31.196800, 66,135,0
107,2007-02-20 13:45:18,121.575800,31.196000, 54,135,0
107,2007-02-20 13:45:34,121.574800,31.195600,  2,112,0
107,2007-02-20 13:45:51,121.573800,31.195000, 34,112,0
107,2007-02-20 13:46:07,121.572100,31.194500, 42,112,0
107,2007-02-20 13:46:23,121.570500,31.193800, 44,112,0
107,2007-02-20 13:46:39,121.569100,31.193300, 22,135,0
107,2007-02-20 13:46:55,121.567800,31.193000, 42,135,0
107,2007-02-20 13:47:11,121.566100,31.192600, 42,135,0
107,2007-02-20 13:47:27,121.564600,31.192500,  8,135,0
107,2007-02-20 13:47:43,121.563100,31.192300, 50,135,0
107,2007-02-20 13:48:35,121.558500,31.192100, 20,  0,0
107,2007-02-20 13:48:54,121.558100,31.193100, 36,  0,0
107,2007-02-20 13:49:10,121.557600,31.194600, 42,  0,0
107,2007-02-20 13:49:26,121.557600,31.195600,  8,  0,0
107,2007-02-20 13:49:42,121.556600,31.196000, 38,135,0
107,2007-02-20 13:50:54,121.554500,31.194100, 20,135,0
107,2007-02-20 13:51:10,121.553300,31.194000, 18,135,0
107,2007-02-20 13:51:31,121.552100,31.193600,  8,135,0
107,2007-02-20 13:52:32,121.552000,31.193600,  0,135,0
107,2007-02-20 13:53:33,121.552000,31.193600,  0,135,0
107,2007-02-20 13:54:34,121.552000,31.193600,  0,135,0
107,2007-02-20 13:55:35,121.552000,31.193600,  0,135,0
107,2007-02-20 13:56:36,121.552000,31.193600,  0,135,0
107,2007-02-20 13:57:37,121.552000,31.193600,  0,135,0
107,2007-02-20 13:58:38,121.552000,31.193600,  0,135,0
107,2007-02-20 13:59:39,121.552000,31.193600,  0,135,0
107,2007-02-20 14:00:40,121.552000,31.193600,  0,135,0
107,2007-02-20 14:01:40,121.552000,31.193600,  0,135,0
107,2007-02-20 14:02:42,121.552000,31.193600,  0,135,0
107,2007-02-20 14:03:43,121.552000,31.193600,  0,135,0
107,2007-02-20 14:04:44,121.552000,31.193600,  0,135,0
107,2007-02-20 14:05:45,121.552000,31.193600,  0,135,0
107,2007-02-20 14:06:45,121.552000,31.193600,  0,135,0
107,2007-02-20 14:07:47,121.552000,31.193600,  0,135,0
107,2007-02-20 14:08:48,121.552000,31.193600,  0,135,0
107,2007-02-20 14:09:49,121.552000,31.193600,  0,135,0
107,2007-02-20 14:10:50,121.552000,31.193600,  0,135,0
107,2007-02-20 14:11:50,121.552000,31.193600,  0,135,0
107,2007-02-20 14:12:52,121.552000,31.193600,  0,135,0
107,2007-02-20 14:13:53,121.552000,31.193600,  0,135,0
107,2007-02-20 14:14:54,121.552000,31.193600,  0,135,0
107,2007-02-20 14:15:55,121.551300,31.193600,  0,135,0
107,2007-02-20 14:16:55,121.551300,31.193600,  0,135,0
107,2007-02-20 14:18:58,121.551300,31.193600,  0,135,0
107,2007-02-20 14:19:59,121.551300,31.193600,  0,135,0
107,2007-02-20 14:21:00,121.551300,31.193600,  0,135,0
107,2007-02-20 14:22:00,121.551300,31.193600,  0,135,0
107,2007-02-20 14:22:28,121.550300,31.193300, 28,135,0
107,2007-02-20 14:23:02,121.547600,31.192800, 34,135,0
107,2007-02-20 14:23:23,121.546800,31.193100, 34,157,0
107,2007-02-20 14:23:39,121.546100,31.194300, 28,157,0
107,2007-02-20 14:23:55,121.545500,31.195300, 36,  0,0
107,2007-02-20 14:24:49,121.545300,31.196300, 16, 22,0
107,2007-02-20 14:25:07,121.545000,31.197100, 28,157,0
107,2007-02-20 14:25:23,121.544300,31.198600, 56,157,0
107,2007-02-20 14:25:39,121.543300,31.200600, 48,157,0
107,2007-02-20 14:25:55,121.543000,31.201500,  6,157,0
107,2007-02-20 14:26:55,121.542800,31.201600,  4,157,0
107,2007-02-20 14:27:12,121.541500,31.201300, 52,112,0
107,2007-02-20 14:28:00,121.533800,31.199500, 62,135,0
107,2007-02-20 14:28:15,121.531100,31.199600, 64,135,0
107,2007-02-20 14:28:48,121.525500,31.200800, 64,135,0
107,2007-02-20 14:29:04,121.522800,31.201500, 62,135,0
107,2007-02-20 14:29:20,121.520300,31.202000, 60,135,0
107,2007-02-20 14:29:35,121.517800,31.202500, 64,135,0
107,2007-02-20 14:29:52,121.514800,31.203100, 64,135,0
107,2007-02-20 14:30:08,121.512100,31.203800, 62,135,0
107,2007-02-20 14:30:24,121.509500,31.204500, 62,135,0
107,2007-02-20 14:30:40,121.507300,31.205100, 54,157,0
107,2007-02-20 14:30:55,121.505100,31.206000, 48,157,0
107,2007-02-20 14:31:12,121.503100,31.206600, 52,135,0
107,2007-02-20 14:31:28,121.500800,31.207500, 54,157,0
107,2007-02-20 14:31:44,121.498600,31.208300, 58,135,0
107,2007-02-20 14:32:33,121.498300,31.210600, 44, 67,0
107,2007-02-20 14:32:49,121.498000,31.209300, 36,112,0
107,2007-02-20 14:33:05,121.496500,31.209500, 38,157,0
107,2007-02-20 14:33:20,121.496500,31.210800, 48,  0,0
107,2007-02-20 14:33:37,121.498800,31.212500, 68, 22,0
107,2007-02-20 14:34:09,121.502300,31.215800, 44,  0,0
107,2007-02-20 14:34:25,121.502000,31.217600, 56,157,0
107,2007-02-20 14:34:40,121.501000,31.219600, 66,  0,0
107,2007-02-20 14:34:57,121.500100,31.222100, 56,  0,0
107,2007-02-20 14:35:13,121.499500,31.223300, 24,157,0
107,2007-02-20 14:35:45,121.499000,31.224000, 26,157,0
107,2007-02-20 14:36:02,121.498100,31.224800, 40,157,0
107,2007-02-20 14:36:18,121.496600,31.226300, 58,157,0
107,2007-02-20 14:36:50,121.493100,31.230000, 68,157,0
107,2007-02-20 14:37:05,121.491500,31.231300, 32,157,0
107,2007-02-20 14:38:02,121.490600,31.232000, 32,157,0
107,2007-02-20 14:38:18,121.489300,31.233300, 52,157,0
107,2007-02-20 14:38:34,121.487800,31.234800, 48,157,0
107,2007-02-20 14:38:50,121.486600,31.236600, 46,157,0
107,2007-02-20 14:39:14,121.485800,31.239000, 40,  0,0
107,2007-02-20 14:39:22,121.485600,31.239800, 36,  0,0
107,2007-02-20 14:39:38,121.485600,31.241100, 32,  0,0
107,2007-02-20 14:39:54,121.485800,31.242500, 36,  0,0
107,2007-02-20 14:40:10,121.485600,31.244000, 40,  0,0
107,2007-02-20 14:40:25,121.485600,31.245300, 38,  0,0
107,2007-02-20 14:40:42,121.485500,31.246100, 22,135,0
107,2007-02-20 14:41:10,121.484300,31.246300, 24,135,0
107,2007-02-20 14:41:50,121.483100,31.246600, 26,135,0
107,2007-02-20 14:42:05,121.481600,31.246500, 34,135,0
107,2007-02-20 14:42:55,121.481000,31.247100, 14,  0,0
107,2007-02-20 14:43:25,121.479800,31.246600, 28,112,0
107,2007-02-20 14:43:42,121.478600,31.245800, 14,135,0
107,2007-02-20 14:44:35,121.476000,31.245600, 34,135,0
107,2007-02-20 14:45:37,121.475600,31.245600,  0,  0,0
107,2007-02-20 14:46:38,121.475600,31.245600,  0,  0,0
107,2007-02-20 14:47:39,121.475600,31.245600,  0,  0,0
107,2007-02-20 14:48:40,121.475600,31.245600,  0,  0,0
107,2007-02-20 14:49:41,121.475600,31.245600,  0,  0,0
107,2007-02-20 14:50:42,121.475600,31.245600,  0,  0,0
107,2007-02-20 14:51:43,121.475600,31.245600,  0,  0,0
107,2007-02-20 14:52:44,121.475600,31.245600,  0,  0,0
107,2007-02-20 14:53:45,121.475600,31.245600,  0,  0,0
107,2007-02-20 14:54:45,121.475600,31.245600,  0,  0,0
107,2007-02-20 14:55:47,121.475600,31.245600,  0,  0,0
107,2007-02-20 14:57:49,121.479500,31.246500,  0,  0,0
107,2007-02-20 14:59:50,121.478800,31.246300,  4,135,0
107,2007-02-20 15:00:49,121.475300,31.245500,  6,135,0
107,2007-02-20 15:01:49,121.474800,31.245500,  0,135,0
107,2007-02-20 15:02:50,121.474800,31.245500,  0,135,0
107,2007-02-20 15:03:51,121.474800,31.245500,  0,135,0
107,2007-02-20 15:04:52,121.474800,31.245500,  0,135,0
107,2007-02-20 15:06:54,121.474800,31.245500,  0,135,0
107,2007-02-20 15:07:55,121.474800,31.245500,  0,135,0
107,2007-02-20 15:08:56,121.474800,31.245300,  0, 90,0
107,2007-02-20 15:09:26,121.474100,31.245300, 26,135,0
107,2007-02-20 15:09:42,121.472600,31.245100, 40,135,0
107,2007-02-20 15:10:24,121.471500,31.244800, 24, 90,0
107,2007-02-20 15:10:40,121.471800,31.243800, 30, 90,0
107,2007-02-20 15:10:58,121.471800,31.242800, 22, 90,0
107,2007-02-20 15:11:14,121.471800,31.241600, 34, 90,0
107,2007-02-20 15:11:30,121.472000,31.240500, 18, 90,0
107,2007-02-20 15:12:28,121.472500,31.239600, 26, 67,0
107,2007-02-20 15:12:46,121.473000,31.238600, 14, 67,0
107,2007-02-20 15:13:47,121.473100,31.238100,  0, 90,0
107,2007-02-20 15:14:48,121.473300,31.238000,  0, 90,0
107,2007-02-20 15:15:40,121.473300,31.238000,  0, 90,1
107,2007-02-20 15:16:41,121.473300,31.238000,  0, 90,1
107,2007-02-20 15:17:42,121.473300,31.238000,  0, 90,1
107,2007-02-20 15:18:43,121.473100,31.237500,  0, 90,1
107,2007-02-20 15:19:44,121.474100,31.237100, 20, 67,1
107,2007-02-20 15:20:45,121.476600,31.233600, 40, 90,1
107,2007-02-20 15:21:46,121.476600,31.232500, 12, 67,1
107,2007-02-20 15:22:47,121.481000,31.233000, 58, 45,1
107,2007-02-20 15:23:48,121.483800,31.232600,  0, 45,1
107,2007-02-20 15:24:49,121.483800,31.232600,  0, 45,1
107,2007-02-20 15:25:50,121.502100,31.237600, 38, 67,1
107,2007-02-20 15:26:51,121.503500,31.234600, 46, 45,1
107,2007-02-20 15:27:52,121.508500,31.234800, 52, 45,1
107,2007-02-20 15:28:53,121.510500,31.232600,  6, 90,1
107,2007-02-20 15:29:54,121.513000,31.226100, 28, 90,1
107,2007-02-20 15:30:55,121.513500,31.224600, 34, 90,1
107,2007-02-20 15:32:45,121.513500,31.224100,  0,112,0
107,2007-02-20 15:33:01,121.513800,31.223300, 40, 90,0
107,2007-02-20 15:33:17,121.514300,31.221600, 48, 90,0
107,2007-02-20 15:33:33,121.514500,31.220500,  8, 90,0
107,2007-02-20 15:34:18,121.514500,31.221100, 38,  0,0
107,2007-02-20 15:34:34,121.514000,31.223100, 54,  0,0
107,2007-02-20 15:34:50,121.513600,31.224600, 44,  0,0
107,2007-02-20 15:35:06,121.513100,31.226500, 54,  0,0
107,2007-02-20 15:35:22,121.512500,31.228300, 40,157,0
107,2007-02-20 15:36:23,121.512100,31.229000,  0,157,0
107,2007-02-20 15:37:24,121.511800,31.229100, 22,135,0
107,2007-02-20 15:37:40,121.510300,31.228600, 38,112,0
107,2007-02-20 15:37:56,121.508100,31.227600, 58,112,0
107,2007-02-20 15:38:12,121.507100,31.227100,  0,112,0
107,2007-02-20 15:39:13,121.507100,31.227100,  0,112,0
107,2007-02-20 15:39:55,121.492500,31.223500, 56,157,0
107,2007-02-20 15:40:11,121.490000,31.224100, 56,135,0
107,2007-02-20 15:40:27,121.487800,31.224000, 20,135,0
107,2007-02-20 15:40:59,121.487800,31.225000, 18,  0,0
107,2007-02-20 15:41:30,121.487800,31.226000, 12,  0,0
107,2007-02-20 15:42:31,121.487800,31.226800,  0,  0,0
107,2007-02-20 15:43:32,121.487600,31.227100,  4,157,0
107,2007-02-20 15:44:49,121.486600,31.227100,  6,135,1
107,2007-02-20 15:45:50,121.485600,31.226800,  6,112,1
107,2007-02-20 15:46:51,121.484100,31.226300,  4,112,1
107,2007-02-20 15:47:52,121.483500,31.227000,  8,157,1
107,2007-02-20 15:48:53,121.482600,31.229100, 24,157,1
107,2007-02-20 15:49:54,121.482300,31.230500,  0,  0,1
107,2007-02-20 15:50:55,121.481500,31.231800, 40,112,1
107,2007-02-20 15:51:56,121.478500,31.230100,  0,112,1
107,2007-02-20 15:52:57,121.476500,31.229100, 10, 22,1
107,2007-02-20 15:53:58,121.470500,31.226500,  0,112,1
107,2007-02-20 15:54:59,121.470500,31.225800, 22, 90,1
107,2007-02-20 15:56:00,121.470500,31.225600,  0, 90,1
107,2007-02-20 15:57:01,121.470800,31.223300, 12,112,1
107,2007-02-20 15:57:29,121.470600,31.222800,  0, 90,0
107,2007-02-20 15:58:29,121.470800,31.222800,  8, 22,0
107,2007-02-20 15:59:03,121.470500,31.223800, 26,157,0
107,2007-02-20 15:59:21,121.470000,31.224800, 16,157,0
107,2007-02-20 16:00:19,121.470800,31.225500, 28, 22,0
107,2007-02-20 16:00:35,121.472000,31.226000, 32, 45,0
107,2007-02-20 16:01:07,121.475000,31.227100, 36, 22,0
107,2007-02-20 16:01:23,121.475500,31.228000, 20,157,0
107,2007-02-20 16:02:24,121.475300,31.228100,  0,  0,0
107,2007-02-20 16:02:44,121.474600,31.229000, 34,157,0
107,2007-02-20 16:03:16,121.473500,31.231100, 34,  0,0
107,2007-02-20 16:03:39,121.473300,31.231300, 20,157,1
107,2007-02-20 16:04:40,121.472500,31.232500,  0,157,1
107,2007-02-20 16:05:41,121.472100,31.233000, 12,157,1
107,2007-02-20 16:07:43,121.470000,31.236300, 40,157,1
107,2007-02-20 16:09:45,121.469000,31.239300,  4,  0,1
107,2007-02-20 16:10:46,121.467000,31.243800,  8,  0,1
107,2007-02-20 16:11:47,121.466500,31.247100, 22,  0,1
107,2007-02-20 16:12:48,121.464600,31.253000,  0,  0,1
107,2007-02-20 16:13:49,121.464600,31.253100, 16,  0,1
107,2007-02-20 16:14:50,121.469000,31.258000, 62, 22,1
107,2007-02-20 16:15:51,121.471800,31.259800,  0, 22,1
107,2007-02-20 16:15:52,121.471800,31.259800,  0, 22,0
107,2007-02-20 16:16:52,121.472100,31.258800,  6, 67,0
107,2007-02-20 16:17:53,121.472600,31.258600,  0, 90,0
107,2007-02-20 16:18:54,121.472600,31.258600,  0, 90,0
107,2007-02-20 16:19:55,121.472600,31.258600,  0, 90,0
107,2007-02-20 16:20:56,121.472600,31.258600,  0, 90,0
107,2007-02-20 16:21:57,121.472600,31.258600,  0, 90,0
107,2007-02-20 16:22:43,121.472600,31.258600,  0, 90,1
107,2007-02-20 16:23:34,121.472600,31.258600,  0, 90,0
107,2007-02-20 16:24:34,121.472600,31.258600,  0, 90,0
107,2007-02-20 16:24:51,121.472300,31.257600, 32, 90,0
107,2007-02-20 16:25:07,121.472100,31.256600, 38, 90,0
107,2007-02-20 16:25:23,121.472100,31.255100, 46, 90,0
107,2007-02-20 16:25:39,121.472800,31.254000, 32, 67,0
107,2007-02-20 16:25:55,121.473800,31.252800, 40, 67,0
107,2007-02-20 16:26:27,121.472100,31.251500, 42,135,0
107,2007-02-20 16:26:43,121.470300,31.251000, 36,112,0
107,2007-02-20 16:26:59,121.469300,31.250300, 24, 90,0
107,2007-02-20 16:27:15,121.470000,31.249300, 34, 67,0
107,2007-02-20 16:27:31,121.470500,31.248300, 18, 90,0
107,2007-02-20 16:28:32,121.470600,31.248000,  0, 90,0
107,2007-02-20 16:29:33,121.471000,31.247000, 28, 90,0
107,2007-02-20 16:29:50,121.471300,31.246000, 30, 90,0
107,2007-02-20 16:30:30,121.471500,31.245100, 12, 67,0
107,2007-02-20 16:30:48,121.472600,31.245100, 30, 45,0
107,2007-02-20 16:31:06,121.473800,31.245100, 18, 45,0
107,2007-02-20 16:31:22,121.475000,31.245300, 24, 45,0
107,2007-02-20 16:32:15,121.476000,31.245500, 24, 45,1
107,2007-02-20 16:33:15,121.478300,31.243800, 24, 90,1
107,2007-02-20 16:34:16,121.477600,31.242100, 38,135,1
107,2007-02-20 16:35:17,121.469800,31.239800, 20,135,1
107,2007-02-20 16:36:18,121.469300,31.239800, 12,135,1
107,2007-02-20 16:37:19,121.465800,31.238100,  0,112,1
107,2007-02-20 16:38:20,121.462300,31.236800, 22,112,1
107,2007-02-20 16:39:21,121.462300,31.232500, 36, 90,1
107,2007-02-20 16:39:46,121.462000,31.231800, 10, 90,0
107,2007-02-20 16:40:01,121.462000,31.231800,  0, 90,0
107,2007-02-20 16:40:44,121.462100,31.230800, 36, 90,0
107,2007-02-20 16:41:08,121.462100,31.229800, 18, 90,0
107,2007-02-20 16:41:24,121.462300,31.228800, 26, 90,0
107,2007-02-20 16:42:06,121.462000,31.227500, 22,135,0
107,2007-02-20 16:42:38,121.459100,31.227100, 22,135,0
107,2007-02-20 16:42:56,121.458500,31.227600, 30,  0,0
107,2007-02-20 16:43:57,121.458500,31.228300,  8,  0,0
107,2007-02-20 16:44:18,121.458100,31.229300, 32,  0,0
107,2007-02-20 16:44:34,121.457800,31.230300, 22,  0,0
107,2007-02-20 16:44:57,121.457300,31.231300, 22,  0,0
107,2007-02-20 16:45:31,121.456800,31.232500, 18,  0,0
107,2007-02-20 16:45:52,121.457800,31.232800, 30, 45,0
107,2007-02-20 16:46:08,121.459000,31.232800, 16, 45,0
107,2007-02-20 16:46:35,121.460100,31.232600, 30, 45,0
107,2007-02-20 16:46:58,121.461300,31.232600, 10, 45,0
107,2007-02-20 16:47:59,121.461500,31.232800,  0, 22,0
107,2007-02-20 16:48:23,121.462600,31.232600, 32, 45,0
107,2007-02-20 16:48:39,121.464500,31.233000, 32, 45,0
107,2007-02-20 16:49:40,121.465100,31.233000,  0, 45,0
107,2007-02-20 16:50:36,121.466100,31.233600,  4, 22,0
107,2007-02-20 16:51:06,121.466100,31.234000, 28, 90,1
107,2007-02-20 16:52:06,121.466000,31.233500,  0,112,1
107,2007-02-20 16:53:07,121.462800,31.232600, 28,135,1
107,2007-02-20 16:54:08,121.462000,31.229800,  0,112,1
107,2007-02-20 16:55:09,121.462100,31.229300, 26, 90,1
107,2007-02-20 16:56:10,121.462600,31.226000,  0, 90,1
107,2007-02-20 16:57:11,121.460500,31.225600, 48,135,1
107,2007-02-20 16:58:12,121.452000,31.226000, 50,135,1
107,2007-02-20 16:59:13,121.441300,31.222800, 90,135,1
107,2007-02-20 17:01:15,121.420800,31.212000, 66,135,1
107,2007-02-20 17:04:31,121.407300,31.208000, 14,112,1
107,2007-02-20 17:05:31,121.408300,31.202000, 52, 90,1
107,2007-02-20 17:06:32,121.407800,31.198100, 40,135,1
107,2007-02-20 17:07:33,121.405300,31.198500,  0,135,1
107,2007-02-20 17:08:34,121.402300,31.197800, 64,135,1
107,2007-02-20 17:09:22,121.398600,31.198100,  0, 90,0
107,2007-02-20 17:09:37,121.398600,31.198100,  0, 90,0
107,2007-02-20 17:10:33,121.399500,31.198300, 36, 45,0
107,2007-02-20 17:11:05,121.400600,31.198100, 16, 45,0
107,2007-02-20 17:12:22,121.404300,31.195600,  6, 90,1
107,2007-02-20 17:13:22,121.404100,31.191000, 56, 90,1
107,2007-02-20 17:14:23,121.401100,31.186600, 46,135,1
107,2007-02-20 17:15:24,121.398500,31.185800,  0, 67,1
107,2007-02-20 17:16:25,121.396600,31.185100,  0,112,1
107,2007-02-20 17:17:26,121.393600,31.184000, 18,112,1
107,2007-02-20 17:18:27,121.390800,31.182800,  0,112,1
107,2007-02-20 17:19:28,121.388800,31.182000,  0,135,1
107,2007-02-20 17:21:30,121.383600,31.188600, 38,157,1
107,2007-02-20 17:22:31,121.381500,31.191100,  0,157,1
107,2007-02-20 17:23:32,121.379800,31.193600,  0,157,1
107,2007-02-20 17:24:33,121.379100,31.194800, 34,157,1
107,2007-02-20 17:24:54,121.378600,31.195000,  6,135,0
107,2007-02-20 17:25:44,121.378800,31.195000, 12, 22,0
107,2007-02-20 17:26:18,121.377500,31.197300, 34,157,0
107,2007-02-20 17:26:34,121.378600,31.198100, 42, 22,0
107,2007-02-20 17:28:29,121.391300,31.202600, 54, 45,0
107,2007-02-20 17:28:46,121.393100,31.202300, 20, 45,0
107,2007-02-20 17:29:47,121.393300,31.202300,  0, 45,0
107,2007-02-20 17:30:26,121.394500,31.202100, 36, 45,0
107,2007-02-20 17:30:42,121.396800,31.202800, 60, 45,0
107,2007-02-20 17:30:58,121.398500,31.203100,  6, 45,0
107,2007-02-20 17:31:59,121.398500,31.203100,  8, 45,0
107,2007-02-20 17:32:16,121.398600,31.204100, 36,  0,0
107,2007-02-20 17:32:43,121.398100,31.205100, 20,  0,0
107,2007-02-20 17:32:59,121.398300,31.206500, 44,  0,0
107,2007-02-20 17:34:21,121.401000,31.207000,  6, 45,0
107,2007-02-20 17:35:51,121.404600,31.205800, 14, 22,0
107,2007-02-20 17:36:07,121.406100,31.206300, 30, 45,0
107,2007-02-20 17:36:41,121.407100,31.206300, 16, 45,0
107,2007-02-20 17:36:57,121.408300,31.206500, 38, 45,0
107,2007-02-20 17:37:13,121.410300,31.207000, 48, 45,0
107,2007-02-20 17:37:29,121.412000,31.207300,  0, 45,0
107,2007-02-20 17:40:19,121.424000,31.204100,  8, 67,0
107,2007-02-20 17:41:19,121.424500,31.204000,  0, 67,0
107,2007-02-20 17:42:21,121.424800,31.203800,  0, 45,0
107,2007-02-20 17:42:53,121.425000,31.203600, 10, 45,1
107,2007-02-20 17:43:54,121.427300,31.203000,  0, 45,1
107,2007-02-20 17:44:54,121.430300,31.203800,  0, 22,1
107,2007-02-20 17:45:56,121.431500,31.204600, 54, 22,1
107,2007-02-20 17:46:57,121.436600,31.204800, 42, 67,1
107,2007-02-20 17:47:58,121.438100,31.202100, 26, 67,1
107,2007-02-20 17:48:59,121.439800,31.199300,  0, 67,1
107,2007-02-20 17:49:59,121.441000,31.199100, 40, 22,1
107,2007-02-20 17:51:01,121.448000,31.202000, 50, 22,1
107,2007-02-20 17:52:02,121.453800,31.203800,  0, 45,1
107,2007-02-20 17:53:03,121.457600,31.204800, 54, 45,1
107,2007-02-20 17:54:04,121.464800,31.207100,  0, 22,1
107,2007-02-20 17:55:04,121.464800,31.207100,  0, 22,1
107,2007-02-20 17:56:06,121.469100,31.210500, 66, 45,1
107,2007-02-20 17:57:07,121.473000,31.211300, 46, 45,1
107,2007-02-20 17:58:08,121.481100,31.213600, 30, 45,1
107,2007-02-20 17:59:09,121.481500,31.213800,  4, 45,1
107,2007-02-20 18:00:09,121.490000,31.214600, 44, 45,1
107,2007-02-20 18:01:11,121.491100,31.214800,  0, 45,1
107,2007-02-20 18:02:08,121.493100,31.213600,  0, 67,0
107,2007-02-20 18:02:24,121.493100,31.213600,  0, 67,0
107,2007-02-20 18:03:03,121.494100,31.213100, 40, 45,0
107,2007-02-20 18:04:03,121.495300,31.213100, 18, 45,0
107,2007-02-20 18:04:19,121.496300,31.212100, 38, 67,0
107,2007-02-20 18:05:21,121.496600,31.211600,  0, 67,0
107,2007-02-20 18:05:43,121.497600,31.211600, 32, 22,0
107,2007-02-20 18:06:04,121.498500,31.212100, 40, 22,0
107,2007-02-20 18:06:20,121.500500,31.213600, 74, 22,0
107,2007-02-20 18:06:36,121.502100,31.215300, 50,  0,0
107,2007-02-20 18:06:52,121.502300,31.217000, 58,  0,0
107,2007-02-20 18:07:08,121.501000,31.219800, 82,  0,0
107,2007-02-20 18:07:24,121.500000,31.222500, 58,  0,0
107,2007-02-20 18:07:54,121.499500,31.223500, 32,157,0
107,2007-02-20 18:08:10,121.498300,31.224600, 44,157,0
107,2007-02-20 18:08:26,121.496800,31.226100, 54,157,0
107,2007-02-20 18:08:42,121.495300,31.227800, 50,157,0
107,2007-02-20 18:08:58,121.493300,31.229600, 82,157,0
107,2007-02-20 18:09:14,121.491300,31.231500, 42,157,0
107,2007-02-20 18:10:15,121.490500,31.232100, 38,157,0
107,2007-02-20 18:10:47,121.487600,31.234800, 52,157,0
107,2007-02-20 18:11:03,121.486600,31.236600, 48,157,0
107,2007-02-20 18:11:24,121.485800,31.239000, 48,  0,0
107,2007-02-20 18:11:35,121.485800,31.239800, 22,  0,0
107,2007-02-20 18:11:51,121.485600,31.241000, 36,  0,0
107,2007-02-20 18:12:17,121.485600,31.241600, 26,  0,1
107,2007-02-20 18:13:18,121.486100,31.247000,  0,  0,1
107,2007-02-20 18:14:18,121.488600,31.248100, 48, 45,1
107,2007-02-20 18:15:19,121.495500,31.251000,  4, 22,1
107,2007-02-20 18:17:21,121.503800,31.254000, 18, 45,1
107,2007-02-20 18:18:23,121.507000,31.256100, 16, 22,1
107,2007-02-20 18:19:24,121.507300,31.258500,  0,157,1
107,2007-02-20 18:20:04,121.507600,31.259100,  0,  0,0
107,2007-02-20 18:20:37,121.507500,31.259000, 16,112,0
107,2007-02-20 18:20:58,121.506600,31.258100, 46,112,0
107,2007-02-20 18:21:30,121.504100,31.255800,  6,112,0
107,2007-02-20 18:22:13,121.502800,31.255800, 40,135,0
107,2007-02-20 18:22:29,121.501100,31.255100, 30,112,0
107,2007-02-20 18:22:45,121.499600,31.254500, 40,112,0
107,2007-02-20 18:23:01,121.497500,31.253500, 58,112,0
107,2007-02-20 18:23:17,121.495100,31.252600, 54,112,0
107,2007-02-20 18:23:33,121.493000,31.251800, 50,112,0
107,2007-02-20 18:23:49,121.491000,31.250800, 48,112,0
107,2007-02-20 18:24:05,121.489500,31.250300, 22,112,0
107,2007-02-20 18:24:45,121.488300,31.249600, 36,112,0
107,2007-02-20 18:25:01,121.487300,31.248500, 36,112,0
107,2007-02-20 18:25:17,121.486000,31.247600, 32,135,0
107,2007-02-20 18:25:33,121.484600,31.247600, 46,135,0
107,2007-02-20 18:25:49,121.482800,31.247300, 50,135,0
107,2007-02-20 18:26:05,121.480800,31.247000, 40,112,0
107,2007-02-20 18:26:21,121.479600,31.246300, 14,112,0
107,2007-02-20 18:26:41,121.478600,31.245800, 24,112,0
107,2007-02-20 18:26:58,121.477600,31.245300, 26,112,0
107,2007-02-20 18:27:25,121.477300,31.245500, 44,135,0
107,2007-02-20 18:27:41,121.475100,31.245300, 36,135,0
107,2007-02-20 18:28:42,121.474500,31.245300,  0,157,0
107,2007-02-20 18:29:43,121.474500,31.245300,  0,157,0
107,2007-02-20 18:30:44,121.474500,31.245300,  0,157,0
107,2007-02-20 18:31:45,121.474500,31.245300,  0,157,0
107,2007-02-20 18:32:46,121.474500,31.245300,  0,157,0
107,2007-02-20 18:33:47,121.474500,31.245300,  0,157,0
107,2007-02-20 18:34:48,121.474500,31.245300,  0,157,0
107,2007-02-20 18:35:49,121.474500,31.245300,  0,157,0
107,2007-02-20 18:36:50,121.474100,31.246000, 22,157,0
107,2007-02-20 18:37:25,121.474600,31.245100, 34, 67,0
107,2007-02-20 18:37:41,121.478500,31.238000, 80, 67,0
107,2007-02-20 18:37:57,121.479600,31.236000, 60, 67,0
107,2007-02-20 18:38:14,121.481000,31.233500, 46, 67,0
107,2007-02-20 18:38:29,121.483500,31.229000,100, 67,0
107,2007-02-20 18:38:45,121.486500,31.222800,142, 67,0
107,2007-02-20 18:39:01,121.489000,31.218100,150, 67,0
107,2007-02-20 18:39:17,121.488600,31.218800, 94, 67,0
107,2007-02-20 18:39:33,121.484500,31.227100, 10,157,0
107,2007-02-20 18:39:49,121.481100,31.233300, 42,157,0
107,2007-02-20 18:40:05,121.476600,31.241600, 82,157,0
107,2007-02-20 18:40:21,121.474500,31.245500, 32,157,0
107,2007-02-20 18:41:23,121.474800,31.244500, 22, 90,0
107,2007-02-20 18:42:23,121.474800,31.244800,  0, 67,0
107,2007-02-20 18:43:24,121.474500,31.245300,  0, 67,0
107,2007-02-20 18:44:25,121.475000,31.244300,  0, 67,0
107,2007-02-20 18:45:26,121.474100,31.245300,  0,157,0
107,2007-02-20 18:46:27,121.474100,31.245300,  0,157,0
107,2007-02-20 18:47:28,121.474100,31.245300,  0,157,0
107,2007-02-20 19:07:47,121.459100,31.253600, 74,  0,0
107,2007-02-20 19:08:35,121.457300,31.262000, 64,157,0
107,2007-02-20 19:16:07,121.439800,31.307100, 44,135,0
107,2007-02-20 19:42:02,121.446300,31.290600, 86, 90,0
107,2007-02-20 19:42:18,121.446800,31.287100, 92, 90,0
107,2007-02-20 19:42:34,121.447100,31.283800, 92, 90,0
107,2007-02-20 19:42:49,121.447500,31.280500, 94, 90,0
107,2007-02-20 19:43:06,121.448300,31.277100, 82, 67,0
107,2007-02-20 19:43:22,121.450100,31.274300, 82, 67,0
107,2007-02-20 19:43:38,121.452000,31.271500, 88, 67,0
107,2007-02-20 19:43:54,121.453800,31.268600, 86, 67,0
107,2007-02-20 19:44:09,121.454800,31.266100, 70, 90,0
107,2007-02-20 19:44:26,121.455600,31.264100, 66, 67,0
107,2007-02-20 19:44:42,121.457300,31.262000, 58, 67,0
107,2007-02-20 19:44:58,121.458600,31.259600, 68, 90,0
107,2007-02-20 19:45:14,121.459000,31.257300, 66, 90,0
107,2007-02-20 19:45:29,121.459000,31.254600, 74, 90,0
107,2007-02-20 19:45:46,121.458800,31.252000, 64, 90,0
107,2007-02-20 19:46:02,121.458300,31.250100, 16, 90,0
107,2007-02-20 19:46:54,121.457000,31.247000, 36, 90,0
107,2007-02-20 19:47:11,121.458500,31.246500, 38, 45,0
107,2007-02-20 19:47:27,121.460500,31.246100, 50, 45,0
107,2007-02-20 19:47:43,121.462300,31.246000, 48, 45,0
107,2007-02-20 19:47:59,121.465000,31.246300, 56, 45,0
107,2007-02-20 19:48:14,121.466100,31.246500,  6, 45,0
107,2007-02-20 19:49:16,121.466100,31.246500,  0, 45,0
107,2007-02-20 19:49:52,121.467300,31.246800, 48, 45,0
107,2007-02-20 19:50:24,121.471000,31.247000, 10, 67,0
107,2007-02-20 19:51:24,121.471000,31.247000,  0, 67,0
107,2007-02-20 19:51:59,121.471500,31.246000, 40, 90,0
107,2007-02-20 19:52:14,121.471800,31.245000, 18, 45,0
107,2007-02-20 19:52:31,121.473100,31.245100, 30, 45,0
107,2007-02-20 19:52:47,121.474300,31.245300, 18, 45,0
107,2007-02-20 19:53:48,121.474600,31.245300,  0, 45,0
107,2007-02-20 19:54:49,121.474600,31.245300,  0, 45,0
107,2007-02-20 19:55:49,121.474600,31.245300,  0, 45,0
107,2007-02-20 19:56:51,121.474600,31.245300,  0, 45,0
107,2007-02-20 19:57:52,121.474600,31.245300,  0, 45,0
107,2007-02-20 19:58:53,121.474600,31.245300,  0, 45,0
107,2007-02-20 19:59:54,121.474600,31.245300,  0, 45,0
107,2007-02-20 20:00:54,121.474600,31.245300,  0, 45,0
107,2007-02-20 20:02:57,121.474600,31.245300,  0, 45,0
107,2007-02-20 20:03:58,121.474600,31.245300,  0, 45,0
107,2007-02-20 20:04:59,121.474600,31.245300,  0, 45,0
107,2007-02-20 20:05:59,121.474600,31.245300,  0, 45,0
107,2007-02-20 20:07:01,121.474600,31.245500,  0, 45,0
107,2007-02-20 20:08:02,121.474600,31.245500,  0, 45,0
107,2007-02-20 20:09:03,121.474600,31.245500,  0, 45,0
107,2007-02-20 20:10:04,121.474600,31.245500,  0, 45,0
107,2007-02-20 20:11:04,121.474600,31.245500,  0, 45,0
107,2007-02-20 20:12:06,121.474600,31.245600,  0, 45,0
107,2007-02-20 20:13:07,121.474500,31.245500,  0, 45,0
107,2007-02-20 20:14:08,121.474500,31.245500,  0, 45,0
107,2007-02-20 20:15:08,121.474500,31.245500,  0, 45,0
107,2007-02-20 20:16:08,121.474500,31.245500,  0, 45,0
107,2007-02-20 20:17:10,121.474500,31.245500,  0, 45,0
107,2007-02-20 20:18:11,121.474500,31.245500,  0, 45,0
107,2007-02-20 20:19:12,121.474500,31.245600,  0,  0,0
107,2007-02-20 20:20:13,121.474500,31.245600,  0,  0,0
107,2007-02-20 20:21:13,121.474500,31.245600,  0,  0,0
107,2007-02-20 20:22:15,121.474500,31.245300,  0,  0,0
107,2007-02-20 20:23:15,121.474500,31.245300,  0,  0,0
107,2007-02-20 20:24:17,121.474500,31.245500,  0,  0,0
107,2007-02-20 20:25:17,121.474500,31.245500,  0,  0,0
107,2007-02-20 20:26:18,121.474300,31.245800,  0,  0,0
107,2007-02-20 20:28:20,121.474500,31.245600,  0,  0,0
107,2007-02-20 20:29:21,121.474800,31.245300,  0, 67,0
107,2007-02-20 20:30:23,121.474600,31.245600,  0, 67,0
107,2007-02-20 20:31:23,121.474600,31.245600,  0, 67,0
107,2007-02-20 20:33:25,121.474600,31.245600,  0, 67,0
107,2007-02-20 20:34:26,121.474600,31.245600,  0, 67,0
107,2007-02-20 20:35:27,121.474600,31.245600,  0, 67,0
107,2007-02-20 20:36:28,121.474600,31.245600,  4,157,0
107,2007-02-20 20:37:29,121.474600,31.245800,  0,157,0
107,2007-02-20 20:38:30,121.474600,31.245800,  0,157,0
107,2007-02-20 20:39:31,121.474600,31.245800,  0,157,0
107,2007-02-20 20:41:33,121.474600,31.245800,  0,157,0
107,2007-02-20 20:42:34,121.474600,31.245800,  0,157,0
107,2007-02-20 20:43:35,121.474500,31.245800,  0,157,0
107,2007-02-20 20:44:36,121.474300,31.245800,  0,157,0
107,2007-02-20 20:45:37,121.474000,31.245800,  0,157,0
107,2007-02-20 20:46:38,121.474000,31.245800,  0,157,0
107,2007-02-20 20:47:39,121.474000,31.245800,  0,157,0
107,2007-02-20 20:48:40,121.474000,31.245800,  0,157,0
107,2007-02-20 20:49:41,121.474000,31.245800,  0,157,0
107,2007-02-20 20:50:42,121.474000,31.245800,  0,157,0
107,2007-02-20 20:51:43,121.474000,31.245800,  0,157,0
107,2007-02-20 20:52:44,121.473800,31.245800,  0,157,0
107,2007-02-20 20:53:45,121.473600,31.245600,  0,157,0
107,2007-02-20 20:54:46,121.473600,31.245600,  0,157,0
107,2007-02-20 20:55:47,121.473800,31.245600,  0,157,0
107,2007-02-20 20:56:48,121.473800,31.245600,  0,157,0
107,2007-02-20 20:57:49,121.473800,31.245600,  0,157,0
107,2007-02-20 20:58:50,121.474000,31.245500,  0,112,0
107,2007-02-20 20:59:51,121.474000,31.245500,  0,112,0
107,2007-02-20 21:00:52,121.474000,31.245500,  0,112,0
107,2007-02-20 21:01:53,121.474100,31.245500,  0,112,0
107,2007-02-20 21:02:54,121.474500,31.245600,  0,112,0
107,2007-02-20 21:03:55,121.474300,31.245600,  0,112,0
107,2007-02-20 21:04:56,121.474300,31.245600,  0,112,0
107,2007-02-20 21:05:57,121.474300,31.245600,  0,112,0
107,2007-02-20 21:07:59,121.474300,31.245600,  0,112,0
107,2007-02-20 21:09:00,121.474300,31.245600,  0,112,0
107,2007-02-20 21:10:01,121.474300,31.245600,  0,112,0
107,2007-02-20 21:11:02,121.474300,31.245600,  0,112,0
107,2007-02-20 21:12:03,121.474300,31.245600,  0,112,0
107,2007-02-20 21:13:04,121.474300,31.245600,  0,112,0
107,2007-02-20 21:15:06,121.474300,31.245600,  0,112,0
107,2007-02-20 21:16:07,121.474300,31.245600,  0,112,0
107,2007-02-20 21:18:09,121.474300,31.245600,  0,112,0
107,2007-02-20 21:19:10,121.474300,31.245600,  0,112,0
107,2007-02-20 21:20:11,121.474300,31.245600,  0,112,0
107,2007-02-20 21:21:12,121.474300,31.245600,  0,112,0
107,2007-02-20 21:22:13,121.474300,31.245600,  0,112,0
107,2007-02-20 21:23:14,121.474300,31.245600,  0,112,0
107,2007-02-20 21:24:15,121.474300,31.245600,  0,112,0
107,2007-02-20 21:25:16,121.474300,31.245600,  0,112,0
107,2007-02-20 21:26:17,121.474300,31.245600,  0,112,0
107,2007-02-20 21:27:18,121.474300,31.245600,  0,112,0
107,2007-02-20 21:28:19,121.474300,31.245600,  0,112,0
107,2007-02-20 21:29:20,121.474300,31.245600,  0,112,0
107,2007-02-20 21:30:21,121.474300,31.245600,  0,112,0
107,2007-02-20 21:31:22,121.474300,31.245600,  0,112,0
107,2007-02-20 21:33:24,121.474300,31.245600,  0,112,0
107,2007-02-20 21:34:25,121.474300,31.245600,  0,112,0
107,2007-02-20 21:35:26,121.474300,31.245600,  0,112,0
107,2007-02-20 21:36:27,121.474300,31.245600,  0,112,0
107,2007-02-20 21:37:28,121.474300,31.245600,  0,112,0
107,2007-02-20 21:38:29,121.474300,31.245600,  0,112,0
107,2007-02-20 21:39:30,121.474300,31.245600,  0,112,0
107,2007-02-20 21:40:31,121.474300,31.245600,  0,112,0
107,2007-02-20 21:41:32,121.474300,31.245600,  0,112,0
107,2007-02-20 21:42:33,121.474300,31.245600,  0,112,0
107,2007-02-20 21:43:34,121.474300,31.245600,  0,112,0
107,2007-02-20 21:44:35,121.474300,31.245600,  0,112,0
107,2007-02-20 21:45:36,121.474300,31.245600,  0,112,0
107,2007-02-20 21:47:38,121.474300,31.245600,  0,112,0
107,2007-02-20 21:48:39,121.474500,31.245600,  0,112,0
107,2007-02-20 21:50:03,121.474500,31.245600,  0,112,0
107,2007-02-20 21:51:04,121.474500,31.245600,  0,112,0
107,2007-02-20 21:52:05,121.474500,31.245600,  0,112,0
107,2007-02-20 21:53:06,121.474500,31.245600,  0,112,0
107,2007-02-20 21:54:07,121.474500,31.245600,  0,112,0
107,2007-02-20 21:55:08,121.474500,31.245600,  0,112,0
107,2007-02-20 21:56:09,121.474500,31.245600,  0,112,0
107,2007-02-20 21:57:10,121.474500,31.245600,  0,112,0
107,2007-02-20 21:58:11,121.474500,31.245600,  0,112,0
107,2007-02-20 21:59:12,121.474300,31.245600,  0,112,0
107,2007-02-20 22:00:13,121.474300,31.245600,  0,112,0
107,2007-02-20 22:01:14,121.474300,31.245600,  0,112,0
107,2007-02-20 22:02:15,121.474500,31.245600,  0,112,0
107,2007-02-20 22:03:16,121.474500,31.245600,  0,112,0
107,2007-02-20 22:04:17,121.474500,31.245800,  0,112,0
107,2007-02-20 22:05:18,121.474500,31.245800,  0,112,0
107,2007-02-20 22:06:19,121.474500,31.245800,  0,112,0
107,2007-02-20 22:07:20,121.474300,31.245800,  0,112,0
107,2007-02-20 22:08:21,121.474300,31.245800,  0,112,0
107,2007-02-20 22:09:22,121.474300,31.245800,  0,112,0
107,2007-02-20 22:10:23,121.474300,31.245800,  0,112,0
107,2007-02-20 22:11:24,121.474300,31.245800,  0,112,0
107,2007-02-20 22:12:25,121.474300,31.245800,  0,112,0
107,2007-02-20 22:13:26,121.474500,31.245800,  0,112,0
107,2007-02-20 22:16:29,121.474300,31.246000,  0,157,0
107,2007-02-20 22:17:30,121.474300,31.246000,  0,157,0
107,2007-02-20 22:18:31,121.474300,31.246000,  0,157,0
107,2007-02-20 22:19:32,121.474500,31.246000,  0,157,0
107,2007-02-20 22:20:33,121.474500,31.246000,  0,157,0
107,2007-02-20 22:21:34,121.474300,31.245800,  0,157,0
107,2007-02-20 22:22:35,121.474300,31.245800,  0,157,0
107,2007-02-20 22:23:36,121.474300,31.245800,  0,157,0
107,2007-02-20 22:24:37,121.474300,31.245800,  0,157,0
107,2007-02-20 22:25:38,121.474300,31.245800,  0,157,0
107,2007-02-20 22:26:39,121.474300,31.245800,  0,157,0
107,2007-02-20 22:27:40,121.474300,31.245800,  0,157,0
107,2007-02-20 22:28:41,121.474300,31.245800,  0,157,0
107,2007-02-20 22:29:42,121.474300,31.245800,  0,157,0
107,2007-02-20 22:30:43,121.474300,31.245800,  0,157,0
107,2007-02-20 22:31:44,121.474300,31.245800,  0,157,0
107,2007-02-20 22:32:45,121.474300,31.245800,  0,157,0
107,2007-02-20 22:34:47,121.474300,31.245800,  0,157,0
107,2007-02-20 22:35:48,121.474300,31.245800,  0,157,0
107,2007-02-20 22:36:49,121.474300,31.245800,  0,157,0
107,2007-02-20 22:37:50,121.474300,31.245800,  0,157,0
107,2007-02-20 22:38:51,121.474300,31.245800,  0,157,0
107,2007-02-20 22:39:52,121.474500,31.245600,  0,157,0
107,2007-02-20 22:40:53,121.474500,31.245600,  0,157,0
107,2007-02-20 22:41:54,121.474500,31.245600,  0,157,0
107,2007-02-20 22:42:55,121.474500,31.245600,  0,157,0
107,2007-02-20 22:43:56,121.474500,31.245600,  0,157,0
107,2007-02-20 22:44:57,121.474500,31.245600,  0,157,0
107,2007-02-20 22:45:58,121.474500,31.245600,  0,157,0
107,2007-02-20 22:46:59,121.474500,31.245600,  0,157,0
107,2007-02-20 22:48:00,121.474500,31.245600,  0,157,0
107,2007-02-20 22:50:02,121.474500,31.245600,  0,157,0
107,2007-02-20 22:52:04,121.474500,31.245600,  0,157,0
107,2007-02-20 22:53:05,121.474500,31.245600,  0,157,0
107,2007-02-20 22:54:06,121.474500,31.245600,  0,157,0
107,2007-02-20 22:55:07,121.474500,31.245600,  0,157,0
107,2007-02-20 22:56:08,121.474500,31.245600,  0,157,0
107,2007-02-20 22:57:09,121.474500,31.245600,  0,157,0
107,2007-02-20 22:58:10,121.474500,31.245600,  0,157,0
107,2007-02-20 22:59:11,121.474500,31.245600,  0,157,0
107,2007-02-20 23:00:12,121.474500,31.245600,  0,157,0
107,2007-02-20 23:01:13,121.474500,31.245600,  0,157,0
107,2007-02-20 23:02:14,121.474500,31.245600,  0,157,0
107,2007-02-20 23:03:15,121.474500,31.245600,  0,157,0
107,2007-02-20 23:04:16,121.474500,31.245600,  0,157,0
107,2007-02-20 23:06:18,121.474500,31.245600,  0,157,0
107,2007-02-20 23:08:20,121.474500,31.245600,  0,157,0
107,2007-02-20 23:09:21,121.474500,31.245600,  0,157,0
107,2007-02-20 23:10:22,121.474500,31.245600,  0,157,0
107,2007-02-20 23:12:24,121.474500,31.245600,  0,157,0
107,2007-02-20 23:13:25,121.474500,31.245600,  0,157,0
107,2007-02-20 23:14:26,121.474500,31.245600,  0,157,0
107,2007-02-20 23:15:27,121.474500,31.245600,  0,157,0
107,2007-02-20 23:16:28,121.474500,31.245600,  0,157,0
107,2007-02-20 23:17:29,121.474500,31.245600,  0,157,0
107,2007-02-20 23:18:30,121.474500,31.245600,  0,157,0
107,2007-02-20 23:19:31,121.474500,31.245800,  0,  0,0
107,2007-02-20 23:20:32,121.474500,31.245800,  0,  0,0
107,2007-02-20 23:21:33,121.474500,31.245800,  0,  0,0
107,2007-02-20 23:22:34,121.474500,31.245800,  0,  0,0
107,2007-02-20 23:23:35,121.474500,31.245800,  0,  0,0
107,2007-02-20 23:24:36,121.474500,31.245800,  0,  0,0
107,2007-02-20 23:25:37,121.474500,31.245800,  0,  0,0
107,2007-02-20 23:26:38,121.474500,31.245800,  0,  0,0
107,2007-02-20 23:27:39,121.474500,31.245800,  0,  0,0
107,2007-02-20 23:28:40,121.474500,31.245600,  0,  0,0
107,2007-02-20 23:30:42,121.474500,31.245600,  0,  0,0
107,2007-02-20 23:31:43,121.474500,31.245600,  0,  0,0
107,2007-02-20 23:32:44,121.474500,31.245800,  0,  0,0
107,2007-02-20 23:33:45,121.474500,31.245600,  0,  0,0
107,2007-02-20 23:34:46,121.474100,31.245500, 28,135,0
107,2007-02-20 23:36:03,121.471300,31.245000,  0,112,0
107,2007-02-20 23:39:06,121.471300,31.245000,  0,112,0
107,2007-02-20 23:40:07,121.471300,31.245000,  0,112,0
107,2007-02-20 23:42:09,121.471300,31.245000,  0,112,0
107,2007-02-20 23:44:11,121.471300,31.245000,  0,112,0
107,2007-02-20 23:45:12,121.471300,31.245000,  0,112,0
107,2007-02-20 23:47:14,121.472100,31.245000, 40, 45,0
107,2007-02-20 23:47:30,121.473600,31.245300, 24, 45,0
107,2007-02-20 23:48:31,121.474500,31.245500,  0,135,0
107,2007-02-20 23:49:32,121.474500,31.245500,  0,135,0
107,2007-02-20 23:50:33,121.474500,31.245600,  0,135,0
107,2007-02-20 23:51:34,121.474500,31.245600,  0,135,0
107,2007-02-20 23:52:35,121.474500,31.245600,  0,135,0
107,2007-02-20 23:54:37,121.474500,31.245600,  0,135,0
107,2007-02-20 23:55:38,121.474500,31.245600,  0,135,0
107,2007-02-20 23:56:39,121.474500,31.245600,  0,135,0
107,2007-02-20 23:57:40,121.474500,31.245600,  0,135,0
107,2007-02-20 23:58:41,121.474500,31.245600,  0,135,0
107,2007-02-20 23:59:42,121.474500,31.245600,  0,135,0
