130,2007-02-20 00:00:10,121.457300,31.341600,  0,  0,0
130,2007-02-20 00:01:11,121.457300,31.341800,  0, 22,0
130,2007-02-20 00:02:12,121.457300,31.341800,  0, 22,0
130,2007-02-20 00:04:10,121.458600,31.341800, 48, 45,0
130,2007-02-20 00:04:26,121.460800,31.342500, 26, 67,0
130,2007-02-20 00:04:42,121.461500,31.340800, 54, 90,0
130,2007-02-20 00:04:58,121.462000,31.339000, 52, 90,0
130,2007-02-20 00:05:14,121.462100,31.337300, 10, 67,0
130,2007-02-20 00:05:30,121.463500,31.337500, 40, 45,0
130,2007-02-20 00:05:46,121.464600,31.337600, 10, 45,0
130,2007-02-20 00:06:18,121.468100,31.338600, 46, 45,0
130,2007-02-20 00:06:52,121.470100,31.338600, 44, 90,0
130,2007-02-20 00:07:08,121.470100,31.336800, 16, 90,0
130,2007-02-20 00:10:11,121.470300,31.336300,  0,  0,0
130,2007-02-20 00:11:12,121.470300,31.336300,  0,  0,0
130,2007-02-20 00:13:14,121.470300,31.336300,  0,  0,0
130,2007-02-20 00:14:15,121.470300,31.336300,  0,  0,0
130,2007-02-20 00:15:16,121.470300,31.336300,  0,  0,0
130,2007-02-20 00:16:17,121.470300,31.336300,  0,  0,0
130,2007-02-20 00:18:19,121.470300,31.336300,  0,  0,0
130,2007-02-20 00:19:20,121.470300,31.336300,  0,  0,0
130,2007-02-20 00:20:21,121.470100,31.336300,  0,  0,0
130,2007-02-20 00:22:23,121.470100,31.336600,  6,135,0
130,2007-02-20 00:22:49,121.468800,31.336500, 34,135,0
130,2007-02-20 00:23:05,121.468600,31.335300, 36, 90,0
130,2007-02-20 00:24:06,121.468600,31.335000,  0, 90,0
130,2007-02-20 00:25:07,121.468600,31.335000,  0, 90,0
130,2007-02-20 00:26:08,121.468600,31.335000,  0, 90,0
130,2007-02-20 00:27:09,121.468600,31.335000,  0, 90,0
130,2007-02-20 00:28:10,121.468600,31.335000,  0, 90,0
130,2007-02-20 00:29:11,121.468600,31.335000,  0, 90,0
130,2007-02-20 00:30:12,121.468600,31.335000,  0, 90,0
130,2007-02-20 00:32:14,121.468600,31.335000,  0, 90,0
130,2007-02-20 00:34:16,121.468600,31.335000,  0, 90,0
130,2007-02-20 00:35:17,121.468600,31.335000,  0, 90,0
130,2007-02-20 00:36:18,121.468600,31.335000,  0, 90,0
130,2007-02-20 00:37:19,121.468600,31.335000,  0, 90,0
130,2007-02-20 00:39:21,121.468600,31.335000,  0, 90,0
130,2007-02-20 00:40:22,121.468600,31.335000,  0, 90,0
130,2007-02-20 00:41:23,121.468600,31.335000,  0, 90,0
130,2007-02-20 00:42:24,121.468600,31.335000,  0, 90,0
130,2007-02-20 00:43:25,121.468600,31.335000,  0, 90,0
130,2007-02-20 00:44:26,121.468600,31.335000,  0, 90,0
130,2007-02-20 00:45:27,121.468600,31.335100,  0, 90,0
130,2007-02-20 00:46:28,121.468600,31.335100,  0, 90,0
130,2007-02-20 00:48:30,121.468600,31.335100,  0, 90,0
130,2007-02-20 00:49:30,121.468600,31.335100,  0, 90,0
130,2007-02-20 00:50:32,121.468600,31.335100,  0, 90,0
130,2007-02-20 00:51:33,121.468600,31.335100,  0, 90,0
130,2007-02-20 00:54:35,121.468600,31.335100,  0, 90,0
130,2007-02-20 00:55:37,121.468600,31.335100,  0, 90,0
130,2007-02-20 00:56:38,121.468600,31.335100,  0, 90,0
130,2007-02-20 00:57:39,121.468600,31.335100,  0, 90,0
130,2007-02-20 00:58:40,121.468600,31.335100,  0, 90,0
130,2007-02-20 00:59:40,121.468600,31.335100,  0, 90,0
130,2007-02-20 01:01:43,121.468600,31.335100,  0, 90,0
130,2007-02-20 01:03:45,121.468600,31.335100,  0, 90,0
130,2007-02-20 01:05:47,121.468600,31.335100,  0, 90,0
130,2007-02-20 01:06:48,121.468600,31.335100,  0, 90,0
130,2007-02-20 01:07:49,121.468600,31.335100,  0, 90,0
130,2007-02-20 01:08:50,121.468600,31.335100,  0, 90,0
130,2007-02-20 01:09:50,121.468600,31.335100,  0, 90,0
130,2007-02-20 01:10:52,121.468600,31.335100,  0, 90,0
130,2007-02-20 01:11:53,121.468600,31.335100,  0, 90,0
130,2007-02-20 01:12:54,121.468600,31.335100,  0, 90,0
130,2007-02-20 01:13:55,121.468800,31.335000,  0, 90,0
130,2007-02-20 01:15:57,121.468800,31.335000,  0, 90,0
130,2007-02-20 01:16:58,121.468800,31.335000,  0, 90,0
130,2007-02-20 01:17:59,121.468800,31.335000,  0, 90,0
130,2007-02-20 01:19:00,121.468800,31.335000,  0, 90,0
130,2007-02-20 01:20:00,121.468800,31.335000,  0, 90,0
130,2007-02-20 01:21:02,121.468800,31.335000,  0, 90,0
130,2007-02-20 01:22:03,121.468800,31.335000,  0, 90,0
130,2007-02-20 01:23:04,121.468800,31.335000,  0, 90,0
130,2007-02-20 01:24:05,121.468800,31.335000,  0, 90,0
130,2007-02-20 01:25:05,121.468800,31.335000,  0, 90,0
130,2007-02-20 01:26:07,121.468800,31.335000,  0, 90,0
130,2007-02-20 01:27:08,121.468800,31.335000,  0, 90,0
130,2007-02-20 01:29:10,121.468800,31.335000,  0, 90,0
130,2007-02-20 01:30:10,121.468800,31.335000,  0, 90,0
130,2007-02-20 01:31:12,121.468800,31.335000,  0, 90,0
130,2007-02-20 01:32:13,121.468800,31.335000,  0, 90,0
130,2007-02-20 01:33:14,121.468800,31.335000,  0, 90,0
130,2007-02-20 01:34:15,121.468800,31.335000,  0, 90,0
130,2007-02-20 01:35:15,121.468800,31.335000,  0, 90,0
130,2007-02-20 01:37:18,121.468800,31.335000,  0, 90,0
130,2007-02-20 01:38:19,121.468800,31.335000,  0, 90,0
130,2007-02-20 01:39:20,121.468800,31.335000,  0, 90,0
130,2007-02-20 01:40:20,121.468800,31.335000,  0, 90,0
130,2007-02-20 01:41:22,121.468800,31.335000,  0, 90,0
130,2007-02-20 01:42:23,121.468800,31.335000,  0, 90,0
130,2007-02-20 01:43:24,121.468600,31.335100,  0, 90,0
130,2007-02-20 01:44:25,121.468800,31.335000,  0, 90,0
130,2007-02-20 01:46:27,121.468800,31.335000,  0, 90,0
130,2007-02-20 01:47:28,121.468800,31.335000,  0, 90,0
130,2007-02-20 01:48:29,121.468600,31.335100,  0, 90,0
130,2007-02-20 01:49:30,121.468600,31.335100,  0, 90,0
130,2007-02-20 01:50:30,121.468600,31.335100,  0, 90,0
130,2007-02-20 01:51:32,121.468600,31.335100,  0, 90,0
130,2007-02-20 01:52:33,121.468600,31.335100,  0, 90,0
130,2007-02-20 01:53:34,121.468600,31.335100,  0, 90,0
130,2007-02-20 01:54:35,121.468600,31.335100,  0, 90,0
130,2007-02-20 01:55:35,121.468600,31.335100,  0, 90,0
130,2007-02-20 01:56:37,121.468600,31.335100,  0, 90,0
130,2007-02-20 01:57:38,121.468600,31.335100,  0, 90,0
130,2007-02-20 01:58:39,121.468600,31.335100,  0, 90,0
130,2007-02-20 01:59:40,121.468600,31.335100,  0, 90,0
130,2007-02-20 02:00:40,121.468600,31.335100,  0, 90,0
130,2007-02-20 02:01:42,121.468600,31.335100,  0, 90,0
130,2007-02-20 02:02:43,121.468600,31.335100,  0, 90,0
130,2007-02-20 02:04:45,121.468600,31.335100,  0, 90,0
130,2007-02-20 02:05:45,121.468600,31.335100,  0, 90,0
130,2007-02-20 02:06:46,121.468600,31.335100,  0, 90,0
130,2007-02-20 02:07:47,121.468600,31.335100,  0, 90,0
130,2007-02-20 02:08:48,121.468600,31.335100,  0, 90,0
130,2007-02-20 02:09:49,121.468600,31.335100,  0, 90,0
130,2007-02-20 02:10:50,121.468600,31.335100,  0, 90,0
130,2007-02-20 02:11:51,121.468600,31.335100,  0, 90,0
130,2007-02-20 02:12:52,121.468600,31.335100,  0, 90,0
130,2007-02-20 02:13:53,121.468600,31.335100,  0, 90,0
130,2007-02-20 02:14:54,121.468600,31.335100,  0, 90,0
130,2007-02-20 02:15:55,121.468600,31.335100,  0, 90,0
130,2007-02-20 02:17:57,121.468600,31.335100,  0, 90,0
130,2007-02-20 02:18:58,121.468600,31.335100,  0, 90,0
130,2007-02-20 02:19:59,121.468600,31.335100,  0, 90,0
130,2007-02-20 02:21:00,121.468600,31.335100,  0, 90,0
130,2007-02-20 02:22:01,121.468600,31.335100,  0, 90,0
130,2007-02-20 02:23:02,121.468600,31.335100,  0, 90,0
130,2007-02-20 02:24:03,121.468600,31.335100,  0, 90,0
130,2007-02-20 02:25:04,121.468600,31.335100,  0, 90,0
130,2007-02-20 02:26:05,121.468600,31.335100,  0, 90,0
130,2007-02-20 02:27:06,121.468600,31.335100,  0, 90,0
130,2007-02-20 02:28:07,121.468600,31.335100,  0, 90,0
130,2007-02-20 02:29:08,121.468600,31.335100,  0, 90,0
130,2007-02-20 02:30:09,121.468600,31.335100,  0, 90,0
130,2007-02-20 02:31:10,121.468600,31.335100,  0, 90,0
130,2007-02-20 02:32:11,121.468600,31.335100,  0, 90,0
130,2007-02-20 02:33:12,121.468600,31.335100,  0, 90,0
130,2007-02-20 02:34:13,121.468600,31.335100,  0, 90,0
130,2007-02-20 02:35:14,121.468600,31.335100,  0, 90,0
130,2007-02-20 02:36:15,121.468600,31.335100,  0, 90,0
130,2007-02-20 02:37:16,121.468600,31.335100,  0, 90,0
130,2007-02-20 02:38:17,121.468600,31.335100,  0, 90,0
130,2007-02-20 02:40:19,121.468600,31.335100,  0, 90,0
130,2007-02-20 02:41:20,121.468600,31.335100,  0, 90,0
130,2007-02-20 02:42:21,121.468600,31.335100,  0, 90,0
130,2007-02-20 02:43:22,121.468600,31.335100,  0, 90,0
130,2007-02-20 02:44:23,121.468600,31.335100,  0, 90,0
130,2007-02-20 02:46:25,121.468600,31.335100,  0, 90,0
130,2007-02-20 02:47:26,121.468800,31.335300,  0, 90,0
130,2007-02-20 02:48:27,121.468800,31.335300,  0, 90,0
130,2007-02-20 02:49:28,121.468800,31.335300,  0, 90,0
130,2007-02-20 02:50:16,121.470500,31.338100, 26, 22,0
130,2007-02-20 02:51:17,121.469500,31.336100,  0, 22,0
130,2007-02-20 02:52:18,121.468800,31.335000,  0, 22,0
130,2007-02-20 02:53:19,121.468800,31.335000,  0, 22,0
130,2007-02-20 02:54:20,121.468800,31.335000,  0, 22,0
130,2007-02-20 02:55:21,121.468800,31.335000,  0, 22,0
130,2007-02-20 02:56:22,121.468800,31.335000,  0, 22,0
130,2007-02-20 02:57:23,121.468800,31.335000,  0, 22,0
130,2007-02-20 02:58:24,121.468800,31.335000,  0, 22,0
130,2007-02-20 02:59:25,121.468800,31.335000,  0, 22,0
130,2007-02-20 03:00:26,121.468800,31.335000,  0, 22,0
130,2007-02-20 03:01:27,121.468800,31.335000,  0, 22,0
130,2007-02-20 03:02:28,121.468800,31.335000,  0, 22,0
130,2007-02-20 03:03:29,121.468800,31.335000,  0, 22,0
130,2007-02-20 03:04:30,121.468800,31.335000,  0, 22,0
130,2007-02-20 03:05:31,121.468800,31.335000,  0, 22,0
130,2007-02-20 03:06:32,121.468800,31.335000,  0, 22,0
130,2007-02-20 03:07:33,121.468800,31.335000,  0, 22,0
130,2007-02-20 03:08:34,121.468800,31.335000,  0, 22,0
130,2007-02-20 03:09:35,121.468800,31.335000,  0, 22,0
130,2007-02-20 03:10:36,121.468800,31.335000,  0, 22,0
130,2007-02-20 03:11:37,121.468800,31.335000,  0, 22,0
130,2007-02-20 03:12:38,121.468800,31.335000,  0, 22,0
130,2007-02-20 03:13:39,121.468800,31.335000,  0, 22,0
130,2007-02-20 03:14:40,121.468800,31.335000,  0, 22,0
130,2007-02-20 03:15:41,121.468800,31.335000,  0, 22,0
130,2007-02-20 03:17:43,121.468800,31.335000,  0, 22,0
130,2007-02-20 03:18:44,121.468800,31.335000,  0, 22,0
130,2007-02-20 03:19:45,121.468800,31.335000,  0, 22,0
130,2007-02-20 03:21:47,121.468800,31.335000,  0, 22,0
130,2007-02-20 03:22:48,121.468800,31.335000,  0, 22,0
130,2007-02-20 03:23:49,121.468800,31.335000,  0, 22,0
130,2007-02-20 03:24:50,121.468800,31.335000,  0, 22,0
130,2007-02-20 03:25:51,121.468800,31.335000,  0, 22,0
130,2007-02-20 03:26:52,121.468800,31.335000,  0, 22,0
130,2007-02-20 03:27:53,121.468800,31.335000,  0, 22,0
130,2007-02-20 03:28:54,121.468800,31.335000,  0, 22,0
130,2007-02-20 03:29:55,121.468800,31.335000,  0, 22,0
130,2007-02-20 03:30:56,121.468800,31.335000,  0, 22,0
130,2007-02-20 03:31:57,121.468800,31.335000,  0, 22,0
130,2007-02-20 03:32:58,121.468800,31.335000,  0, 22,0
130,2007-02-20 03:33:59,121.468800,31.335000,  0, 22,0
130,2007-02-20 03:35:00,121.468800,31.335000,  0, 22,0
130,2007-02-20 03:36:01,121.468800,31.335000,  0, 22,0
130,2007-02-20 03:37:02,121.468800,31.335000,  0, 22,0
130,2007-02-20 03:38:03,121.468800,31.335000,  0, 22,0
130,2007-02-20 03:39:04,121.468800,31.335000,  0, 22,0
130,2007-02-20 03:40:05,121.468800,31.335000,  0, 22,0
130,2007-02-20 03:41:06,121.468800,31.335000,  0, 22,0
130,2007-02-20 03:42:07,121.468800,31.335000,  0, 22,0
130,2007-02-20 03:43:08,121.468800,31.335000,  0, 22,0
130,2007-02-20 03:44:09,121.468800,31.335000,  0, 22,0
130,2007-02-20 03:45:10,121.468800,31.335000,  0, 22,0
130,2007-02-20 03:46:11,121.468800,31.335000,  0, 22,0
130,2007-02-20 03:47:12,121.468800,31.335000,  0, 22,0
130,2007-02-20 03:48:13,121.468800,31.335000,  0, 22,0
130,2007-02-20 03:49:14,121.468800,31.335000,  0, 22,0
130,2007-02-20 03:50:15,121.468800,31.335000,  0, 22,0
130,2007-02-20 03:51:16,121.468800,31.335000,  0, 22,0
130,2007-02-20 03:52:17,121.468800,31.335000,  0, 22,0
130,2007-02-20 03:53:18,121.468800,31.335000,  0, 22,0
130,2007-02-20 03:54:19,121.468800,31.335000,  0, 22,0
130,2007-02-20 03:55:20,121.468800,31.335000,  0, 22,0
130,2007-02-20 03:56:21,121.468800,31.335000,  0, 22,0
130,2007-02-20 03:57:22,121.468800,31.335000,  0, 22,0
130,2007-02-20 03:58:23,121.468800,31.335000,  0, 22,0
130,2007-02-20 03:59:17,121.468300,31.333800, 18, 90,0
130,2007-02-20 03:59:40,121.468100,31.332800, 18, 90,0
130,2007-02-20 04:00:41,121.468100,31.332500,  0, 90,0
130,2007-02-20 04:01:42,121.468100,31.332500,  0, 90,0
130,2007-02-20 04:02:43,121.468800,31.335000,  0, 90,0
130,2007-02-20 04:03:44,121.468800,31.335000,  0, 90,0
130,2007-02-20 04:04:45,121.468800,31.335000,  0, 90,0
130,2007-02-20 04:06:47,121.468800,31.335000,  0, 90,0
130,2007-02-20 04:07:48,121.468800,31.335000,  0, 90,0
130,2007-02-20 04:08:49,121.468800,31.335000,  0, 90,0
130,2007-02-20 04:09:50,121.468800,31.335000,  0, 90,0
130,2007-02-20 04:10:51,121.468800,31.335000,  0, 90,0
130,2007-02-20 04:12:53,121.468800,31.335000,  0, 90,0
130,2007-02-20 04:13:54,121.468800,31.335000,  0, 90,0
130,2007-02-20 04:14:55,121.468800,31.335000,  0, 90,0
130,2007-02-20 04:15:56,121.468800,31.335000,  0, 90,0
130,2007-02-20 04:16:57,121.468800,31.335000,  0,112,0
130,2007-02-20 04:17:58,121.468800,31.335000,  0,112,0
130,2007-02-20 04:21:01,121.468800,31.335000,  0,112,0
130,2007-02-20 04:22:02,121.468800,31.335000,  0,112,0
130,2007-02-20 04:23:03,121.468800,31.335000,  0,112,0
130,2007-02-20 04:25:05,121.468600,31.335000,  0,112,0
130,2007-02-20 04:26:06,121.468600,31.335000,  0,112,0
130,2007-02-20 04:27:07,121.468600,31.335000,  0,112,0
130,2007-02-20 04:28:08,121.468600,31.335000,  0,112,0
130,2007-02-20 04:30:09,121.468600,31.335000,  0,112,0
130,2007-02-20 04:31:11,121.468600,31.335000,  0,112,0
130,2007-02-20 04:33:12,121.468600,31.335000,  0,112,0
130,2007-02-20 04:34:13,121.468600,31.335000,  0,112,0
130,2007-02-20 04:35:14,121.468600,31.335000,  0,112,0
130,2007-02-20 04:36:16,121.468600,31.335000,  0,112,0
130,2007-02-20 04:37:16,121.468600,31.335000,  0,112,0
130,2007-02-20 04:39:18,121.468600,31.335000,  0,112,0
130,2007-02-20 04:40:19,121.468600,31.335000,  0,112,0
130,2007-02-20 04:41:21,121.468600,31.335000,  0,112,0
130,2007-02-20 04:42:21,121.468600,31.335000,  0,112,0
130,2007-02-20 04:43:22,121.468600,31.335000,  0,112,0
130,2007-02-20 04:44:23,121.468600,31.335000,  0,112,0
130,2007-02-20 04:45:24,121.468600,31.335000,  0,112,0
130,2007-02-20 04:46:25,121.468500,31.335500,  0,112,0
130,2007-02-20 04:47:26,121.468500,31.335500,  0,112,0
130,2007-02-20 04:48:27,121.468500,31.335500,  0,112,0
130,2007-02-20 04:49:28,121.468500,31.335300,  0,157,0
130,2007-02-20 04:50:29,121.468500,31.335100,  0,157,0
130,2007-02-20 04:51:31,121.468500,31.335100,  0,157,0
130,2007-02-20 04:52:31,121.468500,31.335100,  0,157,0
130,2007-02-20 04:53:32,121.468500,31.335100,  0,157,0
130,2007-02-20 04:54:33,121.468500,31.335100,  0,157,0
130,2007-02-20 04:55:34,121.468800,31.334800,  0,157,0
130,2007-02-20 04:56:35,121.468800,31.334800,  0,157,0
130,2007-02-20 04:57:36,121.468800,31.335000,  0,157,0
130,2007-02-20 04:58:37,121.468600,31.335000,  0,157,0
130,2007-02-20 04:59:38,121.468600,31.335000,  0,157,0
130,2007-02-20 05:00:39,121.468600,31.335000,  0,157,0
130,2007-02-20 05:01:41,121.468600,31.335100,  0,157,0
130,2007-02-20 05:02:41,121.468600,31.335100,  0,157,0
130,2007-02-20 05:03:42,121.468600,31.335100,  0,157,0
130,2007-02-20 05:04:43,121.468600,31.335000,  0,157,0
130,2007-02-20 05:05:44,121.468600,31.335000,  0,157,0
130,2007-02-20 05:06:46,121.468600,31.335000,  0,157,0
130,2007-02-20 05:07:46,121.468600,31.335000,  0,157,0
130,2007-02-20 05:08:47,121.468600,31.335000,  0,157,0
130,2007-02-20 05:09:48,121.468600,31.335000,  0,157,0
130,2007-02-20 05:10:49,121.468600,31.335000,  0,157,0
130,2007-02-20 05:11:51,121.468600,31.335000,  0,157,0
130,2007-02-20 05:12:52,121.468600,31.335000,  0,157,0
130,2007-02-20 05:13:53,121.468600,31.335000,  0,157,0
130,2007-02-20 05:14:54,121.468600,31.335000,  0,157,0
130,2007-02-20 05:15:55,121.468600,31.335000,  0,157,0
130,2007-02-20 05:16:55,121.468600,31.335000,  0,157,0
130,2007-02-20 05:17:57,121.468600,31.335000,  0,157,0
130,2007-02-20 05:18:58,121.468600,31.335000,  0,157,0
130,2007-02-20 05:19:59,121.468600,31.335000,  0,157,0
130,2007-02-20 05:21:00,121.468600,31.335000,  0,157,0
130,2007-02-20 05:22:00,121.468600,31.335000,  0,157,0
130,2007-02-20 05:23:02,121.468600,31.335000,  0,157,0
130,2007-02-20 05:24:03,121.468600,31.335000,  0,157,0
130,2007-02-20 05:26:05,121.468600,31.335100,  0,157,0
130,2007-02-20 05:27:05,121.468600,31.335100,  0,157,0
130,2007-02-20 05:28:07,121.468600,31.335100,  0,157,0
130,2007-02-20 05:29:08,121.468600,31.335100,  0,157,0
130,2007-02-20 05:30:09,121.468600,31.335100,  0,157,0
130,2007-02-20 05:31:10,121.468600,31.335100,  0,157,0
130,2007-02-20 05:32:10,121.468600,31.335100,  0,157,0
130,2007-02-20 05:33:12,121.468600,31.335100,  0,157,0
130,2007-02-20 05:36:15,121.468600,31.335100,  0,157,0
130,2007-02-20 05:37:15,121.468600,31.335100,  0,157,0
130,2007-02-20 05:38:17,121.468600,31.335100,  0,157,0
130,2007-02-20 05:39:18,121.468600,31.335100,  0,157,0
130,2007-02-20 05:40:19,121.468600,31.335100,  0,157,0
130,2007-02-20 05:41:20,121.468600,31.335100,  0,157,0
130,2007-02-20 05:43:22,121.468600,31.335100,  0,157,0
130,2007-02-20 05:44:23,121.468600,31.335100,  0,157,0
130,2007-02-20 05:45:24,121.468600,31.335100,  0,157,0
130,2007-02-20 05:46:25,121.468600,31.335100,  0,157,0
130,2007-02-20 05:47:25,121.468600,31.335100,  0,157,0
130,2007-02-20 05:48:27,121.468600,31.335100,  0,157,0
130,2007-02-20 05:49:28,121.468600,31.335100,  0,157,0
130,2007-02-20 05:50:28,121.468600,31.335100,  0,157,0
130,2007-02-20 05:51:29,121.468600,31.335100,  0,157,0
130,2007-02-20 05:52:29,121.468600,31.335100,  0,157,0
130,2007-02-20 05:53:31,121.468600,31.335100,  0,157,0
130,2007-02-20 05:54:32,121.468600,31.335100,  0,157,0
130,2007-02-20 05:55:33,121.468600,31.335100,  0,157,0
130,2007-02-20 05:56:34,121.468600,31.335100,  0,157,0
130,2007-02-20 05:58:36,121.468600,31.335100,  0,157,0
130,2007-02-20 05:59:37,121.468600,31.335100,  0,157,0
130,2007-02-20 06:00:38,121.468600,31.335100,  0,157,0
130,2007-02-20 06:01:39,121.468600,31.335100,  0,157,0
130,2007-02-20 06:02:39,121.468600,31.335100,  0,157,0
130,2007-02-20 06:03:41,121.468600,31.334600, 10, 67,0
130,2007-02-20 06:04:42,121.469500,31.334500,  0, 90,0
130,2007-02-20 06:05:43,121.469500,31.334500,  0, 90,0
130,2007-02-20 06:06:44,121.469500,31.334500,  0, 90,0
130,2007-02-20 06:08:46,121.469500,31.334500,  0, 90,0
130,2007-02-20 06:09:47,121.469500,31.334500,  0, 90,0
130,2007-02-20 06:10:48,121.469500,31.334500,  0, 90,0
130,2007-02-20 06:11:49,121.469500,31.334500,  0, 90,0
130,2007-02-20 06:12:49,121.469500,31.334500,  0, 90,0
130,2007-02-20 06:13:51,121.469500,31.334500,  0, 90,0
130,2007-02-20 06:14:52,121.469500,31.334500,  0, 90,0
130,2007-02-20 06:15:53,121.469500,31.334100,  8,  0,0
130,2007-02-20 06:16:54,121.469500,31.334500,  0,  0,0
130,2007-02-20 06:18:56,121.469500,31.334500,  0,  0,0
130,2007-02-20 06:19:57,121.468800,31.334800, 16,135,0
130,2007-02-20 06:20:24,121.468600,31.335600, 26,  0,0
130,2007-02-20 06:20:41,121.469100,31.336500, 36, 45,0
130,2007-02-20 06:21:04,121.470100,31.336800, 24,  0,0
130,2007-02-20 06:21:19,121.470100,31.338300, 40,  0,0
130,2007-02-20 06:21:36,121.470300,31.339500, 30, 22,0
130,2007-02-20 06:21:52,121.472100,31.340000, 60, 45,0
130,2007-02-20 06:22:08,121.473800,31.340800, 26, 22,0
130,2007-02-20 06:22:24,121.474500,31.342100, 48, 22,0
130,2007-02-20 06:22:39,121.475300,31.343800, 66, 22,0
130,2007-02-20 06:22:55,121.476300,31.345500, 36, 22,0
130,2007-02-20 06:23:11,121.477100,31.347100, 46, 22,0
130,2007-02-20 06:23:27,121.478000,31.348500, 28, 22,0
130,2007-02-20 06:25:07,121.488000,31.352000, 58, 45,0
130,2007-02-20 06:25:39,121.491800,31.353500,  0, 22,0
130,2007-02-20 06:26:17,121.493000,31.353800, 48, 22,0
130,2007-02-20 06:26:33,121.495000,31.354500, 50, 22,0
130,2007-02-20 06:26:49,121.496300,31.355000,  0, 45,0
130,2007-02-20 06:27:49,121.496300,31.355000,  0, 45,0
130,2007-02-20 06:28:13,121.496500,31.356000, 36,  0,0
130,2007-02-20 06:29:19,121.492800,31.364500, 66,157,0
130,2007-02-20 06:29:36,121.491500,31.367300, 78,  0,0
130,2007-02-20 06:29:52,121.490000,31.370300, 90,157,0
130,2007-02-20 06:30:58,121.492600,31.375800, 32, 45,0
130,2007-02-20 06:31:30,121.493100,31.376000, 50, 22,0
130,2007-02-20 06:32:02,121.494100,31.378300, 58,157,0
130,2007-02-20 06:32:34,121.495100,31.382300, 34, 22,0
130,2007-02-20 06:32:57,121.495600,31.383100, 50, 22,0
130,2007-02-20 06:33:58,121.496100,31.383500,  0, 45,0
130,2007-02-20 06:34:59,121.496100,31.383500,  0, 45,0
130,2007-02-20 06:36:00,121.496100,31.383500,  0, 45,0
130,2007-02-20 06:37:01,121.496000,31.383600,  0,157,0
130,2007-02-20 06:38:02,121.496000,31.383600,  0,157,0
130,2007-02-20 06:39:03,121.496000,31.383600,  0,157,0
130,2007-02-20 06:40:04,121.496000,31.383500,  0, 45,0
130,2007-02-20 06:40:44,121.495300,31.382800, 36,112,0
130,2007-02-20 06:41:13,121.494800,31.382000, 40,112,0
130,2007-02-20 06:41:29,121.493800,31.380000, 54,112,0
130,2007-02-20 06:41:45,121.492800,31.380300, 52,157,0
130,2007-02-20 06:42:24,121.492100,31.383100, 52,  0,0
130,2007-02-20 06:42:40,121.491100,31.385500, 68,157,0
130,2007-02-20 06:42:56,121.489800,31.387100, 24,112,0
130,2007-02-20 06:43:12,121.487800,31.386100, 74,112,0
130,2007-02-20 06:43:28,121.485000,31.385000, 78,112,0
130,2007-02-20 06:43:44,121.483100,31.384500, 32,157,0
130,2007-02-20 06:44:00,121.481800,31.385100, 40,157,0
130,2007-02-20 06:44:16,121.480500,31.388600, 58,157,0
130,2007-02-20 06:44:32,121.478800,31.390600, 64,157,0
130,2007-02-20 06:44:47,121.477300,31.392300, 52,157,0
130,2007-02-20 06:45:04,121.476100,31.394000, 54,157,0
130,2007-02-20 06:45:20,121.475100,31.395500, 42,157,0
130,2007-02-20 06:45:35,121.475000,31.396600, 36,  0,0
130,2007-02-20 06:46:36,121.475000,31.397100,  0,  0,0
130,2007-02-20 06:48:38,121.475000,31.397100,  0,  0,0
130,2007-02-20 06:49:40,121.475000,31.397100,  0,  0,0
130,2007-02-20 06:50:40,121.475000,31.397100,  0,  0,0
130,2007-02-20 06:51:07,121.466100,31.411500, 50,135,0
130,2007-02-20 06:51:23,121.463100,31.411000, 82,135,0
130,2007-02-20 06:51:39,121.459300,31.410300, 86,135,0
130,2007-02-20 06:51:55,121.455800,31.409500, 52,135,0
130,2007-02-20 06:52:11,121.454000,31.409100, 38,135,0
130,2007-02-20 06:52:49,121.452800,31.409000, 46,135,0
130,2007-02-20 06:53:05,121.449800,31.408300, 90,135,0
130,2007-02-20 06:53:21,121.446300,31.407600, 86,135,0
130,2007-02-20 06:53:37,121.442600,31.407100, 78,135,0
130,2007-02-20 06:54:09,121.436300,31.405800, 54,135,0
130,2007-02-20 06:54:25,121.435000,31.406300, 56,  0,0
130,2007-02-20 06:54:41,121.434000,31.408800, 66,  0,0
130,2007-02-20 06:54:57,121.433000,31.411100, 74,  0,0
130,2007-02-20 06:55:30,121.432600,31.412100, 14,  0,0
130,2007-02-20 06:56:02,121.431300,31.415300, 10,  0,0
130,2007-02-20 06:56:25,121.431000,31.416300, 54,  0,0
130,2007-02-20 06:56:41,121.430000,31.418600, 50,  0,0
130,2007-02-20 06:57:25,121.427500,31.421500, 90,157,0
130,2007-02-20 06:57:41,121.424500,31.423800, 84,157,0
130,2007-02-20 06:57:57,121.421000,31.423800, 50,135,0
130,2007-02-20 06:58:40,121.417100,31.422600, 84,135,0
130,2007-02-20 06:58:56,121.413800,31.421600, 34,135,0
130,2007-02-20 06:59:12,121.413000,31.423100, 66,  0,0
130,2007-02-20 06:59:28,121.411800,31.426100,100,157,0
130,2007-02-20 06:59:44,121.410100,31.430000,114,  0,0
130,2007-02-20 07:00:00,121.408800,31.433100, 58,  0,0
130,2007-02-20 07:00:16,121.408000,31.435500, 78,  0,0
130,2007-02-20 07:00:32,121.406500,31.438800, 92,  0,0
130,2007-02-20 07:00:48,121.405300,31.442100, 94,  0,0
130,2007-02-20 07:01:04,121.404300,31.445500, 92,  0,0
130,2007-02-20 07:01:20,121.403100,31.448800, 94,  0,0
130,2007-02-20 07:01:36,121.402000,31.451600, 52,  0,0
130,2007-02-20 07:02:32,121.400800,31.454300, 68,157,0
130,2007-02-20 07:02:48,121.399600,31.456600, 42,157,0
130,2007-02-20 07:03:04,121.401000,31.457100, 50, 45,0
130,2007-02-20 07:03:36,121.406800,31.458600, 82, 45,0
130,2007-02-20 07:03:52,121.410000,31.459300, 66, 45,0
130,2007-02-20 07:04:08,121.411600,31.460800, 56,  0,0
130,2007-02-20 07:04:24,121.411500,31.462300, 26,  0,0
130,2007-02-20 07:04:42,121.412000,31.463300, 30,  0,0
130,2007-02-20 07:05:43,121.412300,31.463800,  0,  0,0
130,2007-02-20 07:06:44,121.412300,31.463800,  0,  0,0
130,2007-02-20 07:07:42,121.411800,31.463100, 54, 90,0
130,2007-02-20 07:07:58,121.411500,31.461600, 42, 90,0
130,2007-02-20 07:08:14,121.411300,31.460100, 42,112,0
130,2007-02-20 07:08:46,121.407300,31.458600, 60,135,0
130,2007-02-20 07:09:02,121.404600,31.458000, 64,135,0
130,2007-02-20 07:09:18,121.401800,31.457300, 64,135,0
130,2007-02-20 07:09:34,121.400300,31.457000,  0,135,0
130,2007-02-20 07:10:16,121.399500,31.456600, 38, 90,0
130,2007-02-20 07:10:32,121.400500,31.454500, 50, 67,0
130,2007-02-20 07:10:48,121.401300,31.452800, 22, 90,0
130,2007-02-20 07:11:16,121.401800,31.452000, 48, 90,0
130,2007-02-20 07:11:32,121.402800,31.449300, 96, 90,0
130,2007-02-20 07:11:48,121.404100,31.445300,112, 90,0
130,2007-02-20 07:12:20,121.406500,31.438500, 98, 90,0
130,2007-02-20 07:12:36,121.407600,31.435600, 88, 90,0
130,2007-02-20 07:12:52,121.408600,31.433000, 72, 90,0
130,2007-02-20 07:13:08,121.410100,31.429500,120, 90,0
130,2007-02-20 07:13:24,121.412000,31.425500,120, 90,0
130,2007-02-20 07:13:39,121.413600,31.421300,122, 90,0
130,2007-02-20 07:13:56,121.414600,31.416800,106, 90,0
130,2007-02-20 07:14:12,121.415600,31.413100, 80, 90,0
130,2007-02-20 07:14:28,121.415800,31.411600,  0, 90,0
130,2007-02-20 07:14:46,121.416100,31.410800, 62, 90,0
130,2007-02-20 07:15:02,121.416800,31.407800, 78, 90,0
130,2007-02-20 07:15:18,121.417500,31.405300, 80, 90,0
130,2007-02-20 07:15:34,121.418300,31.401800,100, 90,0
130,2007-02-20 07:15:49,121.419100,31.398500, 78, 90,0
130,2007-02-20 07:16:06,121.419800,31.395500, 94, 90,0
130,2007-02-20 07:16:22,121.420600,31.392800, 68, 90,0
130,2007-02-20 07:16:38,121.421600,31.389600,102, 90,0
130,2007-02-20 07:16:54,121.422600,31.386100, 76, 90,0
130,2007-02-20 07:17:44,121.423100,31.384100, 56, 90,0
130,2007-02-20 07:18:16,121.424800,31.378500, 88, 90,0
130,2007-02-20 07:18:32,121.425600,31.375100, 94, 90,0
130,2007-02-20 07:18:48,121.426500,31.371600,102, 90,0
130,2007-02-20 07:19:04,121.427300,31.367800, 94, 90,0
130,2007-02-20 07:19:53,121.429100,31.359100, 94, 90,0
130,2007-02-20 07:20:09,121.429300,31.355500,102, 90,0
130,2007-02-20 07:20:24,121.429800,31.352000, 92, 90,0
130,2007-02-20 07:20:41,121.430300,31.348300, 92, 90,0
130,2007-02-20 07:20:57,121.431500,31.344800, 94, 90,0
130,2007-02-20 07:21:13,121.432600,31.341800, 72, 90,0
130,2007-02-20 07:21:29,121.433600,31.339300, 70, 90,0
130,2007-02-20 07:21:44,121.434100,31.338100,  0, 67,0
130,2007-02-20 07:22:33,121.435100,31.337800, 32, 22,0
130,2007-02-20 07:22:49,121.436600,31.338500, 42, 22,0
130,2007-02-20 07:23:04,121.438500,31.339100, 44, 22,0
130,2007-02-20 07:23:23,121.439800,31.339600,  0, 22,0
130,2007-02-20 07:24:12,121.441000,31.340000, 34, 22,0
130,2007-02-20 07:25:38,121.449100,31.342800, 52, 22,0
130,2007-02-20 07:25:54,121.450800,31.343100, 30, 67,0
130,2007-02-20 07:26:09,121.451500,31.341800, 44, 67,0
130,2007-02-20 07:26:26,121.452500,31.340100, 46, 67,0
130,2007-02-20 07:27:27,121.452600,31.340000,  0, 67,0
130,2007-02-20 07:28:09,121.453600,31.340000, 44, 22,0
130,2007-02-20 07:28:41,121.457300,31.340600, 36, 67,0
130,2007-02-20 07:28:57,121.458300,31.339100, 44, 67,0
130,2007-02-20 07:29:13,121.459300,31.338600, 32, 45,0
130,2007-02-20 07:29:29,121.460500,31.338800,  8,  0,0
130,2007-02-20 07:30:29,121.460100,31.339000,  0,135,0
130,2007-02-20 07:31:31,121.460100,31.339000,  0,135,0
130,2007-02-20 07:32:32,121.460100,31.339000,  0,135,0
130,2007-02-20 07:33:33,121.460100,31.339000,  0,135,0
130,2007-02-20 07:34:34,121.460100,31.339000,  0,135,0
130,2007-02-20 07:35:34,121.460100,31.339000,  0,135,0
130,2007-02-20 07:36:36,121.460100,31.339000,  0,135,0
130,2007-02-20 07:37:36,121.460100,31.339100,  4,157,0
130,2007-02-20 07:39:38,121.460000,31.339100,  0,157,0
130,2007-02-20 07:40:39,121.460000,31.339100,  0,157,0
130,2007-02-20 07:41:40,121.460000,31.339100,  0,157,0
130,2007-02-20 07:42:42,121.460100,31.339100,  0,157,0
130,2007-02-20 07:43:43,121.460100,31.339100,  0,157,0
130,2007-02-20 07:44:44,121.460300,31.339100,  4, 90,0
130,2007-02-20 07:45:44,121.460800,31.339000,  0, 45,0
130,2007-02-20 07:46:46,121.460800,31.339000,  0, 45,0
130,2007-02-20 07:47:47,121.460800,31.339000,  0, 45,0
130,2007-02-20 07:49:49,121.460800,31.339000,  0, 45,0
130,2007-02-20 07:50:49,121.460800,31.339000,  0, 45,0
130,2007-02-20 07:51:51,121.460800,31.339000,  0, 45,0
130,2007-02-20 07:52:52,121.460800,31.339000,  0, 45,0
130,2007-02-20 07:53:53,121.460800,31.339000,  0, 45,0
130,2007-02-20 07:54:54,121.460800,31.339000,  0, 45,0
130,2007-02-20 07:55:54,121.460800,31.339000,  0, 45,0
130,2007-02-20 07:56:56,121.460800,31.339000,  0, 45,0
130,2007-02-20 07:57:57,121.460800,31.339000,  0, 45,0
130,2007-02-20 07:58:58,121.460800,31.339000,  0, 45,0
130,2007-02-20 07:59:59,121.460800,31.339000,  0, 45,0
130,2007-02-20 08:00:59,121.460800,31.338800,  0, 45,0
130,2007-02-20 08:02:01,121.460800,31.338800,  0, 90,0
130,2007-02-20 08:03:02,121.460800,31.338800,  0, 90,0
130,2007-02-20 08:04:03,121.460800,31.338800,  0, 90,0
130,2007-02-20 08:05:04,121.460800,31.338800,  0, 90,0
130,2007-02-20 08:06:04,121.460800,31.338800,  0, 90,0
130,2007-02-20 08:07:06,121.460800,31.338800,  0, 90,0
130,2007-02-20 08:08:07,121.460800,31.338800,  0, 90,0
130,2007-02-20 08:09:08,121.460800,31.338800,  0, 90,0
130,2007-02-20 08:10:09,121.460800,31.338800,  0, 90,0
130,2007-02-20 08:11:09,121.460800,31.338800,  0, 90,0
130,2007-02-20 08:12:11,121.460800,31.338800,  0, 90,0
130,2007-02-20 08:13:12,121.460800,31.338800,  0, 90,0
130,2007-02-20 08:14:13,121.460800,31.338800,  0, 90,0
130,2007-02-20 08:15:19,121.460800,31.338800,  0, 45,0
130,2007-02-20 08:16:36,121.462000,31.338300, 44, 90,0
130,2007-02-20 08:16:52,121.462100,31.336100, 60, 90,0
130,2007-02-20 08:17:08,121.462300,31.334000, 60, 90,0
130,2007-02-20 08:17:24,121.462500,31.331500, 64, 90,0
130,2007-02-20 08:17:40,121.462600,31.329800, 52, 90,0
130,2007-02-20 08:17:56,121.463000,31.327500, 64, 90,0
130,2007-02-20 08:18:12,121.463100,31.325100, 56, 90,0
130,2007-02-20 08:18:37,121.463100,31.324100, 30, 90,0
130,2007-02-20 08:18:53,121.463300,31.322500, 46, 90,0
130,2007-02-20 08:19:54,121.463500,31.321600,  0, 90,0
130,2007-02-20 08:20:10,121.463500,31.320600, 50, 90,0
130,2007-02-20 08:20:50,121.463600,31.317500, 42, 90,0
130,2007-02-20 08:21:06,121.463500,31.315600, 32, 90,0
130,2007-02-20 08:21:54,121.463300,31.314600, 50, 90,0
130,2007-02-20 08:22:10,121.463100,31.313000, 10, 90,0
130,2007-02-20 08:22:38,121.463100,31.312000, 46, 90,0
130,2007-02-20 08:22:54,121.463000,31.309600, 72, 90,0
130,2007-02-20 08:23:10,121.462800,31.306800, 80, 90,0
130,2007-02-20 08:23:33,121.462800,31.303000, 38, 90,0
130,2007-02-20 08:23:58,121.463500,31.302000, 50, 45,0
130,2007-02-20 08:24:14,121.465500,31.302000, 38, 45,0
130,2007-02-20 08:24:30,121.466500,31.301800, 20, 90,0
130,2007-02-20 08:25:02,121.466500,31.299300, 18, 90,0
130,2007-02-20 08:25:28,121.466300,31.298300, 30, 90,0
130,2007-02-20 08:25:44,121.466300,31.297100, 26, 90,0
130,2007-02-20 08:26:09,121.466300,31.296100, 28, 90,0
130,2007-02-20 08:26:41,121.466500,31.293800, 48, 90,0
130,2007-02-20 08:26:57,121.466300,31.292300, 38, 90,0
130,2007-02-20 08:27:13,121.466000,31.290800, 28, 90,0
130,2007-02-20 08:27:29,121.465800,31.289500, 26, 90,0
130,2007-02-20 08:28:27,121.465500,31.286800, 52, 90,0
130,2007-02-20 08:28:43,121.465100,31.285300, 10, 90,0
130,2007-02-20 08:29:44,121.465000,31.285100,  0, 90,0
130,2007-02-20 08:31:46,121.465000,31.285100,  0, 90,0
130,2007-02-20 08:33:48,121.465000,31.285000,  0, 90,0
130,2007-02-20 08:34:49,121.465000,31.285000,  0, 90,0
130,2007-02-20 08:35:50,121.465000,31.285000,  0, 90,0
130,2007-02-20 08:36:51,121.465100,31.284800,  0, 90,0
130,2007-02-20 08:37:52,121.465100,31.284800,  0, 90,0
130,2007-02-20 08:38:53,121.465100,31.285000,  0, 90,0
130,2007-02-20 08:39:54,121.465000,31.285100,  0, 90,0
130,2007-02-20 08:40:55,121.465000,31.285100,  0, 90,0
130,2007-02-20 08:41:56,121.465000,31.285100,  0, 90,0
130,2007-02-20 08:43:58,121.465000,31.285100,  0, 90,0
130,2007-02-20 08:44:59,121.465000,31.285100,  0, 90,0
130,2007-02-20 08:46:00,121.465000,31.285100,  0, 90,0
130,2007-02-20 08:47:01,121.465000,31.285100,  0, 90,0
130,2007-02-20 08:48:02,121.465000,31.285100,  0, 90,0
130,2007-02-20 08:49:03,121.465000,31.285100,  0, 90,0
130,2007-02-20 08:51:05,121.465000,31.285100,  0, 90,0
130,2007-02-20 08:52:06,121.465000,31.285100,  0, 90,0
130,2007-02-20 08:53:07,121.465000,31.285100,  0,112,0
130,2007-02-20 08:54:08,121.465000,31.285100,  0,112,0
130,2007-02-20 08:55:09,121.465000,31.285300,  0,112,0
130,2007-02-20 08:56:10,121.465000,31.285300,  0,112,0
130,2007-02-20 08:57:11,121.465000,31.285300,  0,  0,0
130,2007-02-20 08:58:12,121.465000,31.285300,  0,  0,0
130,2007-02-20 08:59:13,121.465000,31.285100,  0,  0,0
130,2007-02-20 09:00:14,121.465000,31.285100,  0,  0,0
130,2007-02-20 09:01:15,121.465000,31.285100,  0,  0,0
130,2007-02-20 09:02:16,121.465000,31.285100,  0,  0,0
130,2007-02-20 09:03:17,121.465100,31.285100,  0,  0,0
130,2007-02-20 09:04:18,121.465100,31.285100,  0,  0,0
130,2007-02-20 09:05:19,121.465100,31.285100,  0,  0,0
130,2007-02-20 09:06:20,121.465100,31.285100,  0,  0,0
130,2007-02-20 09:08:11,121.465000,31.285000, 12, 90,1
130,2007-02-20 09:09:12,121.464500,31.282100, 28, 90,1
130,2007-02-20 09:10:13,121.470300,31.279600,  0, 67,1
130,2007-02-20 09:11:14,121.472300,31.278500, 42, 67,1
130,2007-02-20 09:12:15,121.473100,31.278000,  0, 67,1
130,2007-02-20 09:13:16,121.479500,31.277100, 40, 22,1
130,2007-02-20 09:14:17,121.480600,31.277600,  0, 22,1
130,2007-02-20 09:15:18,121.486000,31.278300, 18, 45,1
130,2007-02-20 09:16:19,121.492500,31.278100, 48, 45,1
130,2007-02-20 09:17:20,121.496000,31.277500, 34, 67,1
130,2007-02-20 09:18:21,121.496600,31.277000,  0, 67,1
130,2007-02-20 09:20:23,121.498500,31.275300,  4, 67,1
130,2007-02-20 09:21:24,121.501300,31.273000, 32, 67,1
130,2007-02-20 09:22:25,121.501800,31.272100, 42, 90,1
130,2007-02-20 09:23:26,121.502100,31.267100, 12, 67,1
130,2007-02-20 09:25:28,121.503800,31.264600, 20, 67,1
130,2007-02-20 09:27:30,121.513300,31.253500,  0, 67,1
130,2007-02-20 09:29:32,121.517500,31.237800,  0, 90,1
130,2007-02-20 09:30:33,121.518800,31.235100, 42, 67,1
130,2007-02-20 09:31:34,121.520500,31.235500, 60, 22,1
130,2007-02-20 09:32:35,121.522600,31.236500, 44, 22,1
130,2007-02-20 09:33:36,121.529000,31.235600, 32, 67,1
130,2007-02-20 09:34:37,121.530100,31.234600, 48, 45,1
130,2007-02-20 09:35:38,121.540100,31.238100, 44, 45,1
130,2007-02-20 09:36:39,121.543500,31.239600, 26,157,1
130,2007-02-20 09:37:22,121.541600,31.242100,  0,157,0
130,2007-02-20 09:37:37,121.541600,31.242100,  0,157,0
130,2007-02-20 09:38:12,121.541100,31.243000, 30,157,0
130,2007-02-20 09:38:28,121.540100,31.244500, 46,157,0
130,2007-02-20 09:39:00,121.539500,31.245100, 16,135,0
130,2007-02-20 09:39:16,121.538100,31.244600, 52,112,0
130,2007-02-20 09:39:32,121.536500,31.244300, 42,157,0
130,2007-02-20 09:39:48,121.535300,31.246000, 28,135,0
130,2007-02-20 09:40:04,121.533500,31.245300, 56,135,0
130,2007-02-20 09:40:20,121.531000,31.244600, 50,135,0
130,2007-02-20 09:40:40,121.530000,31.244800, 34,157,0
130,2007-02-20 09:40:56,121.529300,31.246100, 24,157,0
130,2007-02-20 09:41:12,121.528000,31.245800, 42,135,0
130,2007-02-20 09:41:28,121.526300,31.245300, 26, 90,0
130,2007-02-20 09:41:50,121.527100,31.243600, 38, 90,0
130,2007-02-20 09:42:06,121.525800,31.243000, 38,135,0
130,2007-02-20 09:42:22,121.523500,31.242800, 62,135,0
130,2007-02-20 09:42:38,121.520500,31.242600, 46,135,0
130,2007-02-20 09:43:36,121.519800,31.243100, 22,  0,0
130,2007-02-20 09:43:59,121.518800,31.243600, 40,135,0
130,2007-02-20 09:44:15,121.517000,31.243600, 42,135,0
130,2007-02-20 09:44:31,121.515000,31.243800, 30,135,0
130,2007-02-20 09:44:47,121.513500,31.243800, 40,135,0
130,2007-02-20 09:45:03,121.511600,31.243100, 40,135,0
130,2007-02-20 09:45:19,121.510100,31.242600, 22,135,0
130,2007-02-20 09:45:35,121.508600,31.242100, 48,112,0
130,2007-02-20 09:45:51,121.508000,31.241500, 22, 90,0
130,2007-02-20 09:46:07,121.506500,31.241000, 38,135,0
130,2007-02-20 09:46:23,121.505300,31.241000, 26,157,0
130,2007-02-20 09:46:39,121.504600,31.242100, 44,157,0
130,2007-02-20 09:46:55,121.503600,31.243600, 26,135,0
130,2007-02-20 09:47:11,121.501800,31.242500, 62,112,0
130,2007-02-20 09:47:27,121.499800,31.241000, 48,112,0
130,2007-02-20 09:47:43,121.499100,31.239500, 12,112,0
130,2007-02-20 09:48:20,121.498100,31.239800, 14,135,0
130,2007-02-20 09:48:50,121.497000,31.240300, 20,157,0
130,2007-02-20 09:49:09,121.495800,31.240500, 28,112,0
130,2007-02-20 09:49:31,121.494800,31.240800, 22,157,0
130,2007-02-20 09:49:47,121.493600,31.241500, 36,157,0
130,2007-02-20 09:50:03,121.492300,31.241000, 32,112,0
130,2007-02-20 09:50:22,121.492600,31.240000, 22, 90,0
130,2007-02-20 09:50:38,121.493000,31.239000, 26, 67,0
130,2007-02-20 09:50:54,121.493500,31.237800, 42, 67,0
130,2007-02-20 09:51:10,121.494300,31.236500, 40, 67,0
130,2007-02-20 09:51:26,121.495500,31.235300, 38, 67,0
130,2007-02-20 09:51:52,121.497800,31.235000, 60, 67,0
130,2007-02-20 09:51:58,121.498300,31.234300, 44, 67,0
130,2007-02-20 09:52:14,121.499600,31.233800, 40, 67,0
130,2007-02-20 09:52:58,121.500600,31.232000, 48, 67,0
130,2007-02-20 09:53:14,121.502000,31.230300, 48, 67,0
130,2007-02-20 09:53:30,121.503500,31.229000, 52, 45,0
130,2007-02-20 09:57:29,121.505800,31.228100,  0, 22,0
130,2007-02-20 09:58:30,121.505800,31.228100,  0, 22,0
130,2007-02-20 09:59:31,121.505800,31.228100,  0, 22,0
130,2007-02-20 10:00:32,121.505800,31.228300,  0,157,0
130,2007-02-20 10:01:32,121.505800,31.228300,  0,157,0
130,2007-02-20 10:02:33,121.505800,31.228300,  0,157,0
130,2007-02-20 10:03:35,121.505800,31.228300,  0,157,0
130,2007-02-20 10:04:35,121.505800,31.228300,  0,157,0
130,2007-02-20 10:05:47,121.507500,31.231100, 26, 22,1
130,2007-02-20 10:06:48,121.513600,31.232600, 32, 45,1
130,2007-02-20 10:07:49,121.515300,31.233300,  0, 22,1
130,2007-02-20 10:08:50,121.517300,31.233000, 62, 45,1
130,2007-02-20 10:09:51,121.521000,31.231600, 58, 67,1
130,2007-02-20 10:10:52,121.528800,31.227100, 90, 67,1
130,2007-02-20 10:11:53,121.534800,31.224300, 52, 22,1
130,2007-02-20 10:12:54,121.543500,31.229000,  0, 45,1
130,2007-02-20 10:13:55,121.551300,31.232300, 78, 22,1
130,2007-02-20 10:14:56,121.552500,31.233000,  0, 22,1
130,2007-02-20 10:15:57,121.562100,31.237600, 88, 22,1
130,2007-02-20 10:16:58,121.570800,31.241800, 50, 22,1
130,2007-02-20 10:17:59,121.574100,31.242300,  0, 67,1
130,2007-02-20 10:19:00,121.575500,31.240100,  0, 67,1
130,2007-02-20 10:20:01,121.580300,31.241800,  0, 22,1
130,2007-02-20 10:21:02,121.585000,31.245000, 68, 22,1
130,2007-02-20 10:22:02,121.587300,31.247600,  8,135,0
130,2007-02-20 10:22:17,121.587500,31.247600,  0,135,0
130,2007-02-20 10:23:18,121.587500,31.247300,  4, 67,0
130,2007-02-20 10:23:57,121.587100,31.247300, 16,112,0
130,2007-02-20 10:24:16,121.587100,31.246600, 32,112,0
130,2007-02-20 10:25:23,121.585100,31.246100, 44,157,0
130,2007-02-20 10:25:39,121.583800,31.247100,  0,157,0
130,2007-02-20 10:26:13,121.583000,31.247800, 20,157,0
130,2007-02-20 10:27:14,121.582800,31.247800,  0,157,0
130,2007-02-20 10:28:15,121.582800,31.247800,  0,157,0
130,2007-02-20 10:29:53,121.571500,31.242300, 86,112,1
130,2007-02-20 10:30:54,121.558000,31.236000, 92,112,1
130,2007-02-20 10:31:55,121.553000,31.233500,  0,112,1
130,2007-02-20 10:32:56,121.549100,31.231600, 84,112,1
130,2007-02-20 10:33:57,121.537300,31.226300, 78,112,1
130,2007-02-20 10:34:58,121.530100,31.217000, 70, 90,1
130,2007-02-20 10:35:59,121.528800,31.213600,  0, 90,1
130,2007-02-20 10:37:00,121.525100,31.204500,106, 90,1
130,2007-02-20 10:38:01,121.521500,31.195100, 48, 90,1
130,2007-02-20 10:39:02,121.519500,31.190300, 28, 90,1
130,2007-02-20 10:40:03,121.515600,31.180600, 96, 90,1
130,2007-02-20 10:41:04,121.514100,31.176000, 44, 90,1
130,2007-02-20 10:42:05,121.516300,31.167600, 66, 90,1
130,2007-02-20 10:44:07,121.522600,31.156300, 50, 67,1
130,2007-02-20 10:45:08,121.526500,31.150800, 36, 67,1
130,2007-02-20 10:46:09,121.529800,31.141000, 76,112,1
130,2007-02-20 10:47:09,121.516300,31.138100,106,135,1
130,2007-02-20 10:48:11,121.498000,31.135100,116,135,1
130,2007-02-20 10:49:12,121.480000,31.133000,114,135,1
130,2007-02-20 10:50:12,121.463800,31.129100,112,112,1
130,2007-02-20 10:51:13,121.450800,31.126600, 50, 90,1
130,2007-02-20 10:54:44,121.444800,31.121100,  0,135,1
130,2007-02-20 10:55:45,121.444100,31.122300,  0,  0,1
130,2007-02-20 10:55:51,121.444100,31.122300,  0,  0,0
130,2007-02-20 10:56:51,121.444300,31.121500, 34, 67,0
130,2007-02-20 10:57:07,121.444000,31.120800, 34,135,0
130,2007-02-20 10:57:23,121.442300,31.120300, 38,135,0
130,2007-02-20 10:57:39,121.441000,31.120000, 38,135,0
130,2007-02-20 10:57:55,121.438800,31.119500, 68,135,0
130,2007-02-20 10:58:11,121.435800,31.118600, 74,135,0
130,2007-02-20 10:58:27,121.432800,31.117800, 56,135,0
130,2007-02-20 10:58:43,121.433000,31.119000, 46, 22,0
130,2007-02-20 10:58:59,121.433800,31.120600, 42, 22,0
130,2007-02-20 10:59:15,121.434100,31.121800, 30,  0,0
130,2007-02-20 10:59:31,121.434000,31.122800, 34,  0,0
130,2007-02-20 10:59:47,121.433600,31.124300, 28,  0,0
130,2007-02-20 11:00:25,121.433300,31.125100, 46,  0,0
130,2007-02-20 11:00:41,121.432800,31.126800, 26,  0,0
130,2007-02-20 11:03:50,121.431000,31.134300, 38,  0,1
130,2007-02-20 11:05:31,121.427600,31.138300, 24,  0,1
130,2007-02-20 11:06:31,121.424600,31.143600,  0,  0,1
130,2007-02-20 11:07:32,121.424600,31.143600,  0,  0,1
130,2007-02-20 11:08:33,121.424100,31.146600, 50,  0,1
130,2007-02-20 11:09:34,121.424000,31.148000,  0,  0,1
130,2007-02-20 11:10:35,121.420500,31.152800, 54,157,1
130,2007-02-20 11:11:36,121.420000,31.154600, 46, 22,1
130,2007-02-20 11:12:37,121.429100,31.164000, 90, 22,1
130,2007-02-20 11:13:38,121.432300,31.165500, 42, 45,1
130,2007-02-20 11:14:03,121.433500,31.165800,  0,  0,0
130,2007-02-20 11:14:18,121.433300,31.166000,  0,  0,0
130,2007-02-20 11:16:20,121.434100,31.166100,  0,  0,0
130,2007-02-20 11:17:11,121.434000,31.167100, 42,  0,0
130,2007-02-20 11:17:27,121.433800,31.169000, 28,  0,0
130,2007-02-20 11:17:43,121.433600,31.170100, 50,  0,0
130,2007-02-20 11:17:59,121.433300,31.171800, 34,  0,0
130,2007-02-20 11:18:15,121.433100,31.172800, 24,  0,0
130,2007-02-20 11:18:32,121.433000,31.173800, 36,  0,0
130,2007-02-20 11:18:48,121.432800,31.175300, 34,  0,0
130,2007-02-20 11:19:04,121.433000,31.176600, 34,  0,0
130,2007-02-20 11:19:39,121.432800,31.176500, 20, 90,0
130,2007-02-20 11:20:00,121.433600,31.176000, 34, 45,0
130,2007-02-20 11:21:01,121.434500,31.176000,  0,157,0
130,2007-02-20 11:22:02,121.434500,31.175800,  0,157,0
130,2007-02-20 11:23:03,121.434500,31.175800,  0,157,0
130,2007-02-20 11:24:01,121.434100,31.176100, 18,135,1
130,2007-02-20 11:25:01,121.430800,31.177100, 42,  0,1
130,2007-02-20 11:26:02,121.431500,31.181500, 34,  0,1
130,2007-02-20 11:27:03,121.436000,31.179500,  0, 45,1
130,2007-02-20 11:28:04,121.436500,31.179600, 32, 22,1
130,2007-02-20 11:29:05,121.442800,31.184300, 50, 22,1
130,2007-02-20 11:30:06,121.445800,31.186800,  0, 22,1
130,2007-02-20 11:31:07,121.449600,31.188100, 64, 45,1
130,2007-02-20 11:32:08,121.457600,31.191800, 52, 22,1
130,2007-02-20 11:33:09,121.465800,31.196600, 66, 22,1
130,2007-02-20 11:34:10,121.473100,31.199100, 56,  0,1
130,2007-02-20 11:36:12,121.466100,31.217100, 72,  0,1
130,2007-02-20 11:37:13,121.467300,31.223100, 12,  0,1
130,2007-02-20 11:38:14,121.463600,31.227500, 16, 22,1
130,2007-02-20 11:39:15,121.464300,31.227600, 40,135,1
130,2007-02-20 11:39:59,121.463600,31.227300,  0,112,0
130,2007-02-20 11:40:54,121.463500,31.227600,  2,157,0
130,2007-02-20 11:41:23,121.463000,31.228600, 14,  0,0
130,2007-02-20 11:42:24,121.463000,31.228800, 10,  0,0
130,2007-02-20 11:42:44,121.462600,31.230000, 32,  0,0
130,2007-02-20 11:43:00,121.462600,31.231600, 54,  0,0
130,2007-02-20 11:43:16,121.462500,31.233000, 30,  0,0
130,2007-02-20 11:43:48,121.461800,31.236100, 70,  0,0
130,2007-02-20 11:44:20,121.459100,31.241100, 62,  0,0
130,2007-02-20 11:44:36,121.458100,31.243800, 72,  0,0
130,2007-02-20 11:44:52,121.457800,31.246800, 86,  0,0
130,2007-02-20 11:45:08,121.458500,31.249800, 68,  0,0
130,2007-02-20 11:45:24,121.459000,31.252500, 66,  0,0
130,2007-02-20 11:45:40,121.459100,31.255000, 72,  0,0
130,2007-02-20 11:45:56,121.459100,31.257500, 70,  0,0
130,2007-02-20 11:46:12,121.458600,31.260500, 90,  0,0
130,2007-02-20 11:46:28,121.459000,31.263100, 76, 22,0
130,2007-02-20 11:46:44,121.462000,31.264600, 80, 22,0
130,2007-02-20 11:47:00,121.465100,31.266300, 92, 22,0
130,2007-02-20 11:47:16,121.468000,31.269100, 94, 22,0
130,2007-02-20 11:47:48,121.473000,31.274800, 88,  0,0
130,2007-02-20 11:48:20,121.476300,31.280000, 80, 22,0
130,2007-02-20 11:48:36,121.478300,31.282100, 70,  0,0
130,2007-02-20 11:48:52,121.478500,31.284600, 78,  0,0
130,2007-02-20 11:49:08,121.479500,31.288000, 98,  0,0
130,2007-02-20 11:49:24,121.481000,31.291000, 88, 22,0
130,2007-02-20 11:49:40,121.483800,31.293300, 82, 22,0
130,2007-02-20 11:49:56,121.485000,31.296100, 78,  0,0
130,2007-02-20 11:50:12,121.483600,31.299000, 86,  0,0
130,2007-02-20 11:50:44,121.481000,31.305600,104,  0,0
130,2007-02-20 11:51:00,121.480800,31.309100,108,  0,0
130,2007-02-20 11:51:16,121.481000,31.313500, 92,  0,0
130,2007-02-20 11:51:32,121.481000,31.316300, 76,  0,0
130,2007-02-20 11:51:48,121.481000,31.319100, 80,  0,0
130,2007-02-20 11:52:04,121.480800,31.321500, 28,  0,0
130,2007-02-20 11:52:53,121.478800,31.322500, 48,135,0
130,2007-02-20 11:53:09,121.476300,31.322500, 48,135,0
130,2007-02-20 11:53:25,121.474100,31.322600, 50,135,0
130,2007-02-20 11:53:41,121.471800,31.322800, 36,135,0
130,2007-02-20 11:54:02,121.471500,31.323500, 40,  0,0
130,2007-02-20 11:54:18,121.470800,31.325500, 76,  0,0
130,2007-02-20 11:54:50,121.470500,31.330500, 46,  0,0
130,2007-02-20 11:55:06,121.470500,31.332600, 68,  0,0
130,2007-02-20 11:55:22,121.470300,31.334600, 46,  0,0
130,2007-02-20 11:55:38,121.470300,31.336000, 34,  0,0
130,2007-02-20 11:55:58,121.470000,31.336800, 26,135,0
130,2007-02-20 11:56:14,121.468600,31.336300, 18, 90,0
130,2007-02-20 11:56:30,121.468600,31.335000, 36, 90,0
130,2007-02-20 11:56:54,121.469500,31.334600, 16, 90,0
130,2007-02-20 11:57:55,121.469800,31.334300,  0, 45,0
130,2007-02-20 11:58:56,121.469800,31.334500,  0, 45,0
130,2007-02-20 11:59:57,121.469800,31.334500,  0, 45,0
130,2007-02-20 12:00:58,121.469800,31.334500,  0, 45,0
130,2007-02-20 12:01:59,121.469800,31.334500,  0, 45,0
130,2007-02-20 12:03:00,121.469800,31.334500,  0, 45,0
130,2007-02-20 12:04:01,121.469800,31.334500,  0, 45,0
130,2007-02-20 12:05:02,121.469800,31.334500,  0, 45,0
130,2007-02-20 12:06:03,121.469800,31.334100,  0, 45,0
130,2007-02-20 12:07:04,121.469800,31.334100,  0, 45,0
130,2007-02-20 12:08:05,121.469800,31.334100,  0, 45,0
130,2007-02-20 12:09:06,121.469800,31.334100,  0, 45,0
130,2007-02-20 12:10:07,121.469800,31.334100,  0, 45,0
130,2007-02-20 12:11:08,121.469800,31.334100,  0, 45,0
130,2007-02-20 12:12:09,121.469800,31.334100,  0, 45,0
130,2007-02-20 12:13:10,121.469800,31.334600,  0, 45,0
130,2007-02-20 12:14:11,121.469800,31.334600,  0, 45,0
130,2007-02-20 12:15:12,121.469800,31.334600,  0, 45,0
130,2007-02-20 12:16:13,121.469800,31.334600,  0, 45,0
