117,2007-02-20 00:00:44,121.520000,31.259300,  0, 22,0
117,2007-02-20 00:01:45,121.520000,31.259300,  0, 22,0
117,2007-02-20 00:02:46,121.521800,31.260300, 32, 22,0
117,2007-02-20 00:03:47,121.524800,31.257800, 36, 67,0
117,2007-02-20 00:04:48,121.527300,31.255100, 22, 67,0
117,2007-02-20 00:05:49,121.529600,31.255500, 26, 22,0
117,2007-02-20 00:06:50,121.532800,31.257300, 30, 22,0
117,2007-02-20 00:07:51,121.533500,31.260000, 24,157,0
117,2007-02-20 00:08:52,121.532100,31.261600,  0,157,0
117,2007-02-20 00:10:06,121.530300,31.263500,  0,157,1
117,2007-02-20 00:12:08,121.522100,31.260600, 26,135,1
117,2007-02-20 00:13:09,121.517500,31.257600, 32,112,1
117,2007-02-20 00:14:10,121.514100,31.257100,  0,  0,1
117,2007-02-20 00:14:20,121.514100,31.257100,  0,  0,0
117,2007-02-20 00:15:21,121.516000,31.258300, 22, 22,0
117,2007-02-20 00:16:22,121.518600,31.260000, 18, 22,0
117,2007-02-20 00:17:23,121.520500,31.259600, 20, 22,0
117,2007-02-20 00:19:25,121.526600,31.256100, 26, 67,0
117,2007-02-20 00:20:26,121.529000,31.255100, 36, 45,0
117,2007-02-20 00:21:27,121.532300,31.257000, 42, 22,0
117,2007-02-20 00:22:28,121.533500,31.259800, 30,157,0
117,2007-02-20 00:23:29,121.530800,31.263500, 16,157,0
117,2007-02-20 00:24:30,121.531000,31.262600, 16,112,0
117,2007-02-20 00:25:31,121.530300,31.262300, 32, 22,0
117,2007-02-20 00:26:32,121.531800,31.264800, 18, 22,0
117,2007-02-20 00:27:33,121.532800,31.265300,  0, 22,0
117,2007-02-20 00:28:34,121.535800,31.268300,  4, 22,0
117,2007-02-20 00:29:35,121.538000,31.267000,  0,157,0
117,2007-02-20 00:30:04,121.537300,31.267500, 32,157,1
117,2007-02-20 00:31:05,121.533600,31.266500, 54,112,1
117,2007-02-20 00:32:06,121.528800,31.266000, 46,157,1
117,2007-02-20 00:33:07,121.533600,31.264300, 74, 67,1
117,2007-02-20 00:35:09,121.551500,31.250000, 52, 45,1
117,2007-02-20 00:37:11,121.550100,31.255500,  0,112,1
117,2007-02-20 00:38:12,121.547100,31.253000,  4,112,1
117,2007-02-20 00:39:13,121.544100,31.250100, 46,112,1
117,2007-02-20 00:40:14,121.540300,31.248000, 20,112,1
117,2007-02-20 00:41:15,121.539500,31.245100,  0, 67,1
117,2007-02-20 00:42:16,121.541300,31.242600, 34, 67,1
117,2007-02-20 00:43:17,121.543000,31.240300, 44, 67,1
117,2007-02-20 00:44:18,121.543500,31.239600,  0, 67,1
117,2007-02-20 00:44:56,121.544100,31.238300,  0, 90,0
117,2007-02-20 00:46:58,121.543000,31.240500, 24,157,0
117,2007-02-20 00:47:59,121.541000,31.243300, 18,157,0
117,2007-02-20 00:49:00,121.538800,31.246500, 22,157,0
117,2007-02-20 00:50:01,121.542500,31.248600, 48, 22,0
117,2007-02-20 00:51:02,121.544600,31.250100, 24, 22,0
117,2007-02-20 00:52:03,121.548600,31.254300, 40, 22,0
117,2007-02-20 00:53:04,121.552100,31.251000, 40,112,0
117,2007-02-20 00:54:05,121.545300,31.254000, 56,157,0
117,2007-02-20 00:55:06,121.538100,31.259600, 54,157,0
117,2007-02-20 00:56:07,121.533000,31.265800, 50,157,0
117,2007-02-20 00:59:10,121.538500,31.270100,  0, 22,0
117,2007-02-20 00:59:30,121.538800,31.270300, 34, 22,1
117,2007-02-20 01:00:31,121.538100,31.272300, 42,157,1
117,2007-02-20 01:01:32,121.536000,31.274100, 12,135,1
117,2007-02-20 01:02:33,121.531600,31.277000, 50,  0,1
117,2007-02-20 01:03:34,121.528300,31.282800, 48,157,1
117,2007-02-20 01:04:21,121.526600,31.284500,  0, 67,0
117,2007-02-20 01:05:22,121.529100,31.281100, 38, 67,0
117,2007-02-20 01:06:23,121.530300,31.278800,  8, 67,0
117,2007-02-20 01:07:24,121.533000,31.275000, 32, 67,0
117,2007-02-20 01:08:25,121.535000,31.273800, 44, 22,0
117,2007-02-20 01:09:26,121.538000,31.275500, 32, 22,0
117,2007-02-20 01:10:27,121.540300,31.274600, 10, 67,0
117,2007-02-20 01:11:28,121.544800,31.271100,  8, 45,0
117,2007-02-20 01:11:57,121.544500,31.271300, 26,157,1
117,2007-02-20 01:13:58,121.537100,31.279300, 50,157,1
117,2007-02-20 01:15:00,121.532000,31.286300, 56,157,1
117,2007-02-20 01:16:59,121.531100,31.296100, 48, 22,1
117,2007-02-20 01:17:15,121.532300,31.297000,  0, 22,0
117,2007-02-20 01:19:17,121.536600,31.299600, 42, 67,0
117,2007-02-20 01:20:18,121.539500,31.296300,  0, 67,0
117,2007-02-20 01:21:19,121.538500,31.292100, 40,112,0
117,2007-02-20 01:22:20,121.535500,31.287500, 38, 67,0
117,2007-02-20 01:23:21,121.537800,31.284100, 40, 90,0
117,2007-02-20 01:24:21,121.537800,31.280800, 30,112,0
117,2007-02-20 01:25:23,121.536800,31.280100,  0,112,0
117,2007-02-20 01:26:24,121.538800,31.276600,  0, 67,0
117,2007-02-20 01:28:26,121.545500,31.270800, 34, 67,0
117,2007-02-20 01:29:27,121.550000,31.271500, 34, 22,0
117,2007-02-20 01:30:27,121.554000,31.274600, 20, 45,0
117,2007-02-20 01:31:28,121.558000,31.274500, 22, 22,0
117,2007-02-20 01:32:30,121.558500,31.276600,  0,  0,0
117,2007-02-20 01:33:31,121.558500,31.276600,  0,  0,0
117,2007-02-20 01:34:32,121.558500,31.276600,  0,  0,0
117,2007-02-20 01:36:34,121.558500,31.276600,  0,  0,0
117,2007-02-20 01:37:35,121.558500,31.276600,  0,  0,0
117,2007-02-20 01:38:36,121.558500,31.276600,  0,  0,0
117,2007-02-20 01:39:37,121.558500,31.276600,  0,  0,0
117,2007-02-20 01:40:37,121.558500,31.276600,  0,  0,0
117,2007-02-20 01:41:38,121.558500,31.276600,  0,  0,0
117,2007-02-20 01:42:39,121.558500,31.276600,  0,  0,0
117,2007-02-20 01:43:40,121.558500,31.276600,  0,  0,0
117,2007-02-20 01:44:41,121.558500,31.276600,  0,  0,0
117,2007-02-20 01:45:42,121.558500,31.276600,  0,  0,0
117,2007-02-20 01:46:43,121.558500,31.276600,  0,  0,0
117,2007-02-20 01:47:44,121.558500,31.276600,  0,  0,0
117,2007-02-20 01:48:45,121.558500,31.276600,  0,  0,0
117,2007-02-20 01:49:46,121.558500,31.276600,  0,  0,0
117,2007-02-20 01:50:47,121.558500,31.276600,  0,  0,0
117,2007-02-20 01:51:48,121.558300,31.276600,  0,  0,0
117,2007-02-20 01:53:50,121.558300,31.276600,  0,  0,0
117,2007-02-20 01:54:51,121.558300,31.276600,  0,  0,0
117,2007-02-20 01:55:52,121.558300,31.276600,  0,  0,0
117,2007-02-20 01:56:53,121.558300,31.276600,  0,  0,0
117,2007-02-20 01:57:54,121.558300,31.276600,  0,  0,0
117,2007-02-20 01:58:55,121.558300,31.276600,  0,  0,0
117,2007-02-20 01:59:56,121.558300,31.276600,  0,  0,0
117,2007-02-20 02:00:56,121.558300,31.276600,  0,  0,0
117,2007-02-20 02:01:58,121.558300,31.276600,  0,  0,0
117,2007-02-20 02:02:59,121.558300,31.276600,  0,  0,0
117,2007-02-20 02:04:00,121.558300,31.276600,  0,  0,0
117,2007-02-20 02:05:01,121.558300,31.276600,  0,  0,0
117,2007-02-20 02:06:02,121.558300,31.276600,  0,  0,0
117,2007-02-20 02:07:03,121.558300,31.276600,  0,  0,0
117,2007-02-20 02:08:04,121.558300,31.276600,  0,  0,0
117,2007-02-20 02:09:05,121.558300,31.276600,  0,  0,0
117,2007-02-20 02:10:06,121.558300,31.276600,  0,  0,0
117,2007-02-20 02:11:06,121.558300,31.276600,  0,  0,0
117,2007-02-20 02:12:08,121.558300,31.276600,  0,  0,0
117,2007-02-20 02:13:09,121.558300,31.276600,  0,  0,0
117,2007-02-20 02:14:10,121.558300,31.276600,  0,  0,0
117,2007-02-20 02:15:11,121.558300,31.276600,  0,  0,0
117,2007-02-20 02:16:11,121.558300,31.276600,  0,  0,0
117,2007-02-20 02:17:13,121.558300,31.276600,  0,  0,0
117,2007-02-20 02:18:14,121.558300,31.276600,  0,  0,0
117,2007-02-20 02:19:15,121.558500,31.276600,  0,  0,0
117,2007-02-20 02:20:16,121.558500,31.276600,  0,  0,0
117,2007-02-20 02:21:16,121.558600,31.276500,  0,157,0
117,2007-02-20 02:22:18,121.558600,31.276500,  0,157,0
117,2007-02-20 02:23:19,121.558600,31.276500,  0,157,0
117,2007-02-20 02:24:20,121.558600,31.276500,  0,157,0
117,2007-02-20 02:25:21,121.558600,31.276500,  0,157,0
117,2007-02-20 02:26:21,121.558600,31.276500,  0,157,0
117,2007-02-20 02:27:23,121.558600,31.276500,  0,157,0
117,2007-02-20 02:28:24,121.558600,31.276500,  0,157,0
117,2007-02-20 02:29:25,121.558600,31.276500,  0,157,0
117,2007-02-20 02:30:26,121.558600,31.276500,  0,157,0
117,2007-02-20 02:31:26,121.558600,31.276500,  0,157,0
117,2007-02-20 02:34:30,121.558600,31.276500,  0,157,0
117,2007-02-20 02:35:31,121.558600,31.276500,  0,157,0
117,2007-02-20 02:36:31,121.558600,31.276500,  0,157,0
117,2007-02-20 02:37:33,121.558600,31.276500,  0,157,0
117,2007-02-20 02:38:34,121.558600,31.276500,  0,157,0
117,2007-02-20 02:40:36,121.558600,31.276500,  0,157,0
117,2007-02-20 02:41:36,121.558600,31.276500,  0,157,0
117,2007-02-20 02:42:38,121.558600,31.276500,  0,157,0
117,2007-02-20 02:43:39,121.558600,31.276500,  0,157,0
117,2007-02-20 02:44:40,121.558600,31.276500,  0,157,0
117,2007-02-20 02:45:41,121.558600,31.276500,  0,157,0
117,2007-02-20 02:46:41,121.558600,31.276500,  0,157,0
117,2007-02-20 02:47:43,121.558600,31.276500,  0,157,0
117,2007-02-20 02:48:44,121.558600,31.276500,  0,157,0
117,2007-02-20 02:49:45,121.558600,31.276500,  0,157,0
117,2007-02-20 02:50:46,121.558600,31.276500,  0,157,0
117,2007-02-20 02:51:46,121.558600,31.276500,  0,157,0
117,2007-02-20 02:52:48,121.558600,31.276500,  0,157,0
117,2007-02-20 02:53:49,121.558500,31.276500,  0,157,0
117,2007-02-20 02:54:50,121.558500,31.276500,  0,157,0
117,2007-02-20 02:55:51,121.558500,31.276500,  0,157,0
117,2007-02-20 02:56:51,121.558500,31.276500,  0,157,0
117,2007-02-20 02:57:53,121.558500,31.276500,  0,157,0
117,2007-02-20 02:58:54,121.558500,31.276500,  0,157,0
117,2007-02-20 02:59:55,121.558500,31.276500,  0,157,0
117,2007-02-20 03:00:56,121.558500,31.276500,  0,157,0
117,2007-02-20 03:01:56,121.558500,31.276500,  0,157,0
117,2007-02-20 03:02:58,121.558500,31.276500,  0,157,0
117,2007-02-20 03:03:59,121.558500,31.276500,  0,157,0
117,2007-02-20 03:05:00,121.558500,31.276500,  0,157,0
117,2007-02-20 03:06:01,121.558500,31.276500,  0,157,0
117,2007-02-20 03:07:01,121.558500,31.276500,  0,157,0
117,2007-02-20 03:08:03,121.558500,31.276500,  0,157,0
117,2007-02-20 03:09:04,121.558500,31.276500,  0,157,0
117,2007-02-20 03:10:05,121.558500,31.276500,  0,157,0
117,2007-02-20 03:11:06,121.558500,31.276500,  0,157,0
117,2007-02-20 03:12:06,121.558500,31.276500,  0,157,0
117,2007-02-20 03:13:08,121.558500,31.276500,  0,157,0
117,2007-02-20 03:14:09,121.558500,31.276500,  0,157,0
117,2007-02-20 03:15:10,121.558500,31.276500,  0,157,0
117,2007-02-20 03:16:11,121.558500,31.276500,  0,157,0
117,2007-02-20 03:17:11,121.558500,31.276500,  0,157,0
117,2007-02-20 03:18:13,121.558500,31.276500,  0,157,0
117,2007-02-20 03:19:14,121.558500,31.276500,  0,157,0
117,2007-02-20 03:20:15,121.558500,31.276500,  0,157,0
117,2007-02-20 03:21:16,121.558500,31.276500,  0,157,0
117,2007-02-20 03:22:16,121.558500,31.276500,  0,157,0
117,2007-02-20 03:23:18,121.558500,31.276500,  0,157,0
117,2007-02-20 03:24:19,121.558500,31.276500,  0,157,0
117,2007-02-20 03:25:20,121.558500,31.276500,  0,157,0
117,2007-02-20 03:26:21,121.558500,31.276500,  0,157,0
117,2007-02-20 03:27:21,121.558500,31.276500,  0,157,0
117,2007-02-20 03:28:23,121.558500,31.276500,  0,157,0
117,2007-02-20 03:29:24,121.558500,31.276500,  0,157,0
117,2007-02-20 03:30:25,121.558500,31.276500,  0,157,0
117,2007-02-20 03:31:26,121.558500,31.276500,  0,157,0
117,2007-02-20 03:32:26,121.558500,31.276500,  0,157,0
117,2007-02-20 03:33:28,121.558500,31.276500,  0,157,0
117,2007-02-20 03:34:29,121.558500,31.276500,  0,157,0
117,2007-02-20 03:35:30,121.558500,31.276500,  0,157,0
117,2007-02-20 03:36:31,121.558500,31.276500,  0,157,0
117,2007-02-20 03:37:31,121.558500,31.276500,  0,157,0
117,2007-02-20 03:38:33,121.558500,31.276500,  0,157,0
117,2007-02-20 03:39:34,121.558500,31.276500,  0,157,0
117,2007-02-20 03:40:35,121.558500,31.276500,  0,157,0
117,2007-02-20 03:41:36,121.558500,31.276500,  0,157,0
117,2007-02-20 03:42:36,121.558500,31.276500,  0,157,0
117,2007-02-20 03:43:38,121.558500,31.276500,  0,157,0
117,2007-02-20 03:44:39,121.558500,31.276500,  0,157,0
117,2007-02-20 03:45:40,121.558500,31.276500,  0,157,0
117,2007-02-20 03:46:41,121.558500,31.276500,  0,157,0
117,2007-02-20 03:47:41,121.558500,31.276500,  0,157,0
117,2007-02-20 03:48:43,121.558500,31.276500,  0,157,0
117,2007-02-20 03:49:44,121.558500,31.276500,  0,157,0
117,2007-02-20 03:50:45,121.558500,31.276500,  0,157,0
117,2007-02-20 03:51:46,121.558500,31.276500,  0,157,0
117,2007-02-20 03:53:48,121.558500,31.276500,  0,157,0
117,2007-02-20 03:54:49,121.558500,31.276500,  0,157,0
117,2007-02-20 03:55:50,121.558500,31.276500,  0,157,0
117,2007-02-20 03:56:51,121.558500,31.276500,  0,157,0
117,2007-02-20 03:57:51,121.558500,31.276500,  0,157,0
117,2007-02-20 03:58:53,121.558500,31.276500,  0,157,0
117,2007-02-20 03:59:54,121.558500,31.276500,  0,157,0
117,2007-02-20 04:00:55,121.558500,31.276500,  0,157,0
117,2007-02-20 04:01:56,121.558500,31.276500,  0,157,0
117,2007-02-20 04:02:56,121.558500,31.276500,  0,157,0
117,2007-02-20 04:03:58,121.558500,31.276500,  0,157,0
117,2007-02-20 04:04:59,121.558500,31.276500,  0,157,0
117,2007-02-20 04:06:00,121.558500,31.276500,  0,157,0
117,2007-02-20 04:07:01,121.558500,31.276500,  0,157,0
117,2007-02-20 04:08:01,121.558500,31.276500,  0,157,0
117,2007-02-20 04:09:03,121.558500,31.276500,  0,157,0
117,2007-02-20 04:10:04,121.558500,31.276500,  0,157,0
117,2007-02-20 04:11:05,121.558500,31.276500,  0,157,0
117,2007-02-20 04:12:06,121.558500,31.276500,  0,157,0
117,2007-02-20 04:13:06,121.558500,31.276500,  0,157,0
117,2007-02-20 04:14:08,121.558500,31.276500,  0,157,0
117,2007-02-20 04:15:08,121.558500,31.276500,  0,157,0
117,2007-02-20 04:16:09,121.558500,31.276500,  0,157,0
117,2007-02-20 04:17:10,121.558500,31.276500,  0,157,0
117,2007-02-20 04:18:11,121.558500,31.276500,  0,157,0
117,2007-02-20 04:19:12,121.558500,31.276500,  0,157,0
117,2007-02-20 04:20:13,121.558500,31.276500,  0,157,0
117,2007-02-20 04:21:14,121.558500,31.276500,  0,157,0
117,2007-02-20 04:22:15,121.558500,31.276500,  0,157,0
117,2007-02-20 04:23:16,121.558500,31.276500,  0,157,0
117,2007-02-20 04:24:17,121.558500,31.276500,  0,157,0
117,2007-02-20 04:25:18,121.558500,31.276500,  0,157,0
117,2007-02-20 04:26:19,121.558500,31.276500,  0,157,0
117,2007-02-20 04:27:20,121.558500,31.276500,  0,157,0
117,2007-02-20 04:28:21,121.558500,31.276500,  0,157,0
117,2007-02-20 04:29:22,121.558500,31.276500,  0,157,0
117,2007-02-20 04:31:24,121.558500,31.276500,  0,157,0
117,2007-02-20 04:32:25,121.558500,31.276500,  0,157,0
117,2007-02-20 04:33:26,121.558500,31.276500,  0,157,0
117,2007-02-20 04:34:27,121.558500,31.276500,  0,157,0
117,2007-02-20 04:35:28,121.558500,31.276500,  0,157,0
117,2007-02-20 04:36:29,121.558500,31.276500,  0,157,0
117,2007-02-20 04:38:31,121.558500,31.276500,  0,157,0
117,2007-02-20 04:40:33,121.558500,31.276500,  0,157,0
117,2007-02-20 04:41:34,121.558500,31.276500,  0,157,0
117,2007-02-20 04:42:35,121.558500,31.276500,  0,157,0
117,2007-02-20 04:43:36,121.558500,31.276500,  0,157,0
117,2007-02-20 04:44:37,121.558500,31.276500,  0,157,0
117,2007-02-20 04:45:38,121.558500,31.276500,  0,157,0
117,2007-02-20 04:46:39,121.558500,31.276500,  0,157,0
117,2007-02-20 04:47:40,121.558500,31.276500,  0,157,0
117,2007-02-20 04:48:41,121.558500,31.276500,  0,157,0
117,2007-02-20 04:49:42,121.558500,31.276500,  0,157,0
117,2007-02-20 04:50:43,121.558500,31.276500,  0,157,0
117,2007-02-20 04:52:45,121.558500,31.276500,  0,157,0
117,2007-02-20 04:53:46,121.558500,31.276500,  0,157,0
117,2007-02-20 04:54:47,121.558500,31.276500,  0,157,0
117,2007-02-20 04:55:48,121.558500,31.276500,  0,157,0
117,2007-02-20 04:56:49,121.558500,31.276500,  0,157,0
117,2007-02-20 04:57:50,121.558500,31.276500,  0,157,0
117,2007-02-20 04:58:51,121.558500,31.276500,  0,157,0
117,2007-02-20 05:00:53,121.558500,31.276500,  0,157,0
117,2007-02-20 05:01:54,121.558500,31.276500,  0,157,0
117,2007-02-20 05:02:55,121.558500,31.276500,  0,157,0
117,2007-02-20 05:03:56,121.558300,31.276600,  0,157,0
117,2007-02-20 05:04:57,121.558300,31.276600,  0,157,0
117,2007-02-20 05:05:58,121.558300,31.276600,  0,157,0
117,2007-02-20 05:06:59,121.558300,31.276600,  0,157,0
117,2007-02-20 05:08:00,121.558300,31.276600,  0,157,0
117,2007-02-20 05:09:01,121.558300,31.276600,  0,157,0
117,2007-02-20 05:10:02,121.558300,31.276600,  0,157,0
117,2007-02-20 05:11:03,121.558300,31.276600,  0,157,0
117,2007-02-20 05:12:04,121.558300,31.276600,  0,157,0
117,2007-02-20 05:14:06,121.558300,31.276600,  0,157,0
117,2007-02-20 05:15:07,121.558300,31.276800,  0,157,0
117,2007-02-20 05:16:08,121.558300,31.276800,  0,157,0
117,2007-02-20 05:17:09,121.558300,31.276800,  0,157,0
117,2007-02-20 05:18:10,121.558300,31.276600,  0,157,0
117,2007-02-20 05:19:11,121.558300,31.276600,  0,157,0
117,2007-02-20 05:20:12,121.558300,31.276600,  0,157,0
117,2007-02-20 05:22:14,121.558300,31.276600,  0,157,0
117,2007-02-20 05:23:15,121.558300,31.276600,  0,157,0
117,2007-02-20 05:24:16,121.558300,31.276600,  0,157,0
117,2007-02-20 05:25:17,121.558300,31.276600,  0,157,0
117,2007-02-20 05:26:18,121.558300,31.276600,  0,157,0
117,2007-02-20 05:27:19,121.558500,31.276600,  0,157,0
117,2007-02-20 05:28:20,121.558500,31.276600,  0,157,0
117,2007-02-20 05:29:21,121.558500,31.276600,  0,157,0
117,2007-02-20 05:30:22,121.558500,31.276600,  0,157,0
117,2007-02-20 05:32:24,121.558500,31.276600,  0,157,0
117,2007-02-20 05:33:25,121.558500,31.276600,  0,157,0
117,2007-02-20 05:34:26,121.558500,31.276600,  0,157,0
117,2007-02-20 05:35:27,121.558500,31.276600,  0,157,0
117,2007-02-20 05:36:28,121.558500,31.276600,  0,157,0
117,2007-02-20 05:37:29,121.558500,31.276600,  0,157,0
117,2007-02-20 05:38:30,121.558500,31.276600,  0,157,0
117,2007-02-20 05:39:31,121.558500,31.276600,  0,157,0
117,2007-02-20 05:40:32,121.558500,31.276600,  0,157,0
117,2007-02-20 05:41:33,121.558500,31.276600,  0,157,0
117,2007-02-20 05:42:34,121.558500,31.276600,  0,157,0
117,2007-02-20 05:45:37,121.558300,31.276600,  0,157,0
117,2007-02-20 05:46:38,121.558300,31.276600,  0,157,0
117,2007-02-20 05:47:39,121.558300,31.276600,  0,157,0
117,2007-02-20 05:48:40,121.558300,31.276600,  0,157,0
117,2007-02-20 05:50:42,121.558300,31.276600,  0,157,0
117,2007-02-20 05:51:43,121.558300,31.276600,  0,157,0
117,2007-02-20 05:52:44,121.558300,31.276600,  0,157,0
117,2007-02-20 05:53:45,121.558100,31.276600,  0,  0,0
117,2007-02-20 05:54:46,121.558100,31.276600,  0,  0,0
117,2007-02-20 05:56:48,121.558100,31.276600,  0,  0,0
117,2007-02-20 05:57:49,121.558100,31.276600,  0,  0,0
117,2007-02-20 05:58:50,121.558100,31.276600,  0,  0,0
117,2007-02-20 05:59:51,121.558100,31.276600,  0,  0,0
117,2007-02-20 06:00:52,121.558100,31.276600,  0,  0,0
117,2007-02-20 06:01:53,121.558100,31.276600,  0,  0,0
117,2007-02-20 06:02:54,121.558100,31.276600,  0,  0,0
117,2007-02-20 06:03:55,121.558100,31.276600,  0,  0,0
117,2007-02-20 06:04:56,121.558100,31.276600,  0,  0,0
117,2007-02-20 06:05:57,121.558100,31.276600,  0,  0,0
117,2007-02-20 06:06:58,121.558100,31.276600,  0,  0,0
117,2007-02-20 06:07:59,121.558100,31.276600,  0,  0,0
117,2007-02-20 06:09:00,121.558100,31.276600,  0,  0,0
117,2007-02-20 06:10:01,121.558100,31.276600,  0,  0,0
117,2007-02-20 06:11:02,121.558100,31.276600,  0,  0,0
117,2007-02-20 06:12:03,121.558100,31.276600,  0,  0,0
117,2007-02-20 06:13:04,121.558100,31.276600,  0,135,0
117,2007-02-20 06:14:05,121.558300,31.276600,  0,135,0
117,2007-02-20 06:15:06,121.558300,31.276600,  0,135,0
117,2007-02-20 06:16:07,121.558300,31.276600,  0,135,0
117,2007-02-20 06:17:08,121.558300,31.276600,  0,135,0
117,2007-02-20 06:18:09,121.558300,31.276600,  0,135,0
117,2007-02-20 06:19:10,121.558300,31.276600,  0,135,0
117,2007-02-20 06:20:11,121.558300,31.276600,  0,135,0
117,2007-02-20 06:22:13,121.558100,31.276500,  0,135,0
117,2007-02-20 06:23:14,121.558100,31.276500,  0,135,0
117,2007-02-20 06:24:15,121.558100,31.276500,  0,135,0
117,2007-02-20 06:25:16,121.558100,31.276500,  0,135,0
117,2007-02-20 06:26:17,121.558100,31.276500,  0,135,0
117,2007-02-20 06:27:18,121.558100,31.276500,  0,135,0
117,2007-02-20 06:28:19,121.558100,31.276500,  0,135,0
117,2007-02-20 06:29:20,121.558100,31.276500,  0,135,0
117,2007-02-20 06:30:21,121.558100,31.276500,  0,135,0
117,2007-02-20 06:32:23,121.558100,31.276500,  0,135,0
117,2007-02-20 06:33:24,121.558500,31.276100,  0,135,0
117,2007-02-20 06:34:25,121.558600,31.276300,  4, 67,0
117,2007-02-20 06:35:26,121.558500,31.276300,  0, 45,0
117,2007-02-20 06:36:26,121.558300,31.276300,  0, 45,0
117,2007-02-20 06:37:27,121.558300,31.276300,  0, 45,0
117,2007-02-20 06:38:28,121.558500,31.276300,  0, 45,0
117,2007-02-20 06:39:29,121.558500,31.276300,  0, 45,0
117,2007-02-20 06:40:30,121.558500,31.276300,  0, 45,0
117,2007-02-20 06:41:31,121.558500,31.276300,  0, 45,0
117,2007-02-20 06:42:32,121.558500,31.276300,  0, 45,0
117,2007-02-20 06:43:33,121.558500,31.276300,  0, 45,0
117,2007-02-20 06:44:34,121.558500,31.276300,  0, 45,0
117,2007-02-20 06:46:36,121.558500,31.276300,  0, 45,0
117,2007-02-20 06:47:37,121.558500,31.276300,  0, 45,0
117,2007-02-20 06:48:38,121.558500,31.276300,  0, 45,0
117,2007-02-20 06:49:39,121.556100,31.273100, 32,135,0
117,2007-02-20 06:50:40,121.552500,31.273500, 26,112,0
117,2007-02-20 06:51:41,121.546000,31.269000, 36,112,0
117,2007-02-20 06:52:42,121.544600,31.268100,  0,135,0
117,2007-02-20 06:53:43,121.544600,31.268100,  0,135,0
117,2007-02-20 06:54:44,121.544600,31.268100,  0,135,0
117,2007-02-20 06:55:45,121.544600,31.268100,  0,135,0
117,2007-02-20 06:56:46,121.544600,31.268300,  0,112,0
117,2007-02-20 06:57:47,121.544600,31.268300,  0,112,0
117,2007-02-20 06:58:48,121.544600,31.268100,  6,112,0
117,2007-02-20 06:59:49,121.539800,31.263800, 50,112,0
117,2007-02-20 07:00:50,121.534500,31.258800, 32,112,0
117,2007-02-20 07:01:51,121.530800,31.256100,  0,112,0
117,2007-02-20 07:02:00,121.530600,31.256000, 20,135,1
117,2007-02-20 07:03:00,121.525600,31.260600, 58,157,1
117,2007-02-20 07:04:01,121.522300,31.265300, 46,157,1
117,2007-02-20 07:05:02,121.517600,31.268500, 34,157,1
117,2007-02-20 07:06:03,121.515800,31.272100,  0,  0,1
117,2007-02-20 07:07:04,121.514800,31.274800, 44,  0,1
117,2007-02-20 07:08:05,121.515800,31.279500, 52, 45,1
117,2007-02-20 07:08:24,121.517500,31.279800,  4, 22,0
117,2007-02-20 07:09:24,121.519100,31.280000, 28, 67,0
117,2007-02-20 07:10:25,121.517000,31.277800, 40,135,0
117,2007-02-20 07:11:26,121.514600,31.275100, 42, 90,0
117,2007-02-20 07:12:27,121.515500,31.272600,  0, 90,0
117,2007-02-20 07:13:28,121.516300,31.270100, 48, 67,0
117,2007-02-20 07:14:29,121.517000,31.265500, 52,112,0
117,2007-02-20 07:15:30,121.517300,31.263300,  0, 67,0
117,2007-02-20 07:16:31,121.516600,31.260100, 34,112,0
117,2007-02-20 07:17:32,121.516000,31.259800,  0,112,0
117,2007-02-20 07:18:33,121.516000,31.259800,  0,112,0
117,2007-02-20 07:19:34,121.516000,31.259800,  0,112,0
117,2007-02-20 07:20:35,121.516000,31.259800,  0,112,0
117,2007-02-20 07:21:36,121.516000,31.259800,  0,112,0
117,2007-02-20 07:22:37,121.516000,31.259800,  0,112,0
117,2007-02-20 07:23:38,121.516000,31.259800,  0,112,0
117,2007-02-20 07:24:39,121.516000,31.259800,  0,112,0
117,2007-02-20 07:25:40,121.516000,31.259800,  0,112,0
117,2007-02-20 07:26:41,121.516000,31.259800,  0,112,0
117,2007-02-20 07:27:42,121.516000,31.259800,  0,112,0
117,2007-02-20 07:28:43,121.516000,31.259800,  0,112,0
117,2007-02-20 07:29:44,121.516000,31.259800,  0,112,0
117,2007-02-20 07:30:45,121.516000,31.259800,  0,112,0
117,2007-02-20 07:31:46,121.516000,31.259800,  0,112,0
117,2007-02-20 07:33:48,121.516000,31.259800,  0,112,0
117,2007-02-20 07:34:49,121.516000,31.259800,  0,112,0
117,2007-02-20 07:36:51,121.516000,31.259800,  0,112,0
117,2007-02-20 07:37:52,121.516000,31.259800,  0,112,0
117,2007-02-20 07:38:53,121.508600,31.259800, 12,135,0
117,2007-02-20 07:40:55,121.502600,31.255600, 34,135,0
117,2007-02-20 07:42:57,121.498100,31.256600, 20, 90,0
117,2007-02-20 07:43:58,121.498300,31.256300,  0, 67,0
117,2007-02-20 07:44:59,121.498300,31.256300,  0, 67,0
117,2007-02-20 07:46:00,121.498300,31.256300,  0, 67,0
117,2007-02-20 07:48:02,121.499300,31.254300, 14, 67,0
117,2007-02-20 07:49:03,121.500300,31.252800,  6, 67,0
117,2007-02-20 07:50:04,121.503100,31.253500, 26, 45,0
117,2007-02-20 07:51:05,121.506000,31.253500,  0, 67,0
117,2007-02-20 07:52:06,121.511500,31.253500, 32, 45,0
117,2007-02-20 07:53:07,121.513300,31.253800, 38, 45,0
117,2007-02-20 07:54:08,121.520600,31.254500,  0, 45,0
117,2007-02-20 07:55:09,121.526600,31.254800, 36, 45,0
117,2007-02-20 07:56:10,121.530600,31.255800, 22, 22,0
117,2007-02-20 07:57:11,121.534300,31.258500, 24, 22,0
117,2007-02-20 07:58:12,121.538800,31.262600, 58, 22,0
117,2007-02-20 07:59:13,121.544500,31.267600, 26, 22,0
117,2007-02-20 08:01:15,121.545000,31.267500,  0,135,0
117,2007-02-20 08:02:16,121.545000,31.267500,  0,135,0
117,2007-02-20 08:03:17,121.545100,31.268100, 28, 22,0
117,2007-02-20 08:04:18,121.550600,31.271800, 30, 22,0
117,2007-02-20 08:05:19,121.553600,31.274300, 20, 22,0
117,2007-02-20 08:06:20,121.558300,31.274800, 48,  0,0
117,2007-02-20 08:07:21,121.558500,31.276800, 10,  0,0
117,2007-02-20 08:08:22,121.557600,31.274000, 34,112,0
117,2007-02-20 08:09:23,121.554100,31.274600,  0,157,0
117,2007-02-20 08:10:24,121.552500,31.273500,  4,135,0
117,2007-02-20 08:11:25,121.548800,31.276300, 22,157,0
117,2007-02-20 08:12:26,121.544600,31.280000, 26,157,0
117,2007-02-20 08:13:27,121.539000,31.276300, 48,112,0
117,2007-02-20 08:14:13,121.535600,31.274000, 18,135,1
117,2007-02-20 08:15:52,121.524000,31.268800, 48,112,1
117,2007-02-20 08:16:53,121.517000,31.269500, 36,157,1
117,2007-02-20 08:17:54,121.515800,31.272100,  0,157,1
117,2007-02-20 08:18:55,121.514800,31.275100, 54,  0,1
117,2007-02-20 08:19:56,121.514100,31.276800,  0,157,1
117,2007-02-20 08:21:58,121.507300,31.275800, 38,135,1
117,2007-02-20 08:22:59,121.503600,31.274600, 38,157,1
117,2007-02-20 08:24:00,121.500300,31.277500, 32,157,1
117,2007-02-20 08:24:03,121.500100,31.277500, 16,157,0
117,2007-02-20 08:25:04,121.501500,31.277300, 26, 22,0
117,2007-02-20 08:26:05,121.504800,31.279500, 24, 22,0
117,2007-02-20 08:27:06,121.507100,31.278100,  0, 67,0
117,2007-02-20 08:28:07,121.507800,31.275500, 14, 90,0
117,2007-02-20 08:29:08,121.510000,31.271600, 34,112,0
117,2007-02-20 08:30:09,121.506000,31.272100, 34,157,0
117,2007-02-20 08:31:10,121.506300,31.275000, 30, 45,0
117,2007-02-20 08:32:11,121.509800,31.275800, 42, 45,0
117,2007-02-20 08:33:12,121.513800,31.276800,  0, 45,0
117,2007-02-20 08:34:13,121.513500,31.279000, 42,  0,0
117,2007-02-20 08:35:14,121.512500,31.281800, 20,  0,0
117,2007-02-20 08:36:15,121.509600,31.281600, 24,112,0
117,2007-02-20 08:36:35,121.509100,31.281300, 12,112,1
117,2007-02-20 08:38:37,121.502600,31.284100,  4,135,1
117,2007-02-20 08:39:38,121.500100,31.281000,  0, 90,1
117,2007-02-20 08:40:39,121.497300,31.277100, 44,112,1
117,2007-02-20 08:41:40,121.497000,31.276800,  0,112,1
117,2007-02-20 08:42:41,121.490600,31.271300, 76,112,1
117,2007-02-20 08:43:42,121.485300,31.264100, 54, 90,1
117,2007-02-20 08:44:43,121.485000,31.263100,  0, 90,1
117,2007-02-20 08:45:44,121.484100,31.261800, 16,112,1
117,2007-02-20 08:46:11,121.484000,31.261000,  4, 90,0
117,2007-02-20 08:47:12,121.482300,31.260500, 34,135,0
117,2007-02-20 08:48:13,121.478000,31.260000, 46,157,0
117,2007-02-20 08:49:14,121.475300,31.260800, 38,157,0
117,2007-02-20 08:50:15,121.474300,31.261600,  0,157,0
117,2007-02-20 08:51:16,121.472100,31.263500, 38,157,0
117,2007-02-20 08:52:17,121.468100,31.266500, 46,157,0
117,2007-02-20 08:53:18,121.463600,31.268000, 38,112,0
117,2007-02-20 08:54:19,121.461600,31.271000,  0,157,0
117,2007-02-20 08:55:20,121.461100,31.271600, 28,157,0
117,2007-02-20 08:56:21,121.459000,31.273000, 16,157,0
117,2007-02-20 08:57:22,121.457100,31.275300,  0,157,0
117,2007-02-20 08:58:23,121.454800,31.274800, 40,135,0
117,2007-02-20 08:59:24,121.451300,31.277600, 50,  0,0
117,2007-02-20 09:00:25,121.448800,31.277800,  0,112,0
117,2007-02-20 09:01:26,121.448000,31.280100, 38,  0,0
117,2007-02-20 09:02:27,121.447300,31.284600, 54,  0,0
117,2007-02-20 09:03:28,121.446000,31.293000, 64,  0,0
117,2007-02-20 09:04:29,121.441500,31.294000, 70,135,0
117,2007-02-20 09:32:10,121.437800,31.275300, 48, 22,0
117,2007-02-20 09:33:12,121.443000,31.273000, 40, 67,0
117,2007-02-20 09:34:13,121.446600,31.271600, 40, 22,0
117,2007-02-20 09:35:14,121.451300,31.272500, 38, 67,0
117,2007-02-20 09:36:15,121.452800,31.270000,  0, 45,0
117,2007-02-20 09:37:15,121.453500,31.266500, 24,135,0
117,2007-02-20 09:38:17,121.453300,31.266500, 16, 22,0
117,2007-02-20 09:39:18,121.454100,31.268800, 42,157,0
117,2007-02-20 09:40:19,121.451600,31.273500, 32, 22,0
117,2007-02-20 09:41:20,121.456600,31.275300, 18, 22,0
117,2007-02-20 09:42:20,121.458600,31.273000,  0, 67,0
117,2007-02-20 09:43:21,121.460500,31.273600, 26, 22,0
117,2007-02-20 09:44:22,121.463600,31.271100, 28, 67,0
117,2007-02-20 09:45:23,121.466500,31.267600, 24,112,0
117,2007-02-20 09:46:24,121.466300,31.265300, 42, 67,0
117,2007-02-20 09:47:24,121.466000,31.264100, 12, 22,1
117,2007-02-20 09:49:25,121.473000,31.266800,  0, 67,1
117,2007-02-20 09:50:26,121.474600,31.267300,  0, 45,1
117,2007-02-20 09:51:27,121.477100,31.266800, 44, 67,1
117,2007-02-20 09:51:55,121.479000,31.266000,  0,112,0
117,2007-02-20 09:52:55,121.479100,31.266000,  2, 22,0
117,2007-02-20 09:53:56,121.479000,31.262300, 36, 90,0
117,2007-02-20 09:54:57,121.481000,31.261100, 22, 22,0
117,2007-02-20 09:55:58,121.483600,31.262300, 26, 45,0
117,2007-02-20 09:56:59,121.484800,31.262600,  0, 22,0
117,2007-02-20 09:58:00,121.485300,31.263600, 42, 22,0
117,2007-02-20 09:59:01,121.487500,31.265500, 14, 45,0
117,2007-02-20 10:01:03,121.493300,31.260500,  6, 67,0
117,2007-02-20 10:02:04,121.493300,31.260500,  0, 67,0
117,2007-02-20 10:03:05,121.493600,31.259300, 30,112,0
117,2007-02-20 10:04:06,121.491800,31.259300,  0,  0,0
117,2007-02-20 10:05:07,121.491800,31.259300,  0,  0,0
117,2007-02-20 10:06:08,121.491800,31.259300,  0,  0,0
117,2007-02-20 10:07:09,121.491500,31.259800,  0,157,0
117,2007-02-20 10:07:16,121.491500,31.259800,  6,  0,1
117,2007-02-20 10:09:17,121.487600,31.255500, 30,135,1
117,2007-02-20 10:10:18,121.477600,31.252000, 54,112,1
117,2007-02-20 10:11:19,121.477100,31.251100,  0,112,1
117,2007-02-20 10:12:20,121.476800,31.249600, 10,112,1
117,2007-02-20 10:13:21,121.468100,31.247100, 28,135,1
117,2007-02-20 10:14:22,121.463100,31.246100, 48,135,1
117,2007-02-20 10:15:03,121.458800,31.246500, 14,157,0
117,2007-02-20 10:16:03,121.457300,31.247100, 14,157,0
117,2007-02-20 10:16:54,121.458300,31.246000, 10,157,1
117,2007-02-20 10:17:54,121.459300,31.246500, 28, 45,1
117,2007-02-20 10:19:56,121.459500,31.240000, 72, 90,1
117,2007-02-20 10:20:57,121.462300,31.231100, 52, 90,1
117,2007-02-20 10:22:59,121.449000,31.225300, 74,112,1
117,2007-02-20 10:25:01,121.426600,31.215100, 72,112,1
117,2007-02-20 10:26:02,121.416600,31.211000, 92,135,1
117,2007-02-20 10:27:03,121.405000,31.206300, 60,112,1
117,2007-02-20 10:28:04,121.393100,31.203300, 48,135,1
117,2007-02-20 10:29:05,121.388000,31.203100, 34,  0,1
117,2007-02-20 10:30:06,121.387800,31.207800, 36,  0,1
117,2007-02-20 10:30:25,121.387800,31.208500,  6, 45,0
117,2007-02-20 10:31:25,121.388500,31.208300, 12, 45,0
117,2007-02-20 10:31:26,121.388500,31.208300, 16, 45,1
117,2007-02-20 10:32:26,121.391500,31.209100, 54,  0,1
117,2007-02-20 10:33:27,121.391600,31.214800,  8,  0,1
117,2007-02-20 10:34:28,121.392100,31.215500, 48, 22,1
117,2007-02-20 10:35:29,121.394500,31.216800, 30, 45,1
117,2007-02-20 10:37:31,121.397000,31.219000, 48,  0,1
117,2007-02-20 10:44:42,121.423800,31.219100, 44, 45,0
117,2007-02-20 10:45:43,121.426300,31.220100,  6, 22,0
117,2007-02-20 10:46:25,121.429500,31.220000, 14, 45,1
117,2007-02-20 10:47:25,121.432800,31.219500,  0, 67,1
117,2007-02-20 10:48:26,121.433500,31.218600, 28, 67,1
117,2007-02-20 10:49:27,121.442100,31.222100, 72, 45,1
117,2007-02-20 10:50:28,121.449300,31.223300,  0, 45,1
117,2007-02-20 10:51:29,121.449300,31.223300,  0, 45,1
117,2007-02-20 10:52:30,121.458800,31.225600, 82, 45,1
117,2007-02-20 10:53:31,121.470000,31.228300, 62, 22,1
117,2007-02-20 10:54:32,121.481000,31.233000, 68, 45,1
117,2007-02-20 10:55:33,121.486500,31.236800, 58,157,1
117,2007-02-20 10:56:34,121.485500,31.244600, 48,  0,1
117,2007-02-20 10:57:35,121.487500,31.247600, 58, 22,1
117,2007-02-20 10:58:36,121.495600,31.251000,  0, 45,1
117,2007-02-20 11:00:38,121.504600,31.254100, 30, 22,1
117,2007-02-20 11:01:39,121.507100,31.256500, 30, 22,1
117,2007-02-20 11:02:40,121.507800,31.260600, 10,  0,1
117,2007-02-20 11:03:41,121.510000,31.261100,  0, 22,1
117,2007-02-20 11:04:42,121.511800,31.262800,  0, 22,1
117,2007-02-20 11:05:43,121.516500,31.263800, 36, 67,1
117,2007-02-20 11:06:44,121.519000,31.260600, 28, 90,1
117,2007-02-20 11:08:46,121.525000,31.261500, 54, 45,1
117,2007-02-20 11:12:51,121.519000,31.261300, 32,112,0
117,2007-02-20 11:13:52,121.515300,31.259600, 22,112,0
117,2007-02-20 11:14:25,121.514300,31.259100, 14,157,1
117,2007-02-20 11:15:25,121.513800,31.264000, 42, 22,1
117,2007-02-20 11:16:27,121.514000,31.267000, 44,157,1
117,2007-02-20 11:17:28,121.511800,31.269500, 30,  0,1
117,2007-02-20 11:18:29,121.510500,31.271600, 32,157,1
117,2007-02-20 11:19:55,121.506800,31.270600, 36,135,0
117,2007-02-20 11:20:55,121.504500,31.274300, 32, 22,0
117,2007-02-20 11:21:57,121.509500,31.275800, 32, 45,0
117,2007-02-20 11:22:58,121.513000,31.273300, 36, 67,0
117,2007-02-20 11:23:58,121.513800,31.271600, 20,135,1
117,2007-02-20 11:24:58,121.511800,31.269600,  0,112,1
117,2007-02-20 11:27:00,121.504300,31.264800,  0, 90,1
117,2007-02-20 11:28:01,121.504300,31.264800,  0, 90,1
117,2007-02-20 11:29:02,121.504300,31.264800,  4,157,1
117,2007-02-20 11:30:04,121.502000,31.272100, 42,  0,1
117,2007-02-20 11:31:04,121.502000,31.272100,  0,  0,1
117,2007-02-20 11:32:05,121.499300,31.274800, 64,157,1
117,2007-02-20 11:33:06,121.497100,31.276300,  0,157,1
117,2007-02-20 11:34:07,121.497100,31.276300,  0,157,1
117,2007-02-20 11:35:08,121.493800,31.278300, 34,135,1
117,2007-02-20 11:36:09,121.487500,31.278500, 40,135,1
117,2007-02-20 11:37:10,121.486600,31.278500,  0,135,1
117,2007-02-20 11:38:11,121.485000,31.278500, 26,135,1
117,2007-02-20 11:39:12,121.479300,31.277100,  0,112,1
117,2007-02-20 11:40:13,121.477600,31.277000, 24,135,1
117,2007-02-20 11:41:14,121.475800,31.277100,  0,135,1
117,2007-02-20 11:42:14,121.474100,31.277600,  0,157,1
117,2007-02-20 11:43:15,121.471100,31.279300,  0,157,1
117,2007-02-20 11:44:16,121.465100,31.281500,  0,135,1
117,2007-02-20 11:44:19,121.465100,31.281500,  0,135,0
117,2007-02-20 11:45:19,121.464800,31.281600, 30,135,0
117,2007-02-20 11:46:20,121.465600,31.288100, 46,  0,0
117,2007-02-20 11:47:21,121.471300,31.288500, 18, 45,0
117,2007-02-20 11:48:22,121.472000,31.286500,  6, 90,0
117,2007-02-20 11:49:23,121.472300,31.284800, 34, 45,0
117,2007-02-20 11:50:24,121.476500,31.284300,  0, 45,0
117,2007-02-20 11:51:25,121.478100,31.282300, 30, 67,0
117,2007-02-20 11:52:26,121.484100,31.281100, 12, 45,0
117,2007-02-20 11:55:29,121.485600,31.278500,  0, 90,0
117,2007-02-20 11:56:30,121.485800,31.278300, 22, 67,0
117,2007-02-20 11:58:32,121.493000,31.279600, 18,  0,0
117,2007-02-20 11:59:33,121.492800,31.280300,  0, 22,0
117,2007-02-20 12:00:34,121.492800,31.280300,  0, 22,0
117,2007-02-20 12:02:36,121.492800,31.280300,  0, 22,0
117,2007-02-20 12:03:37,121.492800,31.280300,  0, 22,0
117,2007-02-20 12:04:38,121.492800,31.280300,  0, 22,0
117,2007-02-20 12:05:39,121.492800,31.280300,  0, 22,0
117,2007-02-20 12:06:40,121.492800,31.280300,  0, 22,0
117,2007-02-20 12:07:41,121.492800,31.280300,  0, 22,0
117,2007-02-20 12:08:42,121.492800,31.280300,  0, 22,0
117,2007-02-20 12:09:43,121.492800,31.280300,  0, 22,0
117,2007-02-20 12:10:44,121.492800,31.280300,  0, 22,0
117,2007-02-20 12:11:45,121.492600,31.280000,  0, 22,0
117,2007-02-20 12:12:46,121.492800,31.280100,  0, 22,0
117,2007-02-20 12:13:47,121.493000,31.278300, 20, 90,0
117,2007-02-20 12:15:17,121.494100,31.274500, 24,112,1
117,2007-02-20 12:16:17,121.489000,31.271600, 50,157,1
117,2007-02-20 12:17:18,121.485100,31.272800, 28,135,1
117,2007-02-20 12:19:20,121.482100,31.274500, 12,  0,1
117,2007-02-20 12:19:30,121.482100,31.275000,  0,  0,0
117,2007-02-20 12:20:29,121.482300,31.273100, 14, 67,1
117,2007-02-20 12:21:30,121.483500,31.270100,  0, 90,1
117,2007-02-20 12:23:32,121.485800,31.266000,  0, 45,1
117,2007-02-20 12:24:33,121.488800,31.265000, 22, 45,1
117,2007-02-20 12:25:34,121.491600,31.264000,  0, 67,1
117,2007-02-20 12:26:35,121.494800,31.261800, 48, 67,1
117,2007-02-20 12:27:36,121.500000,31.262000, 28, 22,1
117,2007-02-20 12:28:37,121.503800,31.264300,  0, 45,1
117,2007-02-20 12:29:38,121.503800,31.264300,  0, 45,1
117,2007-02-20 12:30:39,121.505500,31.263100,  0, 67,1
117,2007-02-20 12:31:40,121.507100,31.261600, 48, 67,1
117,2007-02-20 12:32:41,121.508300,31.260000,  0, 67,1
117,2007-02-20 12:33:42,121.510300,31.260800, 28, 67,1
117,2007-02-20 12:34:43,121.513800,31.257800, 24, 67,1
117,2007-02-20 12:35:04,121.514600,31.257600,  0,  0,0
117,2007-02-20 12:36:04,121.516500,31.258100, 20, 90,0
117,2007-02-20 12:37:05,121.514300,31.255800, 38,112,0
117,2007-02-20 12:38:06,121.513000,31.255000, 12,135,0
117,2007-02-20 12:39:37,121.509100,31.259300, 44, 67,1
117,2007-02-20 12:40:38,121.510500,31.257800, 52, 67,1
117,2007-02-20 12:41:39,121.513100,31.253800,  0, 67,1
117,2007-02-20 12:43:41,121.513100,31.253800,  0, 67,1
117,2007-02-20 12:44:42,121.513100,31.253800,  0, 67,1
117,2007-02-20 12:45:50,121.519600,31.229100, 26,157,0
117,2007-02-20 12:46:51,121.518000,31.230800,  0,157,0
117,2007-02-20 12:47:44,121.516800,31.231000,  8,135,1
117,2007-02-20 12:49:45,121.514000,31.229800, 22,112,1
117,2007-02-20 12:50:46,121.507000,31.227600,  0,135,1
117,2007-02-20 12:51:47,121.507000,31.227600,  0,135,1
117,2007-02-20 12:53:16,121.507000,31.227600,  0,135,0
117,2007-02-20 12:54:17,121.487500,31.225500,  4, 90,0
117,2007-02-20 12:55:18,121.486800,31.223800, 34,135,0
117,2007-02-20 12:56:19,121.485800,31.223800,  0,135,0
117,2007-02-20 12:57:02,121.485100,31.224100, 16,157,1
117,2007-02-20 12:58:03,121.484600,31.225300,  8,157,1
117,2007-02-20 12:59:04,121.484300,31.225800,  0,  0,1
117,2007-02-20 13:00:05,121.483000,31.228500, 12,  0,1
117,2007-02-20 13:01:06,121.482300,31.230500,  0,  0,1
117,2007-02-20 13:02:07,121.482600,31.231000, 20,  0,1
117,2007-02-20 13:03:08,121.481600,31.233500, 30,135,1
117,2007-02-20 13:05:49,121.464800,31.226600, 48,135,1
117,2007-02-20 13:06:50,121.462300,31.233800, 62,  0,1
117,2007-02-20 13:07:11,121.462100,31.236100,  0,  0,0
117,2007-02-20 13:08:11,121.461800,31.237500, 38,157,0
117,2007-02-20 13:09:12,121.461300,31.240600,  0,  0,0
117,2007-02-20 13:10:13,121.465100,31.240100, 36, 45,0
117,2007-02-20 13:11:14,121.469000,31.238300, 50, 90,0
117,2007-02-20 13:12:15,121.469600,31.235800, 12, 90,0
117,2007-02-20 13:13:16,121.468000,31.235500, 10,112,0
117,2007-02-20 13:14:17,121.466100,31.236300, 12,157,0
117,2007-02-20 13:14:46,121.466100,31.237000, 12,  0,1
117,2007-02-20 13:15:47,121.467100,31.238600, 26, 22,1
117,2007-02-20 13:16:48,121.474100,31.241000, 54, 45,1
117,2007-02-20 13:17:49,121.478800,31.242300,  0, 45,1
117,2007-02-20 13:18:50,121.479000,31.242300, 16, 22,1
117,2007-02-20 13:19:51,121.477500,31.247300, 26,  0,1
117,2007-02-20 13:20:03,121.477500,31.247500,  0,157,0
117,2007-02-20 13:21:03,121.477000,31.248800, 30,  0,0
117,2007-02-20 13:22:04,121.476800,31.249300,  0,  0,0
117,2007-02-20 13:23:05,121.480100,31.251500, 18, 22,0
117,2007-02-20 13:24:06,121.480100,31.251600,  0,  0,0
117,2007-02-20 13:25:07,121.486500,31.254800,  8, 22,0
117,2007-02-20 13:26:08,121.488500,31.255300, 32, 45,0
117,2007-02-20 13:27:09,121.489000,31.253100,  0, 90,0
117,2007-02-20 13:28:10,121.491800,31.253500,  0,  0,0
117,2007-02-20 13:28:51,121.491800,31.253600, 16,157,1
117,2007-02-20 13:29:51,121.492000,31.256300,  0, 22,1
117,2007-02-20 13:31:53,121.496500,31.260600, 20,157,1
117,2007-02-20 13:32:54,121.492800,31.263500, 30,157,1
117,2007-02-20 13:33:55,121.487500,31.265600, 66,157,1
117,2007-02-20 13:34:56,121.483600,31.269600, 30,  0,1
117,2007-02-20 13:36:58,121.481100,31.277800,  0,  0,1
117,2007-02-20 13:37:59,121.481100,31.277800,  0,  0,1
117,2007-02-20 13:39:00,121.480100,31.277500,  4,112,1
117,2007-02-20 13:40:01,121.476000,31.277000,  0,135,1
117,2007-02-20 13:41:02,121.474000,31.277500,  0,157,1
117,2007-02-20 13:42:03,121.469300,31.280000, 44,135,1
117,2007-02-20 13:43:04,121.465000,31.284100, 72,  0,1
117,2007-02-20 13:44:05,121.466100,31.290800, 10,  0,1
117,2007-02-20 13:45:06,121.466500,31.292500,  0,  0,1
117,2007-02-20 13:46:07,121.466500,31.296000, 12,  0,1
117,2007-02-20 13:47:08,121.464600,31.299100, 44,135,1
117,2007-02-20 13:49:10,121.463000,31.302800, 56,  0,1
117,2007-02-20 13:50:11,121.463300,31.312000, 30,  0,1
117,2007-02-20 13:51:12,121.463600,31.315100, 66,  0,1
117,2007-02-20 13:52:13,121.463600,31.321000,  0,  0,1
117,2007-02-20 13:53:14,121.463600,31.321000,  0,  0,1
117,2007-02-20 13:54:15,121.463600,31.321000,  0,  0,1
117,2007-02-20 13:55:16,121.460300,31.322300, 54,  0,1
117,2007-02-20 13:56:17,121.454500,31.325100, 58,135,1
117,2007-02-20 13:57:18,121.450800,31.328000, 44,  0,1
117,2007-02-20 13:58:19,121.445500,31.330000, 44,157,1
117,2007-02-20 13:59:20,121.445800,31.331100, 12, 22,1
117,2007-02-20 13:59:28,121.445800,31.331100,  0, 45,0
117,2007-02-20 14:00:29,121.446500,31.331500, 18, 22,0
117,2007-02-20 14:01:30,121.450600,31.332000, 32, 90,0
117,2007-02-20 14:02:31,121.450800,31.326000, 44, 90,0
117,2007-02-20 14:03:32,121.453600,31.324800, 32, 45,0
117,2007-02-20 14:05:34,121.455100,31.318300, 32, 90,0
117,2007-02-20 14:06:35,121.455100,31.315500, 10, 90,0
117,2007-02-20 14:06:58,121.455000,31.315300, 16,135,1
117,2007-02-20 14:07:59,121.450600,31.315300, 12,135,1
117,2007-02-20 14:09:00,121.445000,31.315300,  0,135,1
117,2007-02-20 14:10:01,121.443600,31.314600, 24, 90,1
117,2007-02-20 14:11:02,121.443500,31.313000,  0,  0,1
117,2007-02-20 14:12:03,121.443500,31.307100, 42, 90,1
117,2007-02-20 14:15:06,121.445000,31.296600, 78, 90,1
117,2007-02-20 14:16:07,121.447000,31.285300, 86, 90,1
117,2007-02-20 14:17:08,121.450600,31.273500, 84, 67,1
117,2007-02-20 14:18:09,121.455500,31.264000, 66, 90,1
117,2007-02-20 14:19:10,121.445800,31.260100, 90,135,1
117,2007-02-20 14:20:11,121.433300,31.256300, 84,112,1
117,2007-02-20 14:21:12,121.423600,31.248100, 78,112,1
117,2007-02-20 14:22:13,121.415600,31.244000, 12,112,1
117,2007-02-20 14:23:14,121.415100,31.243800, 24,112,1
117,2007-02-20 14:24:42,121.412100,31.242300,  0,112,1
117,2007-02-20 14:25:43,121.412100,31.242300,  0,112,1
117,2007-02-20 14:26:44,121.416500,31.241800,  0,112,1
117,2007-02-20 14:27:45,121.416600,31.241600, 18, 67,1
117,2007-02-20 14:28:46,121.422500,31.237100, 70, 67,1
117,2007-02-20 14:29:47,121.426000,31.234600, 36, 67,1
117,2007-02-20 14:30:48,121.427500,31.233600,  0, 67,1
117,2007-02-20 14:31:49,121.429600,31.234800, 34, 22,1
117,2007-02-20 14:32:37,121.430600,31.235000,  0, 45,0
117,2007-02-20 14:33:38,121.430100,31.235500,  0,157,0
117,2007-02-20 14:34:39,121.433600,31.237500, 26, 22,0
117,2007-02-20 14:35:40,121.435800,31.235800, 20, 67,0
117,2007-02-20 14:36:41,121.437500,31.232800, 26, 90,0
117,2007-02-20 14:37:42,121.440100,31.232800, 44, 22,0
117,2007-02-20 14:38:09,121.440800,31.232600, 22, 67,1
117,2007-02-20 14:39:10,121.445000,31.233300,  4,  0,1
117,2007-02-20 14:40:10,121.444600,31.233600,  0,  0,1
117,2007-02-20 14:41:12,121.450500,31.235100, 22, 45,1
117,2007-02-20 14:42:13,121.452500,31.235300,  0, 22,1
117,2007-02-20 14:43:14,121.455100,31.236800,  0, 22,1
117,2007-02-20 14:44:15,121.457600,31.239500, 40, 22,1
117,2007-02-20 14:45:16,121.459100,31.240100,  0, 45,1
117,2007-02-20 14:46:17,121.459300,31.241100, 54,157,1
117,2007-02-20 14:47:18,121.458600,31.250500, 70,  0,1
117,2007-02-20 14:48:19,121.458600,31.260500, 66,  0,1
117,2007-02-20 14:49:19,121.453600,31.269500, 78,157,1
117,2007-02-20 14:50:20,121.453000,31.274600, 26, 22,1
117,2007-02-20 14:52:22,121.453000,31.274600,  0, 22,1
117,2007-02-20 14:53:10,121.446600,31.277000,  0, 67,0
117,2007-02-20 14:53:31,121.446600,31.277000, 12, 45,1
117,2007-02-20 14:54:32,121.451800,31.271600, 68, 67,1
117,2007-02-20 14:55:33,121.452600,31.266300, 44,135,1
117,2007-02-20 14:57:10,121.451800,31.266600,  4,112,0
117,2007-02-20 14:58:03,121.453500,31.266600, 14, 22,1
117,2007-02-20 15:01:06,121.461500,31.270800,  0, 22,1
117,2007-02-20 15:02:07,121.462600,31.271500, 36, 22,1
117,2007-02-20 15:05:09,121.466000,31.273800,  0,  0,1
117,2007-02-20 15:06:11,121.463500,31.272300, 10,112,1
117,2007-02-20 15:07:12,121.461800,31.271100, 20,112,1
117,2007-02-20 15:08:13,121.456500,31.267800, 32,112,1
117,2007-02-20 15:09:14,121.453500,31.265800, 10, 90,1
117,2007-02-20 15:09:41,121.453000,31.265000, 10, 90,0
117,2007-02-20 15:10:42,121.453300,31.266500,  8,157,0
117,2007-02-20 15:12:44,121.457300,31.268100, 14, 67,0
117,2007-02-20 15:13:44,121.460100,31.266500, 24, 67,0
117,2007-02-20 15:14:45,121.461500,31.264500, 22, 67,0
117,2007-02-20 15:15:47,121.464800,31.263800,  0,  0,0
117,2007-02-20 15:16:16,121.464600,31.263800, 18,112,1
117,2007-02-20 15:17:17,121.460800,31.265600, 36,157,1
117,2007-02-20 15:19:19,121.456600,31.268000, 34,112,1
117,2007-02-20 15:20:19,121.453600,31.269800,  0, 22,1
117,2007-02-20 15:21:20,121.453600,31.270000,  4,157,1
117,2007-02-20 15:22:21,121.453600,31.270000,  0,157,1
117,2007-02-20 15:23:22,121.453600,31.270000,  0,157,1
117,2007-02-20 15:24:24,121.447600,31.282600, 52,  0,1
117,2007-02-20 15:25:24,121.446100,31.292300, 68,  0,1
117,2007-02-20 15:26:25,121.441500,31.294000, 58,135,1
117,2007-02-20 15:27:26,121.430600,31.292000, 74,135,1
117,2007-02-20 15:28:27,121.427300,31.291500,  0,112,1
117,2007-02-20 15:29:28,121.427300,31.291500,  0,112,1
117,2007-02-20 15:30:30,121.427300,31.291500,  0,112,1
117,2007-02-20 15:31:30,121.414100,31.291600,  0,112,1
117,2007-02-20 15:32:31,121.409500,31.299300, 72,  0,1
117,2007-02-20 15:33:32,121.409000,31.306600, 58,  0,1
117,2007-02-20 15:34:33,121.407300,31.310000,  0,157,1
117,2007-02-20 15:35:34,121.407100,31.310000, 28,135,1
117,2007-02-20 15:36:35,121.399300,31.309300, 32,135,1
117,2007-02-20 15:37:13,121.398800,31.311000,  0,  0,0
117,2007-02-20 15:40:44,121.406800,31.304300, 26, 45,0
117,2007-02-20 15:41:45,121.409100,31.299800, 66, 90,0
117,2007-02-20 15:42:46,121.413600,31.291600, 14, 67,0
117,2007-02-20 15:43:47,121.414500,31.290100,  0, 67,0
117,2007-02-20 15:44:48,121.414500,31.290100,  0, 67,0
117,2007-02-20 15:45:49,121.415800,31.288000, 60, 67,0
117,2007-02-20 15:46:50,121.416500,31.286300, 32,135,0
117,2007-02-20 15:47:51,121.408800,31.285300, 50,135,0
117,2007-02-20 15:48:52,121.406500,31.281300, 28, 90,0
117,2007-02-20 15:49:53,121.409500,31.281100, 12, 45,0
117,2007-02-20 15:49:54,121.409500,31.281100, 16, 45,1
117,2007-02-20 15:50:54,121.409800,31.277600, 32, 90,1
117,2007-02-20 15:51:55,121.410100,31.273100, 26, 90,1
117,2007-02-20 15:52:56,121.410800,31.268800, 12, 90,1
117,2007-02-20 15:53:57,121.410800,31.267800, 14, 90,1
117,2007-02-20 15:54:58,121.414500,31.267000, 44, 45,1
117,2007-02-20 15:55:59,121.418000,31.265000, 50, 90,1
117,2007-02-20 15:57:00,121.417100,31.257800,  0, 90,1
117,2007-02-20 15:58:01,121.414500,31.255800, 46,112,1
117,2007-02-20 15:59:02,121.405800,31.253300, 60,135,1
117,2007-02-20 16:00:03,121.399600,31.250600, 58,112,1
117,2007-02-20 16:01:04,121.397500,31.247100, 54, 90,1
117,2007-02-20 16:03:06,121.395500,31.240600, 26, 67,1
117,2007-02-20 16:04:07,121.397500,31.235800, 52, 90,1
117,2007-02-20 16:05:08,121.397100,31.234300,  0, 90,1
117,2007-02-20 16:07:10,121.394300,31.234300, 28,  0,1
117,2007-02-20 16:08:04,121.393500,31.238600,  0,  0,0
117,2007-02-20 16:09:04,121.393500,31.238600,  0, 45,0
117,2007-02-20 16:10:05,121.394100,31.235300,  8, 90,0
117,2007-02-20 16:11:06,121.394300,31.234100,  0, 67,0
117,2007-02-20 16:12:07,121.394300,31.234100,  0, 67,0
117,2007-02-20 16:13:08,121.397800,31.233800, 24, 45,0
117,2007-02-20 16:14:09,121.402000,31.233300, 18, 45,0
117,2007-02-20 16:15:10,121.405500,31.232800,  6, 45,0
117,2007-02-20 16:16:11,121.405000,31.230100,  4, 90,0
117,2007-02-20 16:22:19,121.395500,31.216800,  4,135,0
117,2007-02-20 16:23:19,121.395300,31.216800,  0,135,0
117,2007-02-20 16:24:20,121.391000,31.216100, 26,  0,0
117,2007-02-20 16:25:21,121.393500,31.219600, 42, 45,0
117,2007-02-20 16:26:22,121.396800,31.218500,  0, 90,0
117,2007-02-20 16:27:23,121.399000,31.216000,  4, 45,0
117,2007-02-20 16:31:44,121.402100,31.209800, 54, 90,1
117,2007-02-20 16:32:46,121.396100,31.204500, 58,112,1
117,2007-02-20 16:33:47,121.391500,31.201000, 64,112,1
117,2007-02-20 16:34:48,121.388300,31.195100, 54, 90,1
117,2007-02-20 16:35:49,121.382800,31.196300, 50,135,1
117,2007-02-20 16:36:49,121.381000,31.194300,  0,135,1
117,2007-02-20 16:37:51,121.381500,31.194600, 18, 22,1
117,2007-02-20 16:38:51,121.384500,31.194300,  4,112,1
117,2007-02-20 16:39:00,121.384300,31.194300,  0,112,0
117,2007-02-20 16:40:01,121.385000,31.193500,  2, 90,0
117,2007-02-20 16:40:22,121.385100,31.193300, 20, 67,1
117,2007-02-20 16:41:21,121.388600,31.186300, 62, 90,1
117,2007-02-20 16:42:22,121.387600,31.190100, 54,157,1
117,2007-02-20 16:43:24,121.389000,31.193800, 62, 45,1
117,2007-02-20 16:44:24,121.388800,31.197600,  0,  0,1
117,2007-02-20 16:46:27,121.388500,31.199000, 38,  0,1
117,2007-02-20 16:47:28,121.387800,31.201000,  0,  0,1
117,2007-02-20 16:48:29,121.387800,31.201100, 18,  0,1
117,2007-02-20 16:49:29,121.387500,31.202600, 22,  0,1
117,2007-02-20 16:50:31,121.386300,31.207100, 58,  0,1
117,2007-02-20 16:51:32,121.386300,31.211600,  0,  0,1
117,2007-02-20 16:52:59,121.381600,31.212300,  4,112,0
117,2007-02-20 16:53:59,121.381500,31.212000, 24, 90,0
117,2007-02-20 16:55:01,121.380500,31.209100, 18, 90,0
117,2007-02-20 16:56:01,121.385300,31.207500, 34, 45,0
117,2007-02-20 16:57:02,121.386800,31.205500, 16, 45,0
117,2007-02-20 16:58:03,121.391000,31.205600, 46, 45,0
117,2007-02-20 16:59:03,121.394600,31.205000,  0, 45,0
117,2007-02-20 17:00:05,121.395300,31.206800, 46,  0,0
117,2007-02-20 17:01:06,121.395800,31.213000, 42,  0,0
117,2007-02-20 17:03:55,121.389100,31.215300, 62,135,1
117,2007-02-20 17:04:56,121.380600,31.217000, 40,135,1
117,2007-02-20 17:05:57,121.372800,31.217800,  0,135,1
117,2007-02-20 17:06:58,121.372100,31.217800,  0,135,1
117,2007-02-20 17:07:58,121.368100,31.218600, 38,135,1
117,2007-02-20 17:09:00,121.364000,31.219300, 40,135,1
117,2007-02-20 17:10:01,121.359600,31.216300, 42, 90,1
117,2007-02-20 17:10:26,121.359800,31.213600,  0, 90,0
117,2007-02-20 17:11:27,121.362500,31.212300, 42, 45,0
117,2007-02-20 17:12:28,121.363500,31.214600, 12,  0,0
117,2007-02-20 17:13:28,121.363300,31.217100, 12,  0,0
117,2007-02-20 17:14:30,121.366600,31.218800,  0, 90,0
117,2007-02-20 17:14:35,121.366800,31.218800, 18, 45,1
117,2007-02-20 17:15:36,121.373300,31.217800, 34, 45,1
117,2007-02-20 17:16:37,121.375800,31.217600,  0, 45,1
117,2007-02-20 17:17:38,121.382100,31.216800, 64, 45,1
117,2007-02-20 17:18:38,121.388000,31.215500, 48, 45,1
117,2007-02-20 17:19:40,121.390600,31.214800,  0, 45,1
117,2007-02-20 17:21:18,121.394100,31.216800, 10, 45,0
117,2007-02-20 17:22:18,121.396300,31.216600, 40, 45,0
117,2007-02-20 17:23:19,121.399800,31.215300, 10, 90,0
117,2007-02-20 17:24:21,121.403800,31.214500, 32, 45,0
117,2007-02-20 17:25:22,121.409500,31.214300, 14, 45,0
117,2007-02-20 17:26:23,121.412800,31.214500, 28, 45,0
117,2007-02-20 17:27:23,121.417600,31.214600,  0, 22,0
117,2007-02-20 17:28:24,121.420500,31.215100, 26, 45,0
117,2007-02-20 17:29:26,121.426100,31.215000,  0, 67,0
117,2007-02-20 17:30:27,121.426100,31.215000,  4, 67,0
117,2007-02-20 17:31:27,121.400100,31.197300,  0,112,0
117,2007-02-20 17:32:28,121.433500,31.218100, 30, 90,0
117,2007-02-20 17:33:29,121.434100,31.216300,  0, 90,0
117,2007-02-20 17:34:31,121.439500,31.217100, 12, 45,0
117,2007-02-20 17:35:32,121.439600,31.217500, 26,  0,0
117,2007-02-20 17:36:32,121.438800,31.220100, 38,  0,0
117,2007-02-20 17:37:33,121.440800,31.222600,  4, 90,0
117,2007-02-20 17:39:28,121.439300,31.228800, 16,157,1
117,2007-02-20 17:40:28,121.441600,31.230800, 56, 45,1
117,2007-02-20 17:41:10,121.441000,31.231000,  0, 22,0
117,2007-02-20 17:42:11,121.444600,31.232600, 48, 45,0
117,2007-02-20 17:43:11,121.441500,31.233500, 50, 22,0
117,2007-02-20 17:44:12,121.448100,31.234300,  0, 22,0
117,2007-02-20 17:45:13,121.449600,31.234800, 36, 45,0
117,2007-02-20 17:46:14,121.456000,31.236800, 26, 90,0
117,2007-02-20 17:47:15,121.458000,31.235100,  6, 45,0
117,2007-02-20 17:47:18,121.458100,31.235100, 20, 22,1
117,2007-02-20 17:48:18,121.462100,31.233300, 42, 90,1
117,2007-02-20 17:49:19,121.466000,31.224600, 76, 67,1
117,2007-02-20 17:50:20,121.466100,31.214100, 60, 67,1
117,2007-02-20 17:51:21,121.466500,31.208600, 42, 90,1
117,2007-02-20 17:52:22,121.464600,31.207500, 36,135,1
117,2007-02-20 17:53:23,121.456300,31.204600, 50,135,1
117,2007-02-20 17:54:24,121.454100,31.204500,  0,112,1
117,2007-02-20 17:55:25,121.448300,31.202500, 52,135,1
117,2007-02-20 17:56:26,121.443100,31.200800,  0,135,1
117,2007-02-20 17:57:27,121.440800,31.201100,  0,  0,1
117,2007-02-20 17:57:31,121.440800,31.201100,  0,  0,0
117,2007-02-20 17:58:31,121.441800,31.202800,  0, 22,0
117,2007-02-20 17:59:32,121.445800,31.204500, 54, 22,0
117,2007-02-20 18:00:33,121.447600,31.207300, 10,  0,0
117,2007-02-20 18:01:34,121.452100,31.210300, 44, 22,0
117,2007-02-20 18:02:35,121.452600,31.214000, 30,  0,0
117,2007-02-20 18:03:36,121.452100,31.217600, 16, 22,0
117,2007-02-20 18:04:37,121.454500,31.218600, 24, 22,0
117,2007-02-20 18:05:38,121.457500,31.220000, 22, 22,0
117,2007-02-20 18:06:39,121.459000,31.220500,  0, 22,0
117,2007-02-20 18:07:40,121.459300,31.220500, 18, 22,0
117,2007-02-20 18:08:41,121.464500,31.222800, 32, 22,0
117,2007-02-20 18:09:42,121.466100,31.223500,  0, 45,0
117,2007-02-20 18:10:43,121.466300,31.223600,  8, 22,0
117,2007-02-20 18:11:44,121.466600,31.224500, 16,  0,0
117,2007-02-20 18:12:29,121.467300,31.225000, 12,  0,1
117,2007-02-20 18:15:31,121.459800,31.224800, 56,135,1
117,2007-02-20 18:16:32,121.458500,31.225300,  6,  0,1
117,2007-02-20 18:17:33,121.455800,31.227800, 34,135,1
117,2007-02-20 18:18:34,121.446300,31.224300, 70,112,1
117,2007-02-20 18:20:36,121.426100,31.214600, 64,112,1
117,2007-02-20 18:21:37,121.416500,31.211000, 78,135,1
117,2007-02-20 18:22:38,121.407100,31.207800, 64,112,1
117,2007-02-20 18:23:39,121.396800,31.202500, 70,135,1
117,2007-02-20 18:24:40,121.385100,31.197300, 84,112,1
117,2007-02-20 18:25:41,121.374000,31.192000, 82,135,1
117,2007-02-20 18:26:42,121.362100,31.188100, 74,135,1
117,2007-02-20 18:27:43,121.352300,31.183800, 58, 90,1
117,2007-02-20 18:30:45,121.361600,31.160100,  0, 90,1
117,2007-02-20 18:31:45,121.361600,31.160100,  8, 67,1
117,2007-02-20 18:32:46,121.365800,31.160000,  0, 22,1
117,2007-02-20 18:33:47,121.364300,31.161500,  0,157,1
117,2007-02-20 18:33:49,121.364300,31.161500,  0,157,0
117,2007-02-20 18:37:20,121.369100,31.159800,  0, 45,0
117,2007-02-20 18:38:21,121.372500,31.159100,  0, 67,0
117,2007-02-20 18:39:22,121.374300,31.159300, 60, 45,0
117,2007-02-20 18:40:23,121.377300,31.161300, 20,  0,0
117,2007-02-20 18:41:24,121.377800,31.163300, 22, 45,0
117,2007-02-20 18:42:14,121.381800,31.164600, 16, 45,1
117,2007-02-20 18:43:15,121.386800,31.166300, 38, 45,1
117,2007-02-20 18:44:16,121.389600,31.162000, 44, 90,1
117,2007-02-20 18:45:17,121.383000,31.159100, 66,135,1
117,2007-02-20 18:47:19,121.377300,31.157000, 40, 90,1
117,2007-02-20 18:48:20,121.378100,31.152500, 46, 90,1
117,2007-02-20 18:49:21,121.379000,31.149500, 38, 90,1
117,2007-02-20 18:50:22,121.380000,31.146000,  0, 67,1
117,2007-02-20 18:51:10,121.380600,31.144100,  0, 90,0
117,2007-02-20 18:52:10,121.380100,31.146100, 44,  0,0
117,2007-02-20 18:53:11,121.378500,31.151800, 48,  0,0
117,2007-02-20 18:54:12,121.377500,31.154800, 30,  0,0
117,2007-02-20 18:55:13,121.377500,31.158600,  0,  0,0
117,2007-02-20 18:56:14,121.377500,31.158600, 10,  0,0
117,2007-02-20 18:57:06,121.380300,31.158600, 14, 45,1
117,2007-02-20 18:58:07,121.388100,31.160800, 42, 22,1
117,2007-02-20 18:59:08,121.395000,31.162600, 40, 22,1
117,2007-02-20 19:00:09,121.402600,31.165100, 62, 45,1
117,2007-02-20 19:02:11,121.413500,31.168500,  0, 22,1
117,2007-02-20 19:03:12,121.413300,31.171100, 42,  0,1
117,2007-02-20 19:03:24,121.413100,31.172100, 10,  0,0
117,2007-02-20 19:04:24,121.413000,31.172500, 34,  0,0
117,2007-02-20 19:42:25,121.427300,31.198000,  4, 45,0
117,2007-02-20 19:42:28,121.427500,31.198000, 14, 45,1
117,2007-02-20 19:43:29,121.429100,31.198000,  0, 45,1
117,2007-02-20 19:44:30,121.431800,31.199600, 46, 22,1
117,2007-02-20 19:45:31,121.433600,31.196300,  0, 90,1
117,2007-02-20 19:46:32,121.435100,31.195800, 52, 22,1
117,2007-02-20 19:47:33,121.435600,31.198000, 22,157,1
117,2007-02-20 19:47:47,121.435100,31.198500,  0,157,0
117,2007-02-20 19:48:47,121.433600,31.200100, 24,  0,0
117,2007-02-20 19:49:48,121.434100,31.200500,  0, 45,0
117,2007-02-20 19:50:09,121.434100,31.200500,  8, 45,1
117,2007-02-20 19:51:10,121.436100,31.199000, 28,112,1
117,2007-02-20 19:52:11,121.434300,31.196600, 54,112,1
117,2007-02-20 19:53:12,121.430100,31.190600, 54,135,1
117,2007-02-20 19:54:13,121.426000,31.191800,  0,135,1
117,2007-02-20 19:55:14,121.425000,31.194100, 26, 22,1
117,2007-02-20 19:56:22,121.425100,31.194600, 26, 22,0
117,2007-02-20 19:57:23,121.433100,31.195500, 40, 45,0
117,2007-02-20 19:58:05,121.433600,31.195500, 10, 45,1
117,2007-02-20 19:59:05,121.435600,31.196000,  0, 22,1
117,2007-02-20 20:01:47,121.448500,31.202000,  0, 22,1
117,2007-02-20 20:02:48,121.454800,31.204000, 58, 45,1
117,2007-02-20 20:03:49,121.456300,31.204500,  0, 45,1
117,2007-02-20 20:04:50,121.462800,31.206500, 58, 22,1
117,2007-02-20 20:05:51,121.465000,31.207300,  0, 22,1
117,2007-02-20 20:06:52,121.467300,31.209000, 60,  0,1
117,2007-02-20 20:08:54,121.477000,31.213000,  0,135,1
117,2007-02-20 20:09:55,121.481500,31.213800, 16, 45,1
117,2007-02-20 20:10:00,121.481600,31.213800,  0, 22,0
117,2007-02-20 20:11:01,121.483000,31.213800, 36, 45,0
117,2007-02-20 20:12:02,121.483500,31.213800,  0, 45,0
117,2007-02-20 20:12:15,121.483500,31.213800, 10, 45,1
117,2007-02-20 20:13:16,121.486300,31.214300, 50, 45,1
117,2007-02-20 20:14:17,121.491100,31.214600,  0, 45,1
117,2007-02-20 20:15:18,121.491600,31.214800, 34, 45,1
117,2007-02-20 20:16:19,121.496300,31.210000, 52, 90,1
117,2007-02-20 20:18:21,121.507000,31.205000, 70, 67,1
117,2007-02-20 20:19:22,121.518100,31.202300, 76, 45,1
117,2007-02-20 20:21:02,121.521600,31.195600,  0, 90,1
117,2007-02-20 20:22:02,121.519500,31.190300,  0, 90,1
117,2007-02-20 20:23:03,121.519600,31.189800, 18, 67,1
117,2007-02-20 20:25:05,121.531000,31.185500, 12, 90,1
117,2007-02-20 20:26:06,121.533100,31.180300, 52, 90,1
117,2007-02-20 20:27:07,121.535500,31.174500, 28, 67,1
117,2007-02-20 20:28:08,121.537100,31.171300, 12, 90,1
117,2007-02-20 20:28:55,121.536000,31.170500,  0, 67,0
117,2007-02-20 20:29:56,121.536100,31.170500,  0, 22,0
117,2007-02-20 20:30:57,121.537300,31.171300, 10,  0,0
117,2007-02-20 20:31:58,121.535800,31.173800,  0,135,0
117,2007-02-20 20:32:05,121.535800,31.173800, 14, 90,1
117,2007-02-20 20:33:06,121.531000,31.172500, 34,135,1
117,2007-02-20 20:34:07,121.530600,31.167500, 52, 67,1
117,2007-02-20 20:35:08,121.527800,31.164300,  6,112,1
117,2007-02-20 20:36:09,121.522600,31.162500, 14,135,1
117,2007-02-20 20:37:10,121.519000,31.161600, 22,135,1
117,2007-02-20 20:38:11,121.516800,31.157800, 42, 90,1
117,2007-02-20 20:39:12,121.514300,31.155300, 28,135,1
117,2007-02-20 20:40:13,121.508300,31.152800, 22,157,1
117,2007-02-20 20:41:14,121.502600,31.154500, 62,135,1
117,2007-02-20 20:43:03,121.501800,31.148100,  0,135,0
117,2007-02-20 20:44:12,121.502300,31.148300, 12, 45,1
117,2007-02-20 20:45:13,121.501100,31.152600, 54,157,1
117,2007-02-20 20:46:14,121.506000,31.155100, 58, 45,1
117,2007-02-20 20:47:15,121.511000,31.153800, 36, 22,1
117,2007-02-20 20:49:17,121.516800,31.159100, 40,  0,1
117,2007-02-20 20:50:18,121.518800,31.161500,  0, 22,1
117,2007-02-20 20:50:19,121.518800,31.161500,  0, 22,0
117,2007-02-20 20:51:19,121.521600,31.162100, 46, 45,0
117,2007-02-20 20:52:20,121.527100,31.164000,  0, 22,0
117,2007-02-20 20:52:50,121.527300,31.164300, 14,157,1
117,2007-02-20 20:53:50,121.523300,31.169000, 56,157,1
117,2007-02-20 20:54:51,121.520300,31.173500, 64,157,1
117,2007-02-20 20:55:52,121.515500,31.176500, 10,135,1
117,2007-02-20 20:56:53,121.515100,31.176500,  0,112,1
117,2007-02-20 20:57:54,121.514500,31.177000, 44,  0,1
117,2007-02-20 20:58:55,121.516100,31.181600, 38,  0,1
117,2007-02-20 20:59:56,121.519300,31.189500,  0,  0,1
117,2007-02-20 21:00:57,121.521100,31.193800, 56,  0,1
117,2007-02-20 21:02:59,121.524800,31.201500, 58,  0,1
117,2007-02-20 21:04:00,121.516600,31.202800, 76,135,1
117,2007-02-20 21:05:01,121.505300,31.205800, 70,157,1
117,2007-02-20 21:06:02,121.496300,31.209300, 52,157,1
117,2007-02-20 21:08:04,121.493100,31.209100, 62,112,1
117,2007-02-20 21:09:05,121.490000,31.207000, 44,112,1
117,2007-02-20 21:10:06,121.483100,31.203000, 52,112,1
117,2007-02-20 21:11:07,121.479600,31.201800, 12,135,1
117,2007-02-20 21:12:08,121.477800,31.201100, 46,135,1
117,2007-02-20 21:13:09,121.475000,31.203000, 32,157,1
117,2007-02-20 21:14:10,121.474100,31.205500,  0,  0,1
117,2007-02-20 21:15:11,121.472600,31.208600,  0,  0,1
117,2007-02-20 21:16:12,121.472000,31.210600,  0,  0,1
117,2007-02-20 21:17:13,121.474300,31.211600,  0, 22,1
117,2007-02-20 21:18:14,121.475500,31.212100,  0, 22,1
117,2007-02-20 21:19:15,121.474600,31.215500, 32,  0,1
117,2007-02-20 21:19:39,121.474300,31.217300, 14, 22,0
117,2007-02-20 21:20:39,121.473500,31.220000, 42,  0,0
117,2007-02-20 21:21:40,121.475300,31.221600,  0, 22,0
117,2007-02-20 21:22:41,121.476800,31.222300,  0, 22,0
117,2007-02-20 21:23:42,121.477100,31.223000, 24,  0,0
117,2007-02-20 21:25:44,121.475100,31.228000,  0,  0,0
117,2007-02-20 21:26:45,121.476300,31.229000,  0, 22,0
117,2007-02-20 21:27:46,121.479500,31.230600, 34, 22,0
117,2007-02-20 21:28:05,121.479800,31.230800, 12,  0,1
117,2007-02-20 21:29:06,121.478600,31.232500, 14,157,1
117,2007-02-20 21:30:07,121.483500,31.232600,  0, 45,1
117,2007-02-20 21:31:08,121.483500,31.232600,  0, 45,1
117,2007-02-20 21:32:09,121.483500,31.232600,  0, 45,1
117,2007-02-20 21:33:10,121.483500,31.232600,  0, 45,1
117,2007-02-20 21:34:11,121.507600,31.239800, 50, 45,1
117,2007-02-20 21:36:06,121.514100,31.242000, 18, 45,0
117,2007-02-20 21:37:07,121.516500,31.242300,  0, 45,0
117,2007-02-20 21:37:48,121.516500,31.242300, 16, 45,1
117,2007-02-20 21:38:49,121.524300,31.242800, 26, 45,1
117,2007-02-20 21:39:50,121.529600,31.244100, 68, 45,1
117,2007-02-20 21:40:51,121.540000,31.247600, 68, 22,1
117,2007-02-20 21:41:52,121.547800,31.253300, 52, 22,1
117,2007-02-20 21:43:54,121.556800,31.260600, 36, 22,1
117,2007-02-20 21:45:56,121.565300,31.267300, 32, 22,1
117,2007-02-20 21:46:57,121.567300,31.269100, 44, 22,1
117,2007-02-20 21:47:57,121.570500,31.271500, 42, 22,1
117,2007-02-20 21:48:59,121.571800,31.275000, 54,  0,1
117,2007-02-20 21:50:00,121.576600,31.276600, 40, 67,1
117,2007-02-20 21:51:01,121.579000,31.274300,  8, 67,1
117,2007-02-20 21:52:02,121.581500,31.275000,  8, 67,1
117,2007-02-20 21:52:50,121.582300,31.274100,  0, 90,0
117,2007-02-20 21:53:51,121.582300,31.274300,  6, 45,0
117,2007-02-20 21:54:52,121.582000,31.274600, 24,  0,0
117,2007-02-20 21:55:52,121.581100,31.275500,  6,135,0
117,2007-02-20 21:56:54,121.581300,31.271800, 26, 67,0
117,2007-02-20 21:57:55,121.583100,31.270000, 58, 90,0
117,2007-02-20 21:58:55,121.581000,31.263600, 42,112,0
117,2007-02-20 21:59:57,121.579500,31.261600, 50,112,0
117,2007-02-20 22:00:58,121.577000,31.259000,  0,112,0
117,2007-02-20 22:01:59,121.576000,31.259100, 34,157,0
117,2007-02-20 22:02:12,121.575600,31.259300, 18,157,1
117,2007-02-20 22:03:13,121.570100,31.264000,  2,157,1
117,2007-02-20 22:04:13,121.566600,31.268300, 16,157,1
117,2007-02-20 22:05:15,121.565100,31.267500, 56,112,1
117,2007-02-20 22:07:17,121.557100,31.261000, 14,135,1
117,2007-02-20 22:08:18,121.559100,31.261600, 16, 67,1
117,2007-02-20 22:08:47,121.559500,31.260500,  2,112,0
117,2007-02-20 22:09:48,121.559800,31.260600, 10, 22,0
117,2007-02-20 22:10:48,121.560100,31.260300, 22,157,0
117,2007-02-20 22:11:49,121.560800,31.262600, 36, 67,0
117,2007-02-20 22:13:51,121.556600,31.257100, 24,112,0
117,2007-02-20 22:14:52,121.552800,31.256000, 22,157,0
117,2007-02-20 22:15:53,121.551600,31.257000,  0,157,0
117,2007-02-20 22:16:45,121.551100,31.257100, 12,112,1
117,2007-02-20 22:17:45,121.550000,31.255800,  0,112,1
117,2007-02-20 22:18:46,121.552300,31.251800, 60, 90,1
117,2007-02-20 22:19:47,121.544100,31.254800, 72,157,1
117,2007-02-20 22:20:47,121.535100,31.262500, 78,157,1
117,2007-02-20 22:21:49,121.528600,31.271800, 60,157,1
117,2007-02-20 22:22:50,121.527000,31.288100,  6,  0,1
117,2007-02-20 22:23:51,121.522800,31.278000, 48,112,1
117,2007-02-20 22:24:52,121.520100,31.279600, 30,157,1
117,2007-02-20 22:27:55,121.507000,31.278100, 28,112,1
117,2007-02-20 22:28:30,121.504600,31.276500,  0,112,0
117,2007-02-20 22:29:30,121.501800,31.276100, 28,157,0
117,2007-02-20 22:30:31,121.499600,31.275300,  0,112,0
117,2007-02-20 22:31:32,121.499600,31.275300,  0,112,0
117,2007-02-20 22:32:32,121.496600,31.276800, 26,157,0
117,2007-02-20 22:33:34,121.494000,31.278300, 38,135,0
117,2007-02-20 22:36:37,121.492800,31.280100,  0, 67,0
117,2007-02-20 22:37:37,121.492800,31.280100,  0, 67,0
117,2007-02-20 22:38:39,121.492800,31.280100,  0, 67,0
117,2007-02-20 22:39:40,121.492800,31.280100,  0, 67,0
117,2007-02-20 22:40:41,121.493100,31.280000,  0, 67,0
117,2007-02-20 22:41:42,121.493100,31.280000,  0, 67,0
117,2007-02-20 22:42:42,121.493100,31.280000,  0, 67,0
117,2007-02-20 22:43:44,121.493000,31.279800,  8, 90,0
117,2007-02-20 22:44:45,121.492100,31.278300,  0,135,0
117,2007-02-20 22:45:46,121.491800,31.276600, 34, 90,0
117,2007-02-20 22:46:47,121.492000,31.273100,  0, 67,0
117,2007-02-20 22:47:16,121.492300,31.273000, 16, 22,1
117,2007-02-20 22:48:17,121.491600,31.275600, 32,  0,1
117,2007-02-20 22:50:19,121.491600,31.283300, 40,  0,1
117,2007-02-20 22:51:20,121.498000,31.281500, 48, 67,1
117,2007-02-20 22:52:21,121.499600,31.280800, 24, 67,1
117,2007-02-20 22:53:22,121.503500,31.287100, 42, 22,1
117,2007-02-20 22:54:22,121.503800,31.287600,  0, 22,1
117,2007-02-20 22:55:24,121.503800,31.287600,  0, 22,1
117,2007-02-20 22:56:25,121.506500,31.292800, 32, 22,1
117,2007-02-20 22:57:26,121.507100,31.294100, 38, 22,1
117,2007-02-20 22:58:27,121.509800,31.299800, 32, 22,1
117,2007-02-20 22:59:27,121.513300,31.302500, 54, 45,1
117,2007-02-20 23:00:29,121.522800,31.305300, 64, 45,1
117,2007-02-20 23:01:30,121.527600,31.308000, 48,  0,1
117,2007-02-20 23:02:31,121.527500,31.312000, 46,  0,1
117,2007-02-20 23:03:32,121.527600,31.318500, 54,  0,1
117,2007-02-20 23:04:32,121.527600,31.319800, 16,  0,1
117,2007-02-20 23:05:34,121.527600,31.326500,  6,  0,1
117,2007-02-20 23:06:35,121.530000,31.330300, 54, 45,1
117,2007-02-20 23:08:32,121.536800,31.330000, 22,135,0
117,2007-02-20 23:09:34,121.533300,31.330300, 28,135,0
117,2007-02-20 23:10:35,121.528500,31.330500, 40,135,0
117,2007-02-20 23:11:36,121.522000,31.330500, 30,112,0
117,2007-02-20 23:12:37,121.521500,31.325600,  4, 90,0
117,2007-02-20 23:13:10,121.521500,31.325600, 12, 90,1
117,2007-02-20 23:14:11,121.521500,31.321800, 52, 90,1
117,2007-02-20 23:15:12,121.521300,31.316800, 18, 90,1
117,2007-02-20 23:16:12,121.527500,31.315800, 34, 90,1
117,2007-02-20 23:18:13,121.527500,31.304600, 36, 90,1
117,2007-02-20 23:19:14,121.526800,31.299500, 46,112,1
117,2007-02-20 23:20:15,121.522000,31.294100, 38, 90,1
117,2007-02-20 23:21:16,121.523500,31.290000, 30, 67,1
117,2007-02-20 23:22:17,121.526500,31.285000, 56, 90,1
117,2007-02-20 23:23:17,121.530300,31.278800, 28, 90,1
117,2007-02-20 23:24:19,121.530300,31.278600,  0, 90,1
117,2007-02-20 23:25:20,121.533100,31.274800, 38, 67,1
117,2007-02-20 23:26:21,121.532300,31.272000, 46, 67,1
117,2007-02-20 23:27:22,121.536300,31.268300, 12, 67,1
117,2007-02-20 23:28:22,121.537300,31.266000, 28, 90,1
117,2007-02-20 23:28:44,121.536600,31.265100,  0, 90,0
117,2007-02-20 23:29:45,121.536300,31.264600, 18,112,0
117,2007-02-20 23:30:16,121.535600,31.264100, 14,112,1
117,2007-02-20 23:31:17,121.533100,31.265500,  0,  0,1
117,2007-02-20 23:32:17,121.530800,31.268600, 22,  0,1
117,2007-02-20 23:33:19,121.526100,31.275300, 60,157,1
117,2007-02-20 23:34:20,121.521600,31.279500, 48,157,1
117,2007-02-20 23:35:21,121.518100,31.286800, 40,157,1
117,2007-02-20 23:36:22,121.516100,31.291000,  0,  0,1
117,2007-02-20 23:37:22,121.516100,31.291000,  0,  0,1
117,2007-02-20 23:38:24,121.514000,31.296300, 22, 22,1
117,2007-02-20 23:39:25,121.515500,31.303000,  0,  0,1
117,2007-02-20 23:40:26,121.515000,31.305500, 46,  0,1
117,2007-02-20 23:41:27,121.514800,31.311100, 36,  0,1
117,2007-02-20 23:42:27,121.515100,31.316100, 50, 22,1
117,2007-02-20 23:43:29,121.518600,31.319500,  4, 67,1
117,2007-02-20 23:44:04,121.520300,31.319600, 20, 45,0
117,2007-02-20 23:45:04,121.522100,31.321100,  0, 22,0
117,2007-02-20 23:45:55,121.519300,31.319600, 14,112,1
117,2007-02-20 23:46:56,121.517500,31.318600, 24,112,1
117,2007-02-20 23:47:57,121.514800,31.314000, 38, 90,1
117,2007-02-20 23:48:57,121.514800,31.310300, 46, 90,1
117,2007-02-20 23:49:59,121.514800,31.307000,  0, 90,1
117,2007-02-20 23:50:59,121.513000,31.302800, 48,135,1
117,2007-02-20 23:52:01,121.505100,31.300500, 34,135,1
117,2007-02-20 23:53:02,121.501100,31.299000,  0,135,1
117,2007-02-20 23:54:02,121.498000,31.298100,  0,135,1
117,2007-02-20 23:55:04,121.490600,31.296300, 56,135,1
117,2007-02-20 23:56:05,121.485600,31.295100, 16,157,1
117,2007-02-20 23:57:06,121.483300,31.293300,  0, 90,1
117,2007-02-20 23:58:07,121.479000,31.288100, 38, 90,1
117,2007-02-20 23:59:07,121.478800,31.288100,  0, 90,1
